term,neg,pos,neg_and_pos,latio_pos
bus-deal,1,1,2,0.5
and-over',1,2,3,0.6666666666666666
have-venezuela,1,1,2,0.5
and-scary,1,1,2,0.5
north-tough,1,1,2,0.5
cry-my,6,1,7,0.14285714285714285
i.e.-into,4,2,6,0.3333333333333333
great-i,11,2,13,0.15384615384615385
and-donûªt,5,1,6,0.16666666666666666
can't-it,7,4,11,0.36363636363636365
&amp;-emergency,6,3,9,0.3333333333333333
mass-plan,1,1,2,0.5
disaster-preparedness,1,1,2,0.5
hazard-recall,1,1,2,0.5
one-show,2,1,3,0.3333333333333333
worry-you,1,2,3,0.6666666666666666
sent-the,9,1,10,0.1
hostage-it's,1,2,3,0.6666666666666666
=-is,3,2,5,0.4
@camilacabello97-internally,1,1,2,0.5
today.-what,1,1,2,0.5
#fettilootch-coming,3,1,4,0.25
how-|,1,1,2,0.5
(temporary:300)-not,3,1,4,0.25
also-if,1,1,2,0.5
--philippine,1,2,3,0.6666666666666666
church-the,3,2,5,0.4
a-fart,3,2,5,0.4
on-time.,2,2,4,0.5
enemy-ur,10,2,12,0.16666666666666666
fucking-police,2,1,3,0.3333333333333333
for-one,23,7,30,0.23333333333333334
nigerian-wowo--===,1,1,2,0.5
to-were,15,26,41,0.6341463414634146
building-not,7,7,14,0.5
pathogen-to,2,2,4,0.5
help-we,3,3,6,0.5
engulfed-it,4,3,7,0.42857142857142855
of-work,7,4,11,0.36363636363636365
rioting-twitter,1,1,2,0.5
holding-to,1,1,2,0.5
fuck-on,6,1,7,0.14285714285714285
electrocuted-time,1,1,2,0.5
ebay-jedi,1,1,2,0.5
they-this,11,3,14,0.21428571428571427
torch-wire,1,1,2,0.5
believe-the,16,4,20,0.2
animal-wa,2,1,3,0.3333333333333333
2015:-ash,2,2,4,0.5
it-thinking,3,1,4,0.25
other-them,1,1,2,0.5
2015:-australia,3,3,6,0.5
collapsed-gateau,1,1,2,0.5
i-omg,9,2,11,0.18181818181818182
i-light,3,1,4,0.25
it-use,5,2,7,0.2857142857142857
seen-to,2,2,4,0.5
&amp;-let,3,1,4,0.25
:p-my,1,1,2,0.5
like-seeing,1,1,2,0.5
to-worth,1,1,2,0.5
for-library:,2,2,4,0.5
deluged-to,22,2,24,0.08333333333333333
modified-rescue,1,10,11,0.9090909090909091
and-played,4,1,5,0.2
md-silver,1,4,5,0.8
etc.-refugees;,1,4,5,0.8
danger-oppression,3,1,4,0.25
i-rubble,2,3,5,0.6
california:-e,1,1,2,0.5
having-run,1,1,2,0.5
bad-wa,9,1,10,0.1
destroyed-totaling,8,1,9,0.1111111111111111
no-weapons.,1,1,2,0.5
of-used,8,3,11,0.2727272727272727
call-gonna,1,1,2,0.5
person-terrorism!,1,1,2,0.5
feeling-realise,4,3,7,0.42857142857142855
blizzard-it,2,3,5,0.6
room-so,1,1,2,0.5
#reflect-in,2,1,3,0.3333333333333333
breaking-wind,13,3,16,0.1875
300w-flood,6,1,7,0.14285714285714285
and-remains,1,1,2,0.5
for-https://t.co/rqwuoy1fm4,1,3,4,0.75
is-keep,4,2,6,0.3333333333333333
chance-this,1,2,3,0.6666666666666666
demolished-in,5,3,8,0.375
a-responder,2,2,4,0.5
quite-we,1,1,2,0.5
#foodscare-slip,1,2,3,0.6666666666666666
#world-olap,1,2,3,0.6666666666666666
had-into,1,1,2,0.5
hill-in,1,1,2,0.5
like-see,4,1,5,0.2
+-it,4,1,5,0.2
8-now,1,1,2,0.5
he-mass,2,2,4,0.5
last-to,12,5,17,0.29411764705882354
a-before,12,6,18,0.3333333333333333
burning-their,1,2,3,0.6666666666666666
always-and,8,2,10,0.2
300w-light,6,1,7,0.14285714285714285
#amageddon-#reddit,1,1,2,0.5
fire-sign,1,1,2,0.5
iran-is,3,1,4,0.25
kinda-to,4,1,5,0.2
a-work,12,7,19,0.3684210526315789
ink-worth,2,1,3,0.3333333333333333
cliff.-they,1,1,2,0.5
buffer-reinstate,1,1,2,0.5
into-photo,1,1,2,0.5
icymi-twitter,1,1,2,0.5
wonder-you,1,1,2,0.5
is-light,2,1,3,0.3333333333333333
low-take,9,2,11,0.18181818181818182
her-mom,3,2,5,0.4
i'm-so,29,4,33,0.12121212121212122
from-later,1,1,2,0.5
by-year,3,7,10,0.7
dead-ross,2,1,3,0.3333333333333333
become-necessary,1,1,2,0.5
i-player,2,1,3,0.3333333333333333
he-turned,6,2,8,0.25
for-wom...,2,1,3,0.3333333333333333
dog-her,1,1,2,0.5
and-on,119,59,178,0.33146067415730335
for-just,29,8,37,0.21621621621621623
#hot-new,4,1,5,0.2
#directioners-one,7,1,8,0.125
derailed-i,2,1,3,0.3333333333333333
after-my,13,6,19,0.3157894736842105
me-war,1,1,2,0.5
a-inferno,1,1,2,0.5
those-u,1,1,2,0.5
policy-subreddits,15,2,17,0.11764705882352941
life-lord,5,1,6,0.16666666666666666
#foodscare-after,1,2,3,0.6666666666666666
and-everyone,18,6,24,0.25
based-is,1,1,2,0.5
hold-to,6,2,8,0.25
created-the,4,1,5,0.2
a-which,12,19,31,0.6129032258064516
if-your,25,11,36,0.3055555555555556
became-the,1,4,5,0.8
can-people,2,2,4,0.5
due-i,2,4,6,0.6666666666666666
from-our,7,4,11,0.36363636363636365
gun-police,1,2,3,0.6666666666666666
dies..is-ty,1,1,2,0.5
(peace-said,4,2,6,0.3333333333333333
and-see,17,7,24,0.2916666666666667
former-poll:,2,1,3,0.3333333333333333
????-gonna,1,1,2,0.5
that-time,16,4,20,0.2
is-went,3,1,4,0.25
destiny-is,5,1,6,0.16666666666666666
an-top,1,2,3,0.6666666666666666
arson-scheme,4,1,5,0.2
don't-even,4,1,5,0.2
front-on,2,5,7,0.7142857142857143
a-soldier,1,4,5,0.8
over-post,2,2,4,0.5
ha-now,8,5,13,0.38461538461538464
don't-people,1,2,3,0.6666666666666666
in-practice,2,1,3,0.3333333333333333
&amp;-watch,1,1,2,0.5
burning-music,1,1,2,0.5
because-ha,2,3,5,0.6
me-sun.,1,1,2,0.5
it's-will,9,4,13,0.3076923076923077
#islam-war,4,2,6,0.3333333333333333
is-screamed,4,1,5,0.2
so-them,7,2,9,0.2222222222222222
on-watch,3,7,10,0.7
??-purse,2,1,3,0.3333333333333333
i-made,13,4,17,0.23529411764705882
i-world,12,1,13,0.07692307692307693
in-wildfire,1,3,4,0.75
1970-jet,1,1,2,0.5
insurer-via,1,2,3,0.6666666666666666
been-two,2,6,8,0.75
centre-fan,1,4,5,0.8
happened-we,1,2,3,0.6666666666666666
and-still,28,13,41,0.3170731707317073
change-there,1,1,2,0.5
in-you're,16,2,18,0.1111111111111111
deluge-or,1,1,2,0.5
hurricane-like,3,2,5,0.4
got-my,15,4,19,0.21052631578947367
box-take,1,1,2,0.5
jack-poor,1,1,2,0.5
an-plan,2,3,5,0.6
enemy-w/heavenly,5,1,6,0.16666666666666666
out-some,4,4,8,0.5
ha-my,19,4,23,0.17391304347826086
evacuation-happening,1,1,2,0.5
fix-in,2,1,3,0.3333333333333333
a-hurricane,3,8,11,0.7272727272727273
&amp;-enemy,5,1,6,0.16666666666666666
#farrakhan-who,4,2,6,0.3333333333333333
destroy-get,3,2,5,0.4
my-two,3,1,4,0.25
chile:-movie,7,5,12,0.4166666666666667
a-saw,8,4,12,0.3333333333333333
and-collide.,2,1,3,0.3333333333333333
head-over,2,1,3,0.3333333333333333
without-woman,8,4,12,0.3333333333333333
not-out,7,1,8,0.125
#globalwarming!!-be,1,1,2,0.5
need-when,4,2,6,0.3333333333333333
but-question,1,2,3,0.6666666666666666
firefighter-police,2,1,3,0.3333333333333333
ever-like,2,1,3,0.3333333333333333
about-could,1,1,2,0.5
create-i,3,2,5,0.4
lead-mention,3,1,4,0.25
i'm-sad,2,1,3,0.3333333333333333
ambulance-is,2,1,3,0.3333333333333333
party-sex,1,1,2,0.5
in-sick,2,1,3,0.3333333333333333
i-short,3,2,5,0.4
keep-me,3,1,4,0.25
on-s,3,6,9,0.6666666666666666
between-is,2,4,6,0.6666666666666666
seismic-to,4,4,8,0.5
history:-trent,1,1,2,0.5
don't-most,2,1,3,0.3333333333333333
are-injury,3,1,4,0.25
before-game,1,1,2,0.5
'first'-pregnant,1,1,2,0.5
cost-have,1,1,2,0.5
in-plant,1,2,3,0.6666666666666666
helping-in,2,3,5,0.6
a-reward,1,2,3,0.6666666666666666
she-what,1,3,4,0.75
effort-to,2,5,7,0.7142857142857143
1970-moulding,1,1,2,0.5
have-i,120,28,148,0.1891891891891892
a-rising,1,3,4,0.75
can't-out,2,1,3,0.3333333333333333
#photo-oak,1,1,2,0.5
do-nothing,2,3,5,0.6
fire-they,4,4,8,0.5
in-only,14,11,25,0.44
all-help,1,1,2,0.5
&amp;-family,2,3,5,0.6
getting-i,6,9,15,0.6
and-someone,12,1,13,0.07692307692307693
ha-what,6,5,11,0.45454545454545453
ha-those,1,3,4,0.75
blight-with,2,1,3,0.3333333333333333
girl-other,1,1,2,0.5
just-man,5,2,7,0.2857142857142857
how-i,54,6,60,0.1
about-is,29,15,44,0.3409090909090909
after-for,9,25,34,0.7352941176470589
coming-sister,1,1,2,0.5
blazing-her,1,1,2,0.5
man-the,21,10,31,0.3225806451612903
even-not,7,5,12,0.4166666666666667
building-fire,2,23,25,0.92
specimen-to,2,1,3,0.3333333333333333
for-when,20,8,28,0.2857142857142857
content-into,15,2,17,0.11764705882352941
and-fell,2,1,3,0.3333333333333333
being-no,4,1,5,0.2
it's-them,1,1,2,0.5
boeing-the,1,3,4,0.75
is-mode,1,1,2,0.5
money-need,1,2,3,0.6666666666666666
ha-it's,4,2,6,0.3333333333333333
have-wa,11,10,21,0.47619047619047616
so-today.,3,1,4,0.25
building-he,1,2,3,0.6666666666666666
of-right,13,10,23,0.43478260869565216
#tech-in,1,1,2,0.5
me-out.,1,1,2,0.5
at-win,1,1,2,0.5
get-saying,1,1,2,0.5
did-survive,1,1,2,0.5
a-loose,7,2,9,0.2222222222222222
declares-for,1,44,45,0.9777777777777777
encouragement-of,1,1,2,0.5
all-few,1,1,2,0.5
a-pandemonium,10,5,15,0.3333333333333333
at-collided,1,5,6,0.8333333333333334
in-well,4,2,6,0.3333333333333333
girl-the,15,6,21,0.2857142857142857
do-xp',3,1,4,0.25
i'm-train,2,2,4,0.5
could-right,1,1,2,0.5
have-then,4,4,8,0.5
all-fire,5,10,15,0.6666666666666666
on-warship,1,2,3,0.6666666666666666
all-but,12,6,18,0.3333333333333333
2-year,1,1,2,0.5
air-is,1,1,2,0.5
burning-where,1,2,3,0.6666666666666666
an-should,5,1,6,0.16666666666666666
2015-a,2,3,5,0.6
lot-they,3,1,4,0.25
--m,2,13,15,0.8666666666666667
bomb-u,1,3,4,0.75
i'd-just,3,1,4,0.25
get-one,8,2,10,0.2
going-this,8,4,12,0.3333333333333333
hot-so,1,2,3,0.6666666666666666
demolition-for,1,2,3,0.6666666666666666
go-home,3,2,5,0.4
train-with,3,5,8,0.625
association-windstorm,1,1,2,0.5
listen-live:,1,1,2,0.5
the-via,38,51,89,0.5730337078651685
any-attack,5,1,6,0.16666666666666666
ahh-i,1,1,2,0.5
more-which,1,1,2,0.5
4km-time2015-08-06,1,1,2,0.5
charged-in,3,9,12,0.75
are-team,1,1,2,0.5
on-to,111,88,199,0.44221105527638194
doesn't-lab,1,2,3,0.6666666666666666
freaking-is,1,1,2,0.5
australiaûªs-for,1,1,2,0.5
mass-not,2,5,7,0.7142857142857143
by-there,3,2,5,0.4
episode-liked,1,1,2,0.5
hope-up,1,1,2,0.5
army-ha,1,3,4,0.75
i'm-this,12,6,18,0.3333333333333333
is-root,1,1,2,0.5
natural-survival,1,2,3,0.6666666666666666
fight-the,10,5,15,0.3333333333333333
civil-who,1,2,3,0.6666666666666666
an-want,1,1,2,0.5
suicide-vest,2,1,3,0.3333333333333333
amid-in,2,2,4,0.5
hard-we,1,1,2,0.5
now-over,2,1,3,0.3333333333333333
the-watching,11,5,16,0.3125
#art-in,1,2,3,0.6666666666666666
link-with,1,1,2,0.5
because-new,1,1,2,0.5
minute-pace,1,1,2,0.5
few-with,1,1,2,0.5
here-where,1,2,3,0.6666666666666666
from-had,2,1,3,0.3333333333333333
thank-to,4,2,6,0.3333333333333333
bc-my,2,2,4,0.5
flame-in,6,30,36,0.8333333333333334
by-than,5,29,34,0.8529411764705882
spirit-top,1,1,2,0.5
another-collided,1,1,2,0.5
--map,9,1,10,0.1
climate-in,2,5,7,0.7142857142857143
destruction-how,1,1,2,0.5
#phoenix-of,1,2,3,0.6666666666666666
let-like,3,2,5,0.4
'protest'-down,1,2,3,0.6666666666666666
there's-to,7,4,11,0.36363636363636365
myself-so,3,2,5,0.4
idea-no,4,2,6,0.3333333333333333
i-video,57,10,67,0.14925373134328357
and-hand,4,2,6,0.3333333333333333
to-with...,1,1,2,0.5
post-update:,1,2,3,0.6666666666666666
do-letûªs,3,1,4,0.25
been-ever,5,1,6,0.16666666666666666
build-of,1,3,4,0.75
patience-pdp,2,5,7,0.7142857142857143
excuse-the,2,2,4,0.5
another-his,1,1,2,0.5
at-find,1,2,3,0.6666666666666666
also-tsunami,1,1,2,0.5
a-lake,5,2,7,0.2857142857142857
city-the,9,28,37,0.7567567567567568
mean-when,3,1,4,0.25
but-police,1,4,5,0.8
explosion-of,1,2,3,0.6666666666666666
every-ha,5,3,8,0.375
hailstorm-to,1,1,2,0.5
fan-trafford,1,4,5,0.8
beat-just,1,2,3,0.6666666666666666
and-desire,8,2,10,0.2
#photography-#southdowns,1,1,2,0.5
#handbag-leather,5,1,6,0.16666666666666666
a...-like,1,2,3,0.6666666666666666
oil-than,1,28,29,0.9655172413793104
false-following,1,4,5,0.8
hit-it,3,9,12,0.75
look-scream,2,2,4,0.5
dutch-of,1,1,2,0.5
me-tear,3,1,4,0.25
into-madinah.,4,2,6,0.3333333333333333
green-on,1,2,3,0.6666666666666666
banned-go,15,2,17,0.11764705882352941
4-who,1,2,3,0.6666666666666666
#handbag-faux,5,1,6,0.16666666666666666
such-survived,1,1,2,0.5
lightning-reshapes,2,3,5,0.6
of-running,2,2,4,0.5
just-storm,3,2,5,0.4
#aoms-stranded,1,2,3,0.6666666666666666
he-murderer,1,1,2,0.5
day-fact,1,1,2,0.5
i-tear,2,1,3,0.3333333333333333
of-we,33,24,57,0.42105263157894735
take-that,4,4,8,0.5
be-song,1,1,2,0.5
know-then,2,1,3,0.3333333333333333
that-told,3,2,5,0.4
#hot-banned,4,1,5,0.2
in-smoky,1,2,3,0.6666666666666666
#lgbt-chicago-area,4,1,5,0.2
in-tomorrow,2,2,4,0.5
do-or,7,3,10,0.3
the-worse,7,1,8,0.125
from-new,11,11,22,0.5
season-the,7,2,9,0.2222222222222222
&amp;-couple,1,1,2,0.5
fireman-out,1,1,2,0.5
killed-you,1,1,2,0.5
bush-is,1,1,2,0.5
here-our,1,1,2,0.5
in-world.,2,3,5,0.6
home-learn,5,2,7,0.2857142857142857
injured-would,1,1,2,0.5
got-you,25,2,27,0.07407407407407407
deep-to,3,1,4,0.25
a-https://t.co/rqwuoy1fm4,1,3,4,0.75
a-barn,2,1,3,0.3333333333333333
esp.-to,1,1,2,0.5
a-mess,3,1,4,0.25
himself-in,1,1,2,0.5
and-i'm,56,19,75,0.25333333333333335
#9-wound,2,2,4,0.5
after-hour,2,2,4,0.5
flood-they,1,1,2,0.5
to-watch.,3,1,4,0.25
child-poor,1,1,2,0.5
300w-cree,6,1,7,0.14285714285714285
market-rubble?,5,6,11,0.5454545454545454
of-survive,5,2,7,0.2857142857142857
hell-no,3,1,4,0.25
may-update:,1,2,3,0.6666666666666666
'first'-her,1,2,3,0.6666666666666666
behind-going,1,2,3,0.6666666666666666
air-the,8,2,10,0.2
=-no,1,1,2,0.5
drug-tested,1,1,2,0.5
building-than,1,2,3,0.6666666666666666
finnish-nuclear,4,1,5,0.2
hereûªs-mohammed,1,1,2,0.5
have-military,1,2,3,0.6666666666666666
because-no,4,3,7,0.42857142857142855
changed-ha,1,1,2,0.5
is-shit,4,1,5,0.2
#farrakhan-#quote,2,1,3,0.3333333333333333
just-window,1,1,2,0.5
disruptive-the,2,1,3,0.3333333333333333
but-she,7,4,11,0.36363636363636365
long-the,18,6,24,0.25
india-the,1,1,2,0.5
and-enough,5,1,6,0.16666666666666666
just-out,21,3,24,0.125
bleeding-my,13,1,14,0.07142857142857142
face-the,16,6,22,0.2727272727272727
china-the,8,2,10,0.2
flames.-in,1,1,2,0.5
and-criminal,1,5,6,0.8333333333333334
an-show,2,1,3,0.3333333333333333
--moment,3,1,4,0.25
a-swept,1,1,2,0.5
#ibooklove-in,1,2,3,0.6666666666666666
department-nuclear,1,1,2,0.5
we-with,11,2,13,0.15384615384615385
man-say,1,1,2,0.5
couple-coyote,1,1,2,0.5
#quote-floods.,2,1,3,0.3333333333333333
#hellfire-up,2,1,3,0.3333333333333333
for-sure.,1,1,2,0.5
coming-when,1,1,2,0.5
to-~,2,2,4,0.5
harm-with,2,2,4,0.5
are-take,11,3,14,0.21428571428571427
ha-some,4,1,5,0.2
cancer-from,1,1,2,0.5
russia-two,1,2,3,0.6666666666666666
black-of,12,5,17,0.29411764705882354
is-real,5,4,9,0.4444444444444444
1980-in,4,24,28,0.8571428571428571
air-began,1,2,3,0.6666666666666666
last-like,3,2,5,0.4
help-this,2,1,3,0.3333333333333333
&amp;-rob,1,1,2,0.5
joe-war,1,1,2,0.5
attack-weapon,1,3,4,0.75
4-ppl,2,1,3,0.3333333333333333
natural-or,4,2,6,0.3333333333333333
ha-up,7,1,8,0.125
need-they,5,1,6,0.16666666666666666
dress-officially,2,1,3,0.3333333333333333
attacked-just,2,1,3,0.3333333333333333
and-into,37,18,55,0.32727272727272727
are-river,1,1,2,0.5
leisure-mountaineering,2,1,3,0.3333333333333333
by-look,2,2,4,0.5
it.-you.,1,1,2,0.5
bundled-worst,1,1,2,0.5
vote-want,1,1,2,0.5
a-preparedness,1,2,3,0.6666666666666666
2-second,1,1,2,0.5
go-we,3,2,5,0.4
are-shape,6,1,7,0.14285714285714285
on-own,2,2,4,0.5
totaling-with,8,1,9,0.1111111111111111
done-his,1,1,2,0.5
faan-of,1,7,8,0.875
from-upset,1,1,2,0.5
died-of,3,14,17,0.8235294117647058
more-save,1,1,2,0.5
high-reading,1,1,2,0.5
already-is,7,1,8,0.125
it's-of,32,17,49,0.3469387755102041
just-siren,3,4,7,0.5714285714285714
reû_-whistle,1,1,2,0.5
(twia)-twia,1,1,2,0.5
at-st,1,7,8,0.875
describes-last,2,1,3,0.3333333333333333
but-getting,3,1,4,0.25
by-collins,1,1,2,0.5
before-like,3,1,4,0.25
have-level,2,1,3,0.3333333333333333
city-fatality,1,2,3,0.6666666666666666
how-whole,1,1,2,0.5
how-should,2,2,4,0.5
????????-in,4,1,5,0.2
bioterror-potential,2,5,7,0.7142857142857143
but-your,15,2,17,0.11764705882352941
avalanche-v,3,2,5,0.4
a-also,12,2,14,0.14285714285714285
boat-the,1,10,11,0.9090909090909091
stay-tuned,1,4,5,0.8
--between,1,1,2,0.5
evacuate-that,1,1,2,0.5
adding-to,1,1,2,0.5
of-wreck,4,3,7,0.42857142857142855
caught-in,6,9,15,0.6
petition!take-sign,1,1,2,0.5
had-went,2,2,4,0.5
or-whole,1,1,2,0.5
make-out,9,2,11,0.18181818181818182
man-up,2,2,4,0.5
??????-but,3,1,4,0.25
...-her,2,2,4,0.5
collided-i,1,3,4,0.75
#rickperry-for,1,2,3,0.6666666666666666
but-thinking,1,1,2,0.5
damn-no,1,1,2,0.5
a-sign,5,7,12,0.5833333333333334
next-this,3,3,6,0.5
of-pro,1,1,2,0.5
@youtube-feat.,1,1,2,0.5
hand-it,1,2,3,0.6666666666666666
structure-to,4,2,6,0.3333333333333333
me-she's,1,1,2,0.5
supposed-the,3,4,7,0.5714285714285714
and-move,2,3,5,0.6
one-people,3,5,8,0.625
off-they,4,3,7,0.42857142857142855
hair-my,9,1,10,0.1
it.-to,16,1,17,0.058823529411764705
don't-really,3,2,5,0.4
chicago-i,2,3,5,0.6
in-orange,1,1,2,0.5
the-video,19,15,34,0.4411764705882353
bad-mill,1,1,2,0.5
bomb-time,3,1,4,0.25
interlaken-m,1,1,2,0.5
life-who,1,2,3,0.6666666666666666
inferno-like,1,1,2,0.5
appears-in,16,3,19,0.15789473684210525
had-when,7,2,9,0.2222222222222222
a-poor,2,5,7,0.7142857142857143
derailed-that,2,7,9,0.7777777777777778
famine-the,3,10,13,0.7692307692307693
at-center,1,4,5,0.8
horrible-on,8,6,14,0.42857142857142855
...-trent,1,1,2,0.5
our-terrorist,1,2,3,0.6666666666666666
ave-exit,1,4,5,0.8
accident-in,6,35,41,0.8536585365853658
caused-with,1,1,2,0.5
fan-pick,17,1,18,0.05555555555555555
human-v,1,1,2,0.5
engulfed-peace,4,2,6,0.3333333333333333
once-the,14,2,16,0.125
ago-of,1,6,7,0.8571428571428571
are-inside,1,1,2,0.5
before-wa,2,3,5,0.6
me-woman,1,2,3,0.6666666666666666
be-scared,1,2,3,0.6666666666666666
everyone-just,5,2,7,0.2857142857142857
derailed-get,2,1,3,0.3333333333333333
of-two,10,15,25,0.6
a-waste,1,3,4,0.75
coming-from,4,4,8,0.5
economic-the,2,2,4,0.5
hotel-in,1,1,2,0.5
#gbbo-a,6,4,10,0.4
it-won,1,2,3,0.6666666666666666
a-smoking,1,3,4,0.75
#news-#til_now,1,2,3,0.6666666666666666
for-time,19,10,29,0.3448275862068966
1st-in,1,1,2,0.5
some-were,2,1,3,0.3333333333333333
mountain-of,1,5,6,0.8333333333333334
glad-you,4,2,6,0.3333333333333333
get-this,14,29,43,0.6744186046511628
cause-home,1,1,2,0.5
at-up,6,9,15,0.6
him-hit,1,2,3,0.6666666666666666
burn-on,1,3,4,0.75
a-real,12,4,16,0.25
injury-only,1,1,2,0.5
look-you,10,6,16,0.375
credit-or,1,1,2,0.5
deal-get,1,1,2,0.5
but-little,4,1,5,0.2
australiaûªs-collapse,1,1,2,0.5
of-park,6,3,9,0.3333333333333333
all-run,1,1,2,0.5
a-sparked,1,2,3,0.6666666666666666
kick-the,2,1,3,0.3333333333333333
plan-year,2,1,3,0.3333333333333333
electronic-water-resistant,2,1,3,0.3333333333333333
best-this,5,1,6,0.16666666666666666
#bioterror-make,1,2,3,0.6666666666666666
iran-will,1,2,3,0.6666666666666666
did-the,35,17,52,0.3269230769230769
damage.-have,1,1,2,0.5
&lt;3-of,4,1,5,0.2
#prophetmuhammad-i.e.,4,2,6,0.3333333333333333
bigamist-of,2,1,3,0.3333333333333333
my-what,21,5,26,0.19230769230769232
wave-you,3,2,5,0.4
a-spot,8,2,10,0.2
drum-wa,1,1,2,0.5
drowned-time,2,1,3,0.3333333333333333
description-the,4,2,6,0.3333333333333333
next-say,2,1,3,0.3333333333333333
4-u,3,1,4,0.25
five-in,3,3,6,0.5
animal!-heartless,2,1,3,0.3333333333333333
called-that,1,3,4,0.75
a-started,2,4,6,0.6666666666666666
5-a,10,2,12,0.16666666666666666
with-word,1,2,3,0.6666666666666666
a-annihilated,11,1,12,0.08333333333333333
can-level,1,1,2,0.5
arrested-camp,1,2,3,0.6666666666666666
xd-you,6,1,7,0.14285714285714285
????-is,8,4,12,0.3333333333333333
1980-stadium,1,8,9,0.8888888888888888
did-we,1,2,3,0.6666666666666666
party-the,5,1,6,0.16666666666666666
get-value,1,1,2,0.5
i-where,9,10,19,0.5263157894736842
about-at,1,3,4,0.75
damage-shit,1,1,2,0.5
actually-are,1,1,2,0.5
game-rioting,1,1,2,0.5
tomorrow-up,1,1,2,0.5
fuck-so,3,1,4,0.25
2-been,3,2,5,0.4
elizabeth-police,1,1,2,0.5
canûªt-of,3,1,4,0.25
angry-relief,4,2,6,0.3333333333333333
socialism-the,2,1,3,0.3333333333333333
cross-faux,12,1,13,0.07692307692307693
owner-scheme,4,1,5,0.2
christian-in,1,1,2,0.5
5-city,2,1,3,0.3333333333333333
fog-work,6,1,7,0.14285714285714285
from-is,31,49,80,0.6125
her-murder?,1,1,2,0.5
i've-in,10,2,12,0.16666666666666666
drinking-the,2,6,8,0.75
look-with,4,4,8,0.5
another-the,15,19,34,0.5588235294117647
have-yet.,1,1,2,0.5
--many,2,1,3,0.3333333333333333
but-our,1,1,2,0.5
die-is,5,1,6,0.16666666666666666
for-hot,2,2,4,0.5
back-new,1,1,2,0.5
boat-car,3,1,4,0.25
house-story,2,1,3,0.3333333333333333
is-islamic,1,5,6,0.8333333333333334
he-it,27,3,30,0.1
it-put,6,3,9,0.3333333333333333
done.-the,2,1,3,0.3333333333333333
because-from,1,1,2,0.5
5c-6,1,1,2,0.5
giving-said,4,2,6,0.3333333333333333
crashed-i,7,1,8,0.125
and-may,9,7,16,0.4375
after-be,3,2,5,0.4
charging-my,5,1,6,0.16666666666666666
#islam!-that,1,1,2,0.5
chile:-miner,7,5,12,0.4166666666666667
truck-used,1,4,5,0.8
i-real,4,1,5,0.2
at-time2015-08-06,1,4,5,0.8
&amp;-'the,1,1,2,0.5
at-today,5,3,8,0.375
more-past,1,1,2,0.5
by-patience,2,2,4,0.5
in-tv,1,1,2,0.5
a-business,4,4,8,0.5
first-is,9,8,17,0.47058823529411764
dress-have,2,3,5,0.6
--year,1,3,4,0.75
die!please-sign,1,1,2,0.5
for-rule,6,4,10,0.4
medium-social,1,1,2,0.5
think-wa,3,1,4,0.25
kill-only,4,1,5,0.2
from-inside,2,3,5,0.6
most-weapon,1,1,2,0.5
dat-i,1,2,3,0.6666666666666666
a-average,2,1,3,0.3333333333333333
on-trauma,6,1,7,0.14285714285714285
8-her,4,2,6,0.3333333333333333
a-army,3,7,10,0.7
--getting,2,1,3,0.3333333333333333
by-surrounded,4,1,5,0.2
another-in,9,7,16,0.4375
or-too,2,1,3,0.3333333333333333
happened-to,6,5,11,0.45454545454545453
#humanconsumption-unsafe,1,2,3,0.6666666666666666
man-that,6,3,9,0.3333333333333333
i'm-there,6,2,8,0.25
bed-it,1,1,2,0.5
from-that,21,12,33,0.36363636363636365
a-car,20,34,54,0.6296296296296297
in-where,8,3,11,0.2727272727272727
dog-homeless,2,1,3,0.3333333333333333
by-cause,1,1,2,0.5
but-inferno,1,1,2,0.5
our-responder,1,2,3,0.6666666666666666
look-your,2,5,7,0.7142857142857143
jonathan-lady,2,3,5,0.6
is-soul,3,1,4,0.25
by-everyone,2,1,3,0.3333333333333333
don't-should,1,1,2,0.5
'first'-death,1,1,2,0.5
anyone-scene,1,1,2,0.5
at-wind,1,5,6,0.8333333333333334
it-say,9,8,17,0.47058823529411764
river-to,4,2,6,0.3333333333333333
at-block,1,1,2,0.5
lose-you,3,1,4,0.25
collins-lawton,1,1,2,0.5
obliterate-that,1,2,3,0.6666666666666666
toddler-with,2,1,3,0.3333333333333333
family-no,2,5,7,0.7142857142857143
think-would,5,4,9,0.4444444444444444
to-wounded,6,2,8,0.25
being-where,1,2,3,0.6666666666666666
bag-http://t.co/zujwuiomb3,3,1,4,0.25
#ibooklove-stranded,1,2,3,0.6666666666666666
destroyed-involving,8,1,9,0.1111111111111111
mom-this,1,1,2,0.5
iûªm-that,1,2,3,0.6666666666666666
phoenix-try,1,2,3,0.6666666666666666
after-go,2,1,3,0.3333333333333333
18w-led,3,1,4,0.25
fedex-transport,8,12,20,0.6
16-and,2,4,6,0.6666666666666666
but-ur,2,1,3,0.3333333333333333
and-bloody,6,4,10,0.4
collapse.-said,1,1,2,0.5
building-or,1,2,3,0.6666666666666666
i-ur,10,2,12,0.16666666666666666
catastrophic-in,1,6,7,0.8571428571428571
of-se,1,2,3,0.6666666666666666
is-total,2,1,3,0.3333333333333333
a-freak,3,1,4,0.25
friend-i,13,2,15,0.13333333333333333
because-in,9,3,12,0.25
are-ûó,1,1,2,0.5
bath-to,1,1,2,0.5
electrocuted-it,2,1,3,0.3333333333333333
ha-much,2,3,5,0.6
crystal-rock,1,1,2,0.5
by-can't,2,1,3,0.3333333333333333
over-when,2,1,3,0.3333333333333333
rightways:-structural,1,1,2,0.5
near-rt,1,2,3,0.6666666666666666
playlist-to,11,2,13,0.15384615384615385
be-i'll,9,3,12,0.25
manager-service,1,1,2,0.5
quiz:-why,5,1,6,0.16666666666666666
a-month,3,5,8,0.625
ago-wa,3,2,5,0.4
can't-people,1,2,3,0.6666666666666666
a-behalf,1,1,2,0.5
an-movie,2,1,3,0.3333333333333333
coming-they,3,1,4,0.25
click-we're,1,1,2,0.5
a-see,40,8,48,0.16666666666666666
meek-to,5,1,6,0.16666666666666666
a-stupid.,1,1,2,0.5
and-do,42,9,51,0.17647058823529413
face-get,2,1,3,0.3333333333333333
at-work,8,4,12,0.3333333333333333
??-electrocuted,5,1,6,0.16666666666666666
ha-two,1,1,2,0.5
still-yet,2,1,3,0.3333333333333333
to-ya,2,1,3,0.3333333333333333
#islam!-about,1,1,2,0.5
injury-to,19,4,23,0.17391304347826086
and-week.,1,1,2,0.5
????-no,6,1,7,0.14285714285714285
horrible-sinking,4,3,7,0.42857142857142855
house-this,3,3,6,0.5
do-them,1,2,3,0.6666666666666666
??????-first,1,1,2,0.5
said-upon,4,2,6,0.3333333333333333
and-release,4,1,5,0.2
#wealth-up,2,1,3,0.3333333333333333
how-it,17,9,26,0.34615384615384615
home-realise,4,3,7,0.42857142857142855
in-small,4,3,7,0.42857142857142855
a-our,17,10,27,0.37037037037037035
--detonate,3,3,6,0.5
used-your,2,2,4,0.5
live-lol,1,1,2,0.5
5%-of,1,1,2,0.5
she-to,12,1,13,0.07692307692307693
almost-that,3,1,4,0.25
1-with,1,2,3,0.6666666666666666
2-school,1,6,7,0.8571428571428571
(peace-from,4,2,6,0.3333333333333333
by-displaced,1,3,4,0.75
next-you,3,3,6,0.5
show-watching,1,1,2,0.5
many-while,1,2,3,0.6666666666666666
fucking-your,2,1,3,0.3333333333333333
the-we're,5,3,8,0.375
#hellfire-#wealth,2,1,3,0.3333333333333333
one-watch,2,1,3,0.3333333333333333
of-shanghai,1,1,2,0.5
collided-on,4,4,8,0.5
action-music,1,1,2,0.5
exclusive:-in,1,2,3,0.6666666666666666
doe-i,7,2,9,0.2222222222222222
ha-hour,2,1,3,0.3333333333333333
building....-oooh,1,1,2,0.5
opposition-to,1,1,2,0.5
destroy-will,4,2,6,0.3333333333333333
can't-it's,5,1,6,0.16666666666666666
spring-with,1,4,5,0.8
mass-take,2,2,4,0.5
business-rise,8,1,9,0.1111111111111111
lie-the,4,2,6,0.3333333333333333
country-ha,1,1,2,0.5
a-southern,1,4,5,0.8
all-siren,2,1,3,0.3333333333333333
first-got,5,1,6,0.16666666666666666
any-not,7,1,8,0.125
godslove-tsunami,2,1,3,0.3333333333333333
his-injured,1,1,2,0.5
--or,5,2,7,0.2857142857142857
@bradleybrad47-and,2,1,3,0.3333333333333333
don't-up,6,3,9,0.3333333333333333
300-burned,1,1,2,0.5
u-will,4,3,7,0.42857142857142855
by-statement,1,4,5,0.8
sense-the,10,6,16,0.375
having-with,3,1,4,0.25
in-special,2,1,3,0.3333333333333333
dead-that,4,2,6,0.3333333333333333
literally-only,3,1,4,0.25
stay-the,12,8,20,0.4
every-life,3,1,4,0.25
another-come,1,1,2,0.5
army-of,6,24,30,0.8
fly-is,1,1,2,0.5
ground-to,5,4,9,0.4444444444444444
in-king,2,1,3,0.3333333333333333
in-tension,3,7,10,0.7
2015:-worst,1,1,2,0.5
bioterror-in,5,12,17,0.7058823529411765
hereûªs-naved,1,1,2,0.5
had-life,1,1,2,0.5
by-upheaval,2,1,3,0.3333333333333333
some-the,33,17,50,0.34
away-this,3,1,4,0.25
broken-hurricane,1,1,2,0.5
i-want,45,8,53,0.1509433962264151
been-unavoidable,2,1,3,0.3333333333333333
'first'-of,1,1,2,0.5
apollo-by,3,1,4,0.25
better-done,1,1,2,0.5
car-led,3,1,4,0.25
2-last,3,1,4,0.25
food-when,2,2,4,0.5
is-sad.,1,1,2,0.5
in-mishap,5,14,19,0.7368421052631579
last-part,1,1,2,0.5
catastrophe.-for,2,2,4,0.5
#rickperry-the,1,2,3,0.6666666666666666
(temporary:300)-reason,3,1,4,0.25
consequence-of,2,2,4,0.5
he-of,37,14,51,0.27450980392156865
a-kid,14,4,18,0.2222222222222222
are-two,2,4,6,0.6666666666666666
lot-not,4,1,5,0.2
9-for,2,1,3,0.3333333333333333
time-u,3,1,4,0.25
chinaûªs-stock,10,1,11,0.09090909090909091
consequence-everywhere,2,1,3,0.3333333333333333
power-red,3,2,5,0.4
@michael5sos-this,1,2,3,0.6666666666666666
in-opposite,2,2,4,0.5
at-british,1,1,2,0.5
and-twister,11,2,13,0.15384615384615385
i-so,137,27,164,0.16463414634146342
only-up,1,1,2,0.5
u-where,1,1,2,0.5
mountain-top,1,1,2,0.5
the-you,319,73,392,0.18622448979591838
at-ave,1,3,4,0.75
boy-the,4,27,31,0.8709677419354839
is-memorial,2,1,3,0.3333333333333333
like-wanna,6,1,7,0.14285714285714285
found-world,1,1,2,0.5
down-life,1,4,5,0.8
#michelebachman-burning,1,1,2,0.5
after-climate,2,1,3,0.3333333333333333
to-û_,5,5,10,0.5
face-will,1,1,2,0.5
derailed-it's,1,3,4,0.75
it-then,7,2,9,0.2222222222222222
horrible-time,3,3,6,0.5
and-|,1,7,8,0.875
not-people,11,5,16,0.3125
ha-our,2,2,4,0.5
a-got,32,20,52,0.38461538461538464
side-that,2,1,3,0.3333333333333333
face-in,14,5,19,0.2631578947368421
being-casualty,1,1,2,0.5
it.-my,7,1,8,0.125
a-league,1,1,2,0.5
bringing-climate,4,2,6,0.3333333333333333
@-at,3,1,4,0.25
his-train,1,1,2,0.5
is-lane,1,3,4,0.75
for-mod,1,1,2,0.5
fire-love,2,1,3,0.3333333333333333
22-in,2,2,4,0.5
collided-did,1,1,2,0.5
fire-truck,10,24,34,0.7058823529411765
child-is,3,5,8,0.625
please-we,5,2,7,0.2857142857142857
by-don't,5,2,7,0.2857142857142857
street-to,2,2,4,0.5
for-unit,1,6,7,0.8571428571428571
.potus-horror;,1,4,5,0.8
so-someone,5,1,6,0.16666666666666666
over-wave,1,1,2,0.5
it's-know,2,1,3,0.3333333333333333
house-which,1,1,2,0.5
and-name,5,1,6,0.16666666666666666
bad-say,2,1,3,0.3333333333333333
rt-sign,3,1,4,0.25
banquet-feed,1,1,2,0.5
i-mayhem!,1,1,2,0.5
thinking-when,1,1,2,0.5
mass-world,1,3,4,0.75
siren-sleeping,4,1,5,0.2
after-film,1,4,5,0.8
launch-the,1,1,2,0.5
ash-collapse,3,4,7,0.5714285714285714
in-won't,2,2,4,0.5
gonna-im,2,2,4,0.5
phone-when,8,3,11,0.2727272727272727
my-wish,2,1,3,0.3333333333333333
after-nearly,1,1,2,0.5
cop-to,4,6,10,0.6
obliteration-the,7,1,8,0.125
building-repair,1,1,2,0.5
video-you,2,1,3,0.3333333333333333
getting-there,1,2,3,0.6666666666666666
men-the,3,1,4,0.25
??????-he,1,1,2,0.5
dead.-it,2,1,3,0.3333333333333333
car-no,2,1,3,0.3333333333333333
ass.-the,2,1,3,0.3333333333333333
#wealth-the,4,2,6,0.3333333333333333
caught-on,1,1,2,0.5
(giant-sms:087809233445,1,1,2,0.5
do-low,6,1,7,0.14285714285714285
but-d,1,2,3,0.6666666666666666
tell-will,1,1,2,0.5
just-year,3,3,6,0.5
#kerricktrial-of,2,2,4,0.5
national-on,1,5,6,0.8333333333333334
a-maintenance,2,4,6,0.6666666666666666
not-terrorist,1,4,5,0.8
only-too,1,1,2,0.5
my-out,36,5,41,0.12195121951219512
the-track,4,2,6,0.3333333333333333
and-real,6,2,8,0.25
also-it,2,1,3,0.3333333333333333
are-u,8,8,16,0.5
#thanku-my,1,1,2,0.5
and-hour,10,2,12,0.16666666666666666
only-when,3,2,5,0.4
by-flood,7,7,14,0.5
beat-but,3,1,4,0.25
a-reshape,2,2,4,0.5
class-to,3,3,6,0.5
doctor-the,4,2,6,0.3333333333333333
a-taking,5,2,7,0.2857142857142857
2015]-wave,12,5,17,0.29411764705882354
last-the,53,22,75,0.29333333333333333
in-jewish,1,1,2,0.5
like-not,22,5,27,0.18518518518518517
chief-police,1,1,2,0.5
2-if,3,8,11,0.7272727272727273
at-horrible,4,3,7,0.42857142857142855
away-like,1,2,3,0.6666666666666666
#prophetmuhammad-in,4,2,6,0.3333333333333333
me-nearly,1,2,3,0.6666666666666666
...-collapse,1,1,2,0.5
operation-the,5,5,10,0.5
england-in,3,3,6,0.5
self-v,1,1,2,0.5
surah-would,2,1,3,0.3333333333333333
7-in,4,6,10,0.6
i-seeing,4,3,7,0.42857142857142855
in-minister,1,2,3,0.6666666666666666
i'd-people,2,1,3,0.3333333333333333
a-help,17,4,21,0.19047619047619047
along-the,6,9,15,0.6
feminist-world,5,1,6,0.16666666666666666
derailed.-is,1,1,2,0.5
gold-to,3,2,5,0.4
attack-of,8,8,16,0.5
doe-why,4,2,6,0.3333333333333333
this-you,50,19,69,0.2753623188405797
omg-up,1,1,2,0.5
building-now,2,3,5,0.6
are-doe,2,1,3,0.3333333333333333
reading-short,1,1,2,0.5
accuses-nema,2,1,3,0.3333333333333333
from-please,1,4,5,0.8
heat-rain,1,1,2,0.5
horror;-strategy,1,4,5,0.8
im-over,2,1,3,0.3333333333333333
u.s-via,5,3,8,0.375
tank-wreck,5,2,7,0.2857142857142857
enough-to,9,5,14,0.35714285714285715
seeing-there,1,2,3,0.6666666666666666
over-the,18,62,80,0.775
&amp;-real,2,3,5,0.6
no-your,5,1,6,0.16666666666666666
exploded-hot,1,1,2,0.5
he-ur,11,4,15,0.26666666666666666
syrian-the,1,1,2,0.5
outside-to,4,5,9,0.5555555555555556
5-insurance,2,1,3,0.3333333333333333
much-too,5,2,7,0.2857142857142857
24-hour,1,1,2,0.5
general-ii,1,1,2,0.5
i'm-wave,1,1,2,0.5
@gerenciatodos-chinaûªs,1,1,2,0.5
flattened-it,5,2,7,0.2857142857142857
#handbag-??,2,1,3,0.3333333333333333
bloody-in,7,3,10,0.3
brain-of,2,1,3,0.3333333333333333
at-couple,1,1,2,0.5
sun-the,2,1,3,0.3333333333333333
i'm-ooh...,3,3,6,0.5
gave-of,1,1,2,0.5
about-please,3,1,4,0.25
behind-ha,1,1,2,0.5
being-by,5,3,8,0.375
that-we,25,14,39,0.358974358974359
said-who,2,1,3,0.3333333333333333
#jonathanferrell-area.,1,1,2,0.5
studio-the,2,1,3,0.3333333333333333
ability-don't,1,1,2,0.5
of-reach,2,1,3,0.3333333333333333
of-seemed,1,1,2,0.5
most-on,10,4,14,0.2857142857142857
governor-school,3,10,13,0.7692307692307693
be-peaceful,1,1,2,0.5
cobra-cyclone,1,1,2,0.5
on-turn,5,1,6,0.16666666666666666
no-yet,1,1,2,0.5
of-review,3,2,5,0.4
if-win,2,2,4,0.5
spirit-took,1,1,2,0.5
getting-love,1,1,2,0.5
the-this,112,75,187,0.40106951871657753
play-shit,1,1,2,0.5
&amp;-look,1,3,4,0.75
mass-one,1,4,5,0.8
stay-with,2,2,4,0.5
to-took,4,2,6,0.3333333333333333
into-wa,9,7,16,0.4375
against-for,4,3,7,0.42857142857142855
department-psychiatric,1,1,2,0.5
coming-i'm,1,1,2,0.5
that-there.,1,1,2,0.5
or-shit,2,1,3,0.3333333333333333
confirm-to,1,2,3,0.6666666666666666
and-tide,1,1,2,0.5
ha-who,6,4,10,0.4
a-reactor.,1,2,3,0.6666666666666666
be-today,7,1,8,0.125
time-when,7,5,12,0.4166666666666667
absolutely-him,1,1,2,0.5
be-hazardous,1,2,3,0.6666666666666666
school-who,2,1,3,0.3333333333333333
hi-of,1,1,2,0.5
his-need,1,1,2,0.5
gary-on,1,1,2,0.5
#mets-the,2,1,3,0.3333333333333333
for-missing,2,6,8,0.75
exit-spring,1,4,5,0.8
#9-that,1,1,2,0.5
after-battle,1,1,2,0.5
doe-it's,2,1,3,0.3333333333333333
#gilbert23-we,2,1,3,0.3333333333333333
help!-horse,1,1,2,0.5
it-live,1,1,2,0.5
need-no,3,1,4,0.25
any-at,4,3,7,0.42857142857142855
a-beach,2,3,5,0.6
at-like,17,9,26,0.34615384615384615
back-obliteration,1,1,2,0.5
like-think,9,2,11,0.18181818181818182
at-from,8,10,18,0.5555555555555556
hand-this,1,1,2,0.5
but-time,11,2,13,0.15384615384615385
1.4-interlaken,1,1,2,0.5
my-over,11,2,13,0.15384615384615385
exploded-year,1,1,2,0.5
epic-i,1,1,2,0.5
but-the,122,61,183,0.3333333333333333
case-need,1,1,2,0.5
see-so,5,1,6,0.16666666666666666
era-is,1,1,2,0.5
but-out,18,1,19,0.05263157894736842
attack-flood,5,1,6,0.16666666666666666
hi-will,2,1,3,0.3333333333333333
a-seismic,4,4,8,0.5
don't-good,2,1,3,0.3333333333333333
--made,1,2,3,0.6666666666666666
breathing-health.,1,1,2,0.5
collection-ebay,1,1,2,0.5
had-if,4,4,8,0.5
fedex-to,5,14,19,0.7368421052631579
&amp;-on,25,22,47,0.46808510638297873
i'm-instead,1,1,2,0.5
#rickperry-doesn't,1,2,3,0.6666666666666666
her-if,3,6,9,0.6666666666666666
man-with,3,3,6,0.5
it-most,1,3,4,0.75
can't-fix,1,1,2,0.5
and-but,57,17,74,0.22972972972972974
he's-to,4,2,6,0.3333333333333333
btw-the,4,1,5,0.2
his-injury,4,1,5,0.2
in-late,2,4,6,0.6666666666666666
fire-take,4,1,5,0.2
can't-know,3,1,4,0.25
apc-tension,3,6,9,0.6666666666666666
in-someone,6,2,8,0.25
loretta-the,1,1,2,0.5
share-with,2,3,5,0.6
horse-keep,2,1,3,0.3333333333333333
mass-think,5,2,7,0.2857142857142857
in-uk,1,2,3,0.6666666666666666
they-tonight,1,1,2,0.5
can't-wa,2,2,4,0.5
can't-mean,1,1,2,0.5
grow-the,2,2,4,0.5
and-where,16,1,17,0.058823529411764705
2-month,1,2,3,0.6666666666666666
food-to,6,5,11,0.45454545454545453
he-there,4,1,5,0.2
face-that,5,1,6,0.16666666666666666
last-rainstorm,1,1,2,0.5
in-suicide,2,73,75,0.9733333333333334
been-everywhere,2,1,3,0.3333333333333333
rock-this,3,1,4,0.25
real-why,1,1,2,0.5
#foodscare-into,1,2,3,0.6666666666666666
horse-that,2,1,3,0.3333333333333333
actually-like,2,1,3,0.3333333333333333
image-in,1,2,3,0.6666666666666666
destroy-watch,1,1,2,0.5
#nestleindia-after,1,2,3,0.6666666666666666
favorite-i,2,1,3,0.3333333333333333
crash-train,1,4,5,0.8
do-which,4,1,5,0.2
--added,7,1,8,0.125
nuclear-reactor.,1,1,2,0.5
kill-not,3,1,4,0.25
it-worth,5,1,6,0.16666666666666666
court-for,1,3,4,0.75
be-pak,1,2,3,0.6666666666666666
exploded-have,4,1,5,0.2
--emergency,19,11,30,0.36666666666666664
new-on,11,3,14,0.21428571428571427
one-only,8,7,15,0.4666666666666667
first-life,1,4,5,0.8
first-were,1,2,3,0.6666666666666666
bar-cree,8,1,9,0.1111111111111111
ever-have,6,3,9,0.3333333333333333
people-ûò,1,1,2,0.5
and-plan,5,4,9,0.4444444444444444
some-your,6,2,8,0.25
and-instead,2,2,4,0.5
still-that,6,7,13,0.5384615384615384
burning-protest,1,1,2,0.5
and-it,131,82,213,0.38497652582159625
world-|,2,3,5,0.6
i-me.,8,10,18,0.5555555555555556
from-people,7,7,14,0.5
but-smoke,3,1,4,0.25
????-wave,2,1,3,0.3333333333333333
@accionempresa-ha,2,1,3,0.3333333333333333
time-wa,4,2,6,0.3333333333333333
on-south,1,4,5,0.8
about-went,1,1,2,0.5
and-turn,4,1,5,0.2
hope-of,6,8,14,0.5714285714285714
casualty-not,1,2,3,0.6666666666666666
is-showed,1,1,2,0.5
officer-to,3,1,4,0.25
flood-gm!,5,1,6,0.16666666666666666
godslove-my,1,1,2,0.5
half-hellfire,4,2,6,0.3333333333333333
accident-from,1,1,2,0.5
i-lost,5,3,8,0.375
for-season.,1,1,2,0.5
could-huge,2,1,3,0.3333333333333333
description-would,2,1,3,0.3333333333333333
being-everyone,1,1,2,0.5
up-with,24,5,29,0.1724137931034483
kid-to,15,1,16,0.0625
by-cost,1,2,3,0.6666666666666666
like-want,6,5,11,0.45454545454545453
any-he,5,2,7,0.2857142857142857
building-downtown,1,2,3,0.6666666666666666
guide:-you,3,1,4,0.25
a-another,9,6,15,0.4
a-brought,3,1,4,0.25
and-sun.,2,1,3,0.3333333333333333
right-which,1,1,2,0.5
already-trying,1,1,2,0.5
new-when,2,1,3,0.3333333333333333
can-war,2,2,4,0.5
a-dvd,1,2,3,0.6666666666666666
me-org,1,1,2,0.5
of-scale,2,2,4,0.5
know-line,1,2,3,0.6666666666666666
for-thought,1,1,2,0.5
need-new,4,1,5,0.2
by-who,4,7,11,0.6363636363636364
by-took,1,1,2,0.5
i'm-you're,5,1,6,0.16666666666666666
no-thank,3,1,4,0.25
eyewitness-history,1,1,2,0.5
of-wind,16,11,27,0.4074074074074074
turned-wa,6,2,8,0.25
e-the,1,2,3,0.6666666666666666
by-careful,4,1,5,0.2
london-of,2,2,4,0.5
like-volcano,1,1,2,0.5
ha-opposition,2,1,3,0.3333333333333333
know-thing,1,1,2,0.5
but-nuclear,2,2,4,0.5
in-so,42,13,55,0.23636363636363636
2-and,16,8,24,0.3333333333333333
class-for,3,1,4,0.25
haha-with,1,1,2,0.5
'i'm-going,1,1,2,0.5
stop-to,13,9,22,0.4090909090909091
i-view,1,1,2,0.5
@usatoday-fedex,3,4,7,0.5714285714285714
in-ripped,2,1,3,0.3333333333333333
at-part,1,3,4,0.75
help!-need,1,1,2,0.5
on-town,2,2,4,0.5
of-you.,3,1,4,0.25
couple-electronic,2,1,3,0.3333333333333333
director-v...,1,1,2,0.5
in-white,2,4,6,0.6666666666666666
and-massacre,4,1,5,0.2
there-you.,1,1,2,0.5
do-i,41,15,56,0.26785714285714285
an-there,3,3,6,0.5
plan-you,7,2,9,0.2222222222222222
twister-wa,1,1,2,0.5
everyone-into,1,1,2,0.5
for-together,2,1,3,0.3333333333333333
dust-it,1,5,6,0.8333333333333334
like-my,47,14,61,0.22950819672131148
few-yeah,1,1,2,0.5
in-û÷politics,1,4,5,0.8
caution:-health.,1,1,2,0.5
heart-u,1,1,2,0.5
bc-the,8,1,9,0.1111111111111111
an-eyewitness,5,2,7,0.2857142857142857
honestly-it,3,1,4,0.25
day-today,1,2,3,0.6666666666666666
month-their,1,2,3,0.6666666666666666
--sky,4,1,5,0.2
mention-will,1,1,2,0.5
enough-the,11,2,13,0.15384615384615385
by-japan,3,2,5,0.4
by-in,37,80,117,0.6837606837606838
a-situation,1,7,8,0.875
get-young,1,1,2,0.5
tell-you,9,1,10,0.1
a-away,11,4,15,0.26666666666666666
government-in,2,6,8,0.75
and-bombed,3,4,7,0.5714285714285714
for-scream,1,1,2,0.5
them-treat,1,1,2,0.5
happened-on,3,1,4,0.25
--we,9,1,10,0.1
horrible-realise,4,3,7,0.42857142857142855
at-my,30,7,37,0.1891891891891892
different-no,1,1,2,0.5
i'm-oooh,3,3,6,0.5
blast-i,13,3,16,0.1875
fact-have,1,1,2,0.5
hit-with,2,2,4,0.5
from-leg,1,1,2,0.5
every-on,8,2,10,0.2
gone-is,1,1,2,0.5
join-on,1,1,2,0.5
in-iran,6,32,38,0.8421052631578947
at-it,20,14,34,0.4117647058823529
and-for,134,60,194,0.30927835051546393
first-if,1,1,2,0.5
too-watch,1,1,2,0.5
new-song,1,1,2,0.5
??????-a,14,2,16,0.125
#slanglucci-danger,3,1,4,0.25
the-tomorrow!,2,1,3,0.3333333333333333
curfew.-to,2,1,3,0.3333333333333333
people-will,5,2,7,0.2857142857142857
to-which,16,7,23,0.30434782608695654
spirit-the,3,3,6,0.5
believe-there,2,4,6,0.6666666666666666
like-very,1,1,2,0.5
external-with,2,1,3,0.3333333333333333
on-page,1,1,2,0.5
other-to,6,6,12,0.5
top-vega,1,1,2,0.5
in-since,7,13,20,0.65
4x4-full,6,1,7,0.14285714285714285
their-violent,1,1,2,0.5
have-survived,3,1,4,0.25
of-proud,1,1,2,0.5
and-lie,3,1,4,0.25
for-youûªve,4,3,7,0.42857142857142855
for-heat,2,2,4,0.5
bag-cross,43,1,44,0.022727272727272728
a-lizard,2,1,3,0.3333333333333333
crazy-daughter,1,1,2,0.5
about-nuclear,4,4,8,0.5
http://t.co/ydetwgribk-on,1,1,2,0.5
quiz:-sinking,4,1,5,0.2
a-predict,2,2,4,0.5
??????-the,14,7,21,0.3333333333333333
i-i'm,74,14,88,0.1590909090909091
girl-no,2,1,3,0.3333333333333333
charity.'-upon,4,2,6,0.3333333333333333
about-ask,1,1,2,0.5
brutally-for,1,1,2,0.5
can-nuclear,2,2,4,0.5
for-into,8,3,11,0.2727272727272727
#phoenix-and,1,1,2,0.5
fucking-you,13,1,14,0.07142857142857142
a-charity.',4,2,6,0.3333333333333333
reddit's-subreddits,15,2,17,0.11764705882352941
full-s,6,1,7,0.14285714285714285
wa-want,3,2,5,0.4
car-that's,1,1,2,0.5
hunt...-summer,1,1,2,0.5
fighting-i,1,1,2,0.5
night-people,1,1,2,0.5
allegiance-i,1,1,2,0.5
good-that,5,3,8,0.375
flood-you,9,1,10,0.1
d.b.-the,1,1,2,0.5
from-work,1,2,3,0.6666666666666666
--force,1,2,3,0.6666666666666666
festival-via,1,1,2,0.5
be-prophet,4,2,6,0.3333333333333333
go-not,6,3,9,0.3333333333333333
after-of,12,48,60,0.8
never-the,20,15,35,0.42857142857142855
disease-the,4,3,7,0.42857142857142855
made-you,3,1,4,0.25
ben-burning,1,1,2,0.5
be-screamed,1,1,2,0.5
cool-like,4,1,5,0.2
are-riot,1,1,2,0.5
60%-declined,1,1,2,0.5
if-men,1,1,2,0.5
displaced-etc.,1,4,5,0.8
sick-when,1,2,3,0.6666666666666666
emergency-torch,1,1,2,0.5
being-û_,1,1,2,0.5
@youtube-to,15,3,18,0.16666666666666666
a-three,1,4,5,0.8
census-population,1,1,2,0.5
building-crashing,1,1,2,0.5
@youtube-dead,1,1,2,0.5
hosting-wedding,1,1,2,0.5
dropped-to,1,2,3,0.6666666666666666
serious-to,1,1,2,0.5
checked-i,3,1,4,0.25
don't-no,7,2,9,0.2222222222222222
day-football,1,1,2,0.5
been-flight,1,3,4,0.75
from-out,8,2,10,0.2
--|,14,11,25,0.44
#pbban-flag,3,1,4,0.25
now!-to,1,1,2,0.5
burning-video,2,2,4,0.5
at-faan,1,6,7,0.8571428571428571
it-sound,4,1,5,0.2
country-the,5,15,20,0.75
left-without,2,2,4,0.5
australian-via,1,3,4,0.75
firey-world,1,1,2,0.5
and-tell,5,2,7,0.2857142857142857
inspection-integrity,1,1,2,0.5
dont-i,15,2,17,0.11764705882352941
ha-pak,1,2,3,0.6666666666666666
longer-potential,3,2,5,0.4
burning-saved,1,2,3,0.6666666666666666
petition-whipped,2,1,3,0.3333333333333333
if-wonder,1,1,2,0.5
budget-on,1,5,6,0.8333333333333334
capture-hereûªs,1,1,2,0.5
their-were,1,4,5,0.8
season-with,1,1,2,0.5
and-beginning,4,1,5,0.2
fire-so,7,7,14,0.5
&amp;-people.,1,1,2,0.5
see-the,50,22,72,0.3055555555555556
obliterate-of,4,1,5,0.2
the-to,698,385,1083,0.3554939981532779
bioterror-transport,8,12,20,0.6
likely-out,6,1,7,0.14285714285714285
any-make,4,1,5,0.2
not-one,7,4,11,0.36363636363636365
have-meme,3,1,4,0.25
can-see,14,3,17,0.17647058823529413
different-the,3,2,5,0.4
about-one,9,4,13,0.3076923076923077
a-event,2,5,7,0.7142857142857143
second-to,4,7,11,0.6363636363636364
http://t.co/encmhz6y34-is,5,1,6,0.16666666666666666
a-there's,12,10,22,0.45454545454545453
though-watching,1,1,2,0.5
sinking-that,6,3,9,0.3333333333333333
graveyard-to,2,1,3,0.3333333333333333
on-wednesday,2,10,12,0.8333333333333334
or-son,1,1,2,0.5
his-what,1,2,3,0.6666666666666666
because-people,4,2,6,0.3333333333333333
--tribune,1,1,2,0.5
down-road,1,1,2,0.5
front-if,1,1,2,0.5
sunday-to,1,1,2,0.5
action-ben,1,1,2,0.5
is-no,25,16,41,0.3902439024390244
'we-say,1,1,2,0.5
casualty-of,5,14,19,0.7368421052631579
because-with,3,1,4,0.25
national-of,12,8,20,0.4
&gt;-on,1,1,2,0.5
out-there,8,4,12,0.3333333333333333
too-traumatised,1,1,2,0.5
blanket-full,1,1,2,0.5
honestly-of,1,1,2,0.5
are-clearly,1,2,3,0.6666666666666666
ebay-hasbro,1,1,2,0.5
burning-for,6,5,11,0.45454545454545453
sad.-the,4,1,5,0.2
from-they,5,6,11,0.5454545454545454
a-match,6,3,9,0.3333333333333333
animal!-whipped,2,1,3,0.3333333333333333
could-we,1,1,2,0.5
--way,4,1,5,0.2
but-country,1,2,3,0.6666666666666666
also-the,27,6,33,0.18181818181818182
is-person,5,4,9,0.4444444444444444
displaced-woman,2,1,3,0.3333333333333333
ink-you!,2,1,3,0.3333333333333333
of-trace,2,2,4,0.5
bayelsa-patience,6,9,15,0.6
great-wa,7,1,8,0.125
get-siren,3,1,4,0.25
high-then,2,1,3,0.3333333333333333
building-when,2,3,5,0.6
of-small,3,1,4,0.25
for-up,19,27,46,0.5869565217391305
held-to,2,1,3,0.3333333333333333
burned-the,18,2,20,0.1
'save-is,4,2,6,0.3333333333333333
if-right,6,2,8,0.25
a-wave,17,11,28,0.39285714285714285
in-it.,5,5,10,0.5
our-you,5,4,9,0.4444444444444444
--sign,2,2,4,0.5
full-knife,1,1,2,0.5
approves-twia,1,1,2,0.5
--arsonist,3,2,5,0.4
many-year,1,1,2,0.5
in-stolen,1,1,2,0.5
hijack-poll:,3,1,4,0.25
since-wave,1,1,2,0.5
murderer-we,1,1,2,0.5
abuse-at,1,1,2,0.5
a-obliterated,10,1,11,0.09090909090909091
bridge-the,3,4,7,0.5714285714285714
come-over,4,2,6,0.3333333333333333
--feed,2,1,3,0.3333333333333333
(photos)-pandemonium,7,2,9,0.2222222222222222
believe-for,1,1,2,0.5
explosion-you,2,2,4,0.5
for-through,1,5,6,0.8333333333333334
faan-via,1,3,4,0.75
5-have,3,1,4,0.25
go-no,3,3,6,0.5
crash-hope,1,4,5,0.8
reactor-to,5,1,6,0.16666666666666666
owner-told,2,1,3,0.3333333333333333
--refugee,2,2,4,0.5
i-suit,1,1,2,0.5
don't-left,1,1,2,0.5
crash-å¨,1,1,2,0.5
haha-is,1,2,3,0.6666666666666666
a-donate,1,2,3,0.6666666666666666
just-take,2,1,3,0.3333333333333333
fire.-to,2,4,6,0.6666666666666666
at-ep...,1,1,2,0.5
ha-today.,1,2,3,0.6666666666666666
are-flooding,3,2,5,0.4
and-loving,3,2,5,0.4
car-this,4,9,13,0.6923076923076923
in-two,11,41,52,0.7884615384615384
looked-that,1,1,2,0.5
be-him,2,1,3,0.3333333333333333
clueless-on,1,1,2,0.5
and-corner,1,1,2,0.5
be-last,4,3,7,0.42857142857142855
fell-wa,3,1,4,0.25
listen-what,3,1,4,0.25
&amp;-not,8,9,17,0.5294117647058824
home-how,5,4,9,0.4444444444444444
itself-the,1,1,2,0.5
cree-offroad,11,2,13,0.15384615384615385
#allah-would,2,1,3,0.3333333333333333
my-wanted,6,3,9,0.3333333333333333
my-riot,2,1,3,0.3333333333333333
his-michael,4,1,5,0.2
after-people,6,6,12,0.5
out-where,3,1,4,0.25
if-while,1,1,2,0.5
bombed-of,2,3,5,0.6
#frontpage:-for,1,2,3,0.6666666666666666
beat-police,1,1,2,0.5
#business-the,2,1,3,0.3333333333333333
and-maybe,3,2,5,0.4
catastrophic-the,7,20,27,0.7407407407407407
have-me,12,1,13,0.07692307692307693
'death-ted,1,1,2,0.5
remove-the,5,3,8,0.375
(detonation)-beck/arnley,1,1,2,0.5
than-wounds;,1,1,2,0.5
attack-is,12,1,13,0.07692307692307693
any-go,1,1,2,0.5
https://t.co/rqwuoy1fm4-internally,1,3,4,0.75
news-off,1,1,2,0.5
declares-the,2,1,3,0.3333333333333333
of-percent,5,1,6,0.16666666666666666
rainstorm-way,1,2,3,0.6666666666666666
hate-me,5,1,6,0.16666666666666666
emergency-pipe,1,1,2,0.5
lab-sanctions.,1,2,3,0.6666666666666666
also-happy,1,1,2,0.5
buy-to,8,1,9,0.1111111111111111
i'd-in,4,1,5,0.2
on-probably,3,1,4,0.25
it's-shape,7,1,8,0.125
i'll-my,6,1,7,0.14285714285714285
in-poor,2,4,6,0.6666666666666666
it-wtf,2,2,4,0.5
#usgs-california:,1,2,3,0.6666666666666666
2-building,1,2,3,0.6666666666666666
i-wonder,8,1,9,0.1111111111111111
one-traumatised,3,1,4,0.25
you-you!,2,1,3,0.3333333333333333
fire-size,1,1,2,0.5
collided-one,1,1,2,0.5
iranian-shouting,1,1,2,0.5
a-added,26,4,30,0.13333333333333333
fatal-is,3,1,4,0.25
for-snowstorm,1,1,2,0.5
fall-had,1,1,2,0.5
it-took,4,1,5,0.2
now.-to,3,2,5,0.4
new-shoulder,11,1,12,0.08333333333333333
anything-the,6,5,11,0.45454545454545453
content-horrible,15,2,17,0.11764705882352941
start-when,3,1,4,0.25
loud-on,4,2,6,0.3333333333333333
salt-to,1,1,2,0.5
document-to,1,3,4,0.75
a-engine,1,1,2,0.5
can-|,2,1,3,0.3333333333333333
from-upon,4,2,6,0.3333333333333333
return-to,2,3,5,0.6
family-my,6,1,7,0.14285714285714285
by-ha,7,6,13,0.46153846153846156
car-me,4,3,7,0.42857142857142855
room-with,1,2,3,0.6666666666666666
but-not,37,16,53,0.3018867924528302
chill-through,1,1,2,0.5
cool-of,2,3,5,0.6
be-name,2,1,3,0.3333333333333333
fun-no,2,1,3,0.3333333333333333
me-short,1,1,2,0.5
a-threat,5,2,7,0.2857142857142857
longer-pathogen,5,2,7,0.2857142857142857
combo-reû_,6,1,7,0.14285714285714285
damn-this,4,1,5,0.2
best-to,14,4,18,0.2222222222222222
lava-wa,1,1,2,0.5
have-might,3,1,4,0.25
tide-wave,2,1,3,0.3333333333333333
funtenna:-to,12,5,17,0.29411764705882354
#magginoodle-unsafe,1,2,3,0.6666666666666666
older-the,3,1,4,0.25
'first'-child,1,1,2,0.5
comment-on,9,4,13,0.3076923076923077
nothing-the,9,1,10,0.1
i-sun,3,1,4,0.25
people-which,1,2,3,0.6666666666666666
like-way,5,1,6,0.16666666666666666
buy-people,1,1,2,0.5
siren-weird,1,1,2,0.5
isn't-of,2,5,7,0.7142857142857143
promise-to,6,1,7,0.14285714285714285
burned-pace,1,1,2,0.5
animal-the,6,1,7,0.14285714285714285
all-company,1,2,3,0.6666666666666666
are-great,2,2,4,0.5
say-would,3,3,6,0.5
--food,2,2,4,0.5
and-bigamist,3,1,4,0.25
all-of,56,23,79,0.2911392405063291
by-out,12,4,16,0.25
fire-what,3,2,5,0.4
i'll-there,4,1,5,0.2
at-icymi,1,1,2,0.5
'we-for,1,1,2,0.5
ministers:-nuclear,2,1,3,0.3333333333333333
damn-going,1,1,2,0.5
saw-whistle,1,1,2,0.5
doing-get,1,1,2,0.5
school-when,4,3,7,0.42857142857142855
in-largest,1,4,5,0.8
had-who,1,1,2,0.5
blocked-ur,10,2,12,0.16666666666666666
anthrax-in,5,12,17,0.7058823529411765
is-like.,1,1,2,0.5
and-tribal,4,2,6,0.3333333333333333
honestly-is,3,1,4,0.25
believe-it,2,3,5,0.6
and...-angel,1,1,2,0.5
and-plane,1,8,9,0.8888888888888888
for-governor,3,10,13,0.7692307692307693
after-is,13,11,24,0.4583333333333333
today-with,5,1,6,0.16666666666666666
london-the,3,2,5,0.4
exploded-the,16,5,21,0.23809523809523808
ahead-out,1,1,2,0.5
and-any,9,1,10,0.1
being-say,3,2,5,0.4
shoot-up,1,1,2,0.5
looting-when,1,1,2,0.5
before-go,1,2,3,0.6666666666666666
bath-with,1,1,2,0.5
new-subreddits,15,2,17,0.11764705882352941
had-than,1,2,3,0.6666666666666666
for-minority,2,1,3,0.3333333333333333
hurt-one,2,1,3,0.3333333333333333
it-u,11,12,23,0.5217391304347826
after-place,2,1,3,0.3333333333333333
i'm-those,2,2,4,0.5
and-injury,9,10,19,0.5263157894736842
a-twitter,6,2,8,0.25
it's-thought,2,1,3,0.3333333333333333
fire-to,24,54,78,0.6923076923076923
on-option,1,1,2,0.5
haha-or,1,1,2,0.5
left-wound,1,1,2,0.5
build-to,6,2,8,0.25
breaking-tornado,1,2,3,0.6666666666666666
i'm-with,13,6,19,0.3157894736842105
damage-to,7,7,14,0.5
blizzard-with,2,1,3,0.3333333333333333
i-way,21,4,25,0.16
of-site,1,4,5,0.8
#hellfire-the,4,2,6,0.3333333333333333
because-just,4,2,6,0.3333333333333333
mt.-to,1,1,2,0.5
are-mean,1,1,2,0.5
fun-making,1,1,2,0.5
a-zone.,6,1,7,0.14285714285714285
+-follow,2,1,3,0.3333333333333333
i-would've,2,2,4,0.5
of-violent,5,4,9,0.4444444444444444
especially-in,1,2,3,0.6666666666666666
are-her,7,2,9,0.2222222222222222
i-remember,19,4,23,0.17391304347826086
i-known,1,2,3,0.6666666666666666
in-profit,3,1,4,0.25
to-would,45,13,58,0.22413793103448276
'death-america',1,1,2,0.5
new-sister,1,1,2,0.5
it's-likely,8,1,9,0.1111111111111111
need-this,9,3,12,0.25
alarm-angry,1,1,2,0.5
bioterrorism-on,1,2,3,0.6666666666666666
is-side,3,2,5,0.4
apocalypse.-i,2,2,4,0.5
baby-delivers,9,4,13,0.3076923076923077
mountain-smoky,1,2,3,0.6666666666666666
1st-my,2,1,3,0.3333333333333333
apocalyptic-video,2,2,4,0.5
when-whole,4,3,7,0.42857142857142855
it-okay,1,2,3,0.6666666666666666
??-for,19,1,20,0.05
burnt-like,1,1,2,0.5
fire-û_,1,1,2,0.5
http://t.co/jlzk2hdetg-of,1,1,2,0.5
hair-the,9,1,10,0.1
a-nearly,1,4,5,0.8
a-reason,11,1,12,0.08333333333333333
reason-u,1,1,2,0.5
a-sick,5,2,7,0.2857142857142857
dog-to,3,2,5,0.4
self-to,5,2,7,0.2857142857142857
probably-through,1,1,2,0.5
sorry-you,4,1,5,0.2
love-to,28,5,33,0.15151515151515152
--blaze,1,2,3,0.6666666666666666
catastrophe-my,1,1,2,0.5
on-ton,1,1,2,0.5
during-wa,2,2,4,0.5
--military,14,1,15,0.06666666666666667
of-structural,6,5,11,0.45454545454545453
don't-need,2,3,5,0.6
--ian,1,1,2,0.5
city-have,1,1,2,0.5
should-we,7,2,9,0.2222222222222222
have-killer,6,1,7,0.14285714285714285
faced-the,1,2,3,0.6666666666666666
in-pray,2,1,3,0.3333333333333333
but-firey,1,1,2,0.5
survival-whistle,1,1,2,0.5
to-world,16,11,27,0.4074074074074074
????????-it's,1,1,2,0.5
#baltimore-#rioting,1,1,2,0.5
believe-would,1,1,2,0.5
replace-the,1,1,2,0.5
#gilbert23-stand,2,1,3,0.3333333333333333
spot-work,8,1,9,0.1111111111111111
i-you're,11,1,12,0.08333333333333333
level-mineral's,1,1,2,0.5
cliff-the,5,5,10,0.5
for-own,1,1,2,0.5
ha-injury,2,1,3,0.3333333333333333
declares-to,2,1,3,0.3333333333333333
raid-try,1,2,3,0.6666666666666666
cree-kit,1,1,2,0.5
are-wa,10,3,13,0.23076923076923078
is-sexual,1,1,2,0.5
hike:-v...,1,1,2,0.5
dust-to,4,13,17,0.7647058823529411
forest:-stop,5,3,8,0.375
in-leading,1,3,4,0.75
daughter-teen,1,1,2,0.5
orange-will,1,1,2,0.5
population-reveals,1,1,2,0.5
are-result,2,2,4,0.5
not-some,8,3,11,0.2727272727272727
from-in,46,76,122,0.6229508196721312
moment-on,1,2,3,0.6666666666666666
need-you,20,1,21,0.047619047619047616
aren't-people,1,1,2,0.5
accuses-relief,2,1,3,0.3333333333333333
even-up,3,2,5,0.4
have-lose,1,1,2,0.5
terrorist-who,1,2,3,0.6666666666666666
in-town,2,4,6,0.6666666666666666
help!-petition!take,1,1,2,0.5
came-you,4,3,7,0.42857142857142855
might-this,1,2,3,0.6666666666666666
failure:-rightways:,1,1,2,0.5
camp-for,2,2,4,0.5
burning-my,6,2,8,0.25
good-to,24,9,33,0.2727272727272727
be-set,3,2,5,0.4
shouting-ted,1,1,2,0.5
about-train,3,1,4,0.25
me-trying,5,1,6,0.16666666666666666
/-pm,1,2,3,0.6666666666666666
watch-you,5,1,6,0.16666666666666666
president-the,2,7,9,0.7777777777777778
to-window,2,1,3,0.3333333333333333
now-offensiveåêcontent,2,1,3,0.3333333333333333
light-on,1,1,2,0.5
her-out,14,4,18,0.2222222222222222
with-you're,8,1,9,0.1111111111111111
ran-to,2,1,3,0.3333333333333333
diamond-of,1,1,2,0.5
when-who,4,1,5,0.2
have-it's,9,3,12,0.25
of-sketch,2,1,3,0.3333333333333333
a-firey,1,1,2,0.5
by-you!,7,2,9,0.2222222222222222
know-that,9,7,16,0.4375
all-very,1,1,2,0.5
but-or,3,3,6,0.5
need-plan,2,1,3,0.3333333333333333
a-leading,2,3,5,0.6
obliterate-when,1,1,2,0.5
to-try,13,6,19,0.3157894736842105
an-arson,1,1,2,0.5
fire-st,1,2,3,0.6666666666666666
in-inevitably,1,1,2,0.5
&amp;-w/,2,2,4,0.5
baby-this,1,1,2,0.5
ablaze-the,7,2,9,0.2222222222222222
behind-of,3,2,5,0.4
a-tho,1,2,3,0.6666666666666666
100-other,1,1,2,0.5
like-they,15,3,18,0.16666666666666666
--inner,1,4,5,0.8
an-natural,1,1,2,0.5
been-expect,1,1,2,0.5
content-the,3,1,4,0.25
an-dy,1,1,2,0.5
burst-him,1,1,2,0.5
for-nice,1,1,2,0.5
but-may,8,2,10,0.2
cable-electrocuted,1,1,2,0.5
bring-up,2,1,3,0.3333333333333333
11-with,2,2,4,0.5
abe-make,1,1,2,0.5
back-ha,3,2,5,0.4
ever-the,33,14,47,0.2978723404255319
make-wanna,5,1,6,0.16666666666666666
$300000-collided,1,1,2,0.5
big-let,1,1,2,0.5
failure:-repair,1,1,2,0.5
predict-world,1,1,2,0.5
fan-for,22,1,23,0.043478260869565216
america-to,3,3,6,0.5
control-desire,8,2,10,0.2
:-the,14,18,32,0.5625
home-time.,1,2,3,0.6666666666666666
iran-you,3,1,4,0.25
fire-our,2,5,7,0.7142857142857143
it-told,2,2,4,0.5
2-love,2,1,3,0.3333333333333333
are-world,3,2,5,0.4
an-hour,4,1,5,0.2
&amp;-u,13,8,21,0.38095238095238093
??-you,35,2,37,0.05405405405405406
of-wall,1,5,6,0.8333333333333334
human-more,2,1,3,0.3333333333333333
loud-wa,8,4,12,0.3333333333333333
should-then,1,2,3,0.6666666666666666
a-destroyed,16,5,21,0.23809523809523808
can-know,3,2,5,0.4
and-there's,10,3,13,0.23076923076923078
horror;-refugees;,1,4,5,0.8
fire-here,1,5,6,0.8333333333333334
stealing-wom...,2,1,3,0.3333333333333333
we-year,6,3,9,0.3333333333333333
all-and,57,22,79,0.27848101265822783
have-japanese,1,1,2,0.5
apparently-just,1,1,2,0.5
4x4-53inch,6,1,7,0.14285714285714285
off-whole,1,2,3,0.6666666666666666
too-you,9,2,11,0.18181818181818182
in-playing,2,1,3,0.3333333333333333
1st-the,6,4,10,0.4
just-south,1,1,2,0.5
&amp;-death,2,3,5,0.6
for-senator,1,1,2,0.5
defense-to,1,1,2,0.5
book-lightning,2,1,3,0.3333333333333333
reû_-starter,1,1,2,0.5
dare-you,2,1,3,0.3333333333333333
on-that,48,43,91,0.4725274725274725
image-only,1,1,2,0.5
may-tree,1,1,2,0.5
'the-miner,6,5,11,0.45454545454545453
1.4-17:52:25,1,1,2,0.5
last-out,2,1,3,0.3333333333333333
sure-to,11,3,14,0.21428571428571427
odeon-trafford,1,4,5,0.8
look-on,9,5,14,0.35714285714285715
fight-in,7,4,11,0.36363636363636365
and...-hijack,2,1,3,0.3333333333333333
damage-time,2,1,3,0.3333333333333333
gun-in,4,1,5,0.2
it-rainstorm,1,1,2,0.5
&amp;-blocked,5,2,7,0.2857142857142857
of-sun,1,1,2,0.5
for-military,4,7,11,0.6363636363636364
human-in,1,9,10,0.9
actually-not,2,1,3,0.3333333333333333
that-think,14,6,20,0.3
a-funtenna:,12,5,17,0.29411764705882354
been-flattened,2,1,3,0.3333333333333333
murder?-the,1,1,2,0.5
can't-of,15,5,20,0.25
he's-know,2,1,3,0.3333333333333333
can't-got,1,3,4,0.75
#nuclear-ha,1,1,2,0.5
just-u,6,3,9,0.3333333333333333
saturday.-youth,1,2,3,0.6666666666666666
deal-emergency,1,1,2,0.5
the-world,50,33,83,0.39759036144578314
2pcs-car,3,1,4,0.25
a-died,1,3,4,0.75
our-we,10,5,15,0.3333333333333333
--?,9,1,10,0.1
i'm-may,1,2,3,0.6666666666666666
on-sand,1,1,2,0.5
their-would,2,2,4,0.5
dead-he's,1,1,2,0.5
live-thank,1,1,2,0.5
but-half,1,1,2,0.5
for-refugees;,1,4,5,0.8
autobiography-collins,1,1,2,0.5
but-christian,2,1,3,0.3333333333333333
called-it,2,3,5,0.6
--liked,29,3,32,0.09375
most-they,1,1,2,0.5
make-making,1,1,2,0.5
by-world,2,4,6,0.6666666666666666
of-police,7,16,23,0.6956521739130435
survival-wire,1,1,2,0.5
sex-to,3,2,5,0.4
social-to,1,1,2,0.5
this-war,2,3,5,0.6
all-running,1,1,2,0.5
another-burn,1,1,2,0.5
friday-it's,2,2,4,0.5
on-president,2,3,5,0.6
home-no,1,2,3,0.6666666666666666
a-pres:,1,2,3,0.6666666666666666
anthrax-via,1,4,5,0.8
closed.-people,1,1,2,0.5
point-to,6,4,10,0.4
&amp;-4,1,4,5,0.8
day-your,7,3,10,0.3
&amp;-tsunami,7,3,10,0.3
floods.-god,2,1,3,0.3333333333333333
sign-we,3,1,4,0.25
a-update,1,6,7,0.8571428571428571
last-your,2,1,3,0.3333333333333333
doe-movie,1,1,2,0.5
and-haven't,3,1,4,0.25
ground-you,2,1,3,0.3333333333333333
he-too,2,1,3,0.3333333333333333
by-on,27,22,49,0.4489795918367347
careless-to,1,1,2,0.5
for-hope,4,5,9,0.5555555555555556
loud-so,4,2,6,0.3333333333333333
n-to,4,2,6,0.3333333333333333
first-home,2,1,3,0.3333333333333333
of-toxic,1,1,2,0.5
that-w/heavenly,5,1,6,0.16666666666666666
people-your,4,2,6,0.3333333333333333
hurt-so,3,1,4,0.25
chile:-starring...,3,2,5,0.4
--reû_,25,2,27,0.07407407407407407
at-feeling,5,3,8,0.375
all-support,1,1,2,0.5
loud-news!,13,3,16,0.1875
show-wa,2,1,3,0.3333333333333333
a-bomber,1,16,17,0.9411764705882353
@towel-@witter,2,1,3,0.3333333333333333
school-wa,4,2,6,0.3333333333333333
full-is,5,1,6,0.16666666666666666
he-w/heavenly,5,1,6,0.16666666666666666
feed-the,2,1,3,0.3333333333333333
a-government,5,4,9,0.4444444444444444
external-non-compliant,2,1,3,0.3333333333333333
hostage-to,4,23,27,0.8518518518518519
to-wanted,13,5,18,0.2777777777777778
these-wa,1,1,2,0.5
police-start,1,1,2,0.5
my-worse,1,2,3,0.6666666666666666
apartment-on,1,2,3,0.6666666666666666
china's-the,9,6,15,0.4
large-this,1,1,2,0.5
giving-prophet,4,2,6,0.3333333333333333
is-warrior,1,1,2,0.5
spinning-the,1,1,2,0.5
in-little,8,8,16,0.5
??-tote,2,1,3,0.3333333333333333
he-they,2,2,4,0.5
a-tonight,4,7,11,0.6363636363636364
even-in,16,9,25,0.36
responder-to,7,8,15,0.5333333333333333
of-well.,1,2,3,0.6666666666666666
of-parenthood,2,1,3,0.3333333333333333
for-most,3,2,5,0.4
the-work.,3,1,4,0.25
jonathan-tension,3,6,9,0.6666666666666666
cheese-kraft,1,1,2,0.5
this-traumatised,5,1,6,0.16666666666666666
after-job,1,1,2,0.5
the-your,89,26,115,0.22608695652173913
--/,4,3,7,0.42857142857142855
have-siren,2,1,3,0.3333333333333333
destroyed-you,1,1,2,0.5
we-what,12,6,18,0.3333333333333333
a-flush,1,1,2,0.5
fucking-thing,3,1,4,0.25
b4-of,1,1,2,0.5
emergency-wipp,1,1,2,0.5
engulfed-which,6,2,8,0.25
died-people,1,6,7,0.8571428571428571
a-history,2,1,3,0.3333333333333333
can't-demon,1,1,2,0.5
how-mass,2,1,3,0.3333333333333333
any-destiny,5,1,6,0.16666666666666666
is-series,3,1,4,0.25
be-were,1,2,3,0.6666666666666666
obliterated-what,3,1,4,0.25
(cont)-in,1,1,2,0.5
it's-my,25,1,26,0.038461538461538464
arrested-for,1,5,6,0.8333333333333334
attack-transformation,1,1,2,0.5
have-hope,5,1,6,0.16666666666666666
business-do,1,2,3,0.6666666666666666
explain-the,2,2,4,0.5
hereûªs-of,1,2,3,0.6666666666666666
british-collapsed,1,1,2,0.5
long-now,3,1,4,0.25
attack-http://t.co/pyehwodwun,1,1,2,0.5
cladding-of,2,1,3,0.3333333333333333
a-hazardous,3,2,5,0.4
forest-match,1,1,2,0.5
got-wave,1,1,2,0.5
me-you'll,3,1,4,0.25
#allah-people,2,1,3,0.3333333333333333
accident-thank,1,1,2,0.5
heartless-petition,2,1,3,0.3333333333333333
just-thing,3,8,11,0.7272727272727273
door-ran,1,1,2,0.5
#allah-it,2,1,3,0.3333333333333333
brother-of,2,1,3,0.3333333333333333
and-oil,3,4,7,0.5714285714285714
both-year,1,1,2,0.5
like-soon,1,1,2,0.5
to-u.s,1,1,2,0.5
and-officer,2,3,5,0.6
get-with,21,9,30,0.3
our-prevent,1,1,2,0.5
--east,1,3,4,0.75
bed-sleep,1,1,2,0.5
4wd-beam,3,1,4,0.25
in-operation,1,6,7,0.8571428571428571
new-war,1,1,2,0.5
family-why,1,1,2,0.5
for-rt,8,8,16,0.5
drowning-well,1,1,2,0.5
wom...-woman,2,1,3,0.3333333333333333
bit-to,1,2,3,0.6666666666666666
blast-unconfirmed!,13,3,16,0.1875
next-we,1,3,4,0.75
of-word,4,1,5,0.2
leo-the,1,1,2,0.5
all-ha,6,3,9,0.3333333333333333
owner-via,2,1,3,0.3333333333333333
.potus-idp,1,4,5,0.8
after-screamed,1,1,2,0.5
held-hostage,2,2,4,0.5
#photography-#tree,1,1,2,0.5
bicep.-only,1,1,2,0.5
building....-burning,1,1,2,0.5
death-going,1,1,2,0.5
shooting-when,1,1,2,0.5
a-danger,8,2,10,0.2
after-crashed,1,7,8,0.875
time-up,8,1,9,0.1111111111111111
is-review,1,1,2,0.5
bomb-life,1,1,2,0.5
b-in,2,1,3,0.3333333333333333
and-cop,1,1,2,0.5
ground-i,4,3,7,0.42857142857142855
aba-without,8,4,12,0.3333333333333333
fedex-potential,3,6,9,0.6666666666666666
sir-to,2,1,3,0.3333333333333333
donûªt-the,2,1,3,0.3333333333333333
to-twister,6,1,7,0.14285714285714285
car-taking,1,1,2,0.5
but-survived,4,2,6,0.3333333333333333
now-storm,1,4,5,0.8
b4-my,1,1,2,0.5
enormous-in,1,1,2,0.5
#globalwarming!!-the,1,1,2,0.5
survived-the,15,10,25,0.4
of-seek,2,2,4,0.5
collided-my,1,2,3,0.6666666666666666
????-bagging,3,1,4,0.25
of-west,1,9,10,0.9
by-vote:,2,1,3,0.3333333333333333
2-i'm,2,1,3,0.3333333333333333
offroad-work,11,2,13,0.15384615384615385
????-what,2,1,3,0.3333333333333333
in-seek,3,2,5,0.4
twia-windstorm,1,1,2,0.5
#thanku-video,2,1,3,0.3333333333333333
is-truck,2,8,10,0.8
a-wreck.,9,1,10,0.1
even-to,15,8,23,0.34782608695652173
fatality-police,1,1,2,0.5
act-can,2,1,3,0.3333333333333333
star-the,7,5,12,0.4166666666666667
a-chemical,3,10,13,0.7692307692307693
thought-time,2,1,3,0.3333333333333333
a-bc,7,1,8,0.125
plan-so,1,1,2,0.5
--coming,4,2,6,0.3333333333333333
--environmental,1,1,2,0.5
an-if,7,3,10,0.3
derailed-for,1,2,3,0.6666666666666666
mass-murderer,6,12,18,0.6666666666666666
and-man',1,1,2,0.5
emergency-kit,3,2,5,0.4
banquet-of,2,2,4,0.5
mad-the,2,5,7,0.7142857142857143
bang-of,15,4,19,0.21052631578947367
don't-hit,1,1,2,0.5
--13,4,4,8,0.5
=-to,2,1,3,0.3333333333333333
because-said,1,2,3,0.6666666666666666
but-dvd,1,1,2,0.5
ha-run,1,2,3,0.6666666666666666
all-over,9,1,10,0.1
and-site,2,2,4,0.5
afghanistan-child,1,1,2,0.5
falling-for,1,3,4,0.75
in-near,2,21,23,0.9130434782608695
displaced-is,2,5,7,0.7142857142857143
n-of,5,3,8,0.375
a-confirmed,1,8,9,0.8888888888888888
ep...-of,1,1,2,0.5
for-woman,6,1,7,0.14285714285714285
fire.-we,1,1,2,0.5
all-storm,1,4,5,0.8
beautiful-me,1,1,2,0.5
@-storm,1,1,2,0.5
charity.'-is,4,2,6,0.3333333333333333
lizard-sun.,1,1,2,0.5
describes-in,2,1,3,0.3333333333333333
and-having,6,2,8,0.25
degree-on,1,1,2,0.5
18w-work,3,1,4,0.25
even-it,18,8,26,0.3076923076923077
annihilated-to,3,2,5,0.4
3-be,1,6,7,0.8571428571428571
at-august,2,24,26,0.9230769230769231
for-you're,7,1,8,0.125
in-mean,4,2,6,0.3333333333333333
don't-put,3,1,4,0.25
hijacking-wave,12,5,17,0.29411764705882354
ave-cleared:incident,1,2,3,0.6666666666666666
hate-this,2,1,3,0.3333333333333333
city-our,1,3,4,0.75
association-texas,1,1,2,0.5
by-group,3,2,5,0.4
@kurtschlichter-a,1,1,2,0.5
attack-it,2,4,6,0.6666666666666666
collided-not,1,1,2,0.5
about-change,2,2,4,0.5
me-u,6,3,9,0.3333333333333333
for-knee,1,2,3,0.6666666666666666
@youtube-hd,1,1,2,0.5
a-gain,2,1,3,0.3333333333333333
101:-drunk,3,1,4,0.25
in-left,8,7,15,0.4666666666666667
a-battle,18,2,20,0.1
from-natural,1,2,3,0.6666666666666666
friend-to,14,3,17,0.17647058823529413
i-whirlwind,5,1,6,0.16666666666666666
demolish-that,2,1,3,0.3333333333333333
and-didn't,4,1,5,0.2
from-sentinel,1,1,2,0.5
of-pregnant,2,1,3,0.3333333333333333
publicizing-the,4,4,8,0.5
t-the,2,1,3,0.3333333333333333
fire-now,1,4,5,0.8
i-mass,9,5,14,0.35714285714285715
but-go,5,1,6,0.16666666666666666
another-go,2,2,4,0.5
know-up.,1,1,2,0.5
an-when,9,4,13,0.3076923076923077
ever-so,1,2,3,0.6666666666666666
cover-to,3,1,4,0.25
phoenix-police,1,2,3,0.6666666666666666
boat-light,5,1,6,0.16666666666666666
struck-to,2,1,3,0.3333333333333333
idps:-nema,2,1,3,0.3333333333333333
of-wave,5,7,12,0.5833333333333334
a-rally,1,4,5,0.8
drunk-what,3,1,4,0.25
tsunami-wave,1,1,2,0.5
a-watched,5,1,6,0.16666666666666666
in-learn,1,3,4,0.75
anything-it,10,4,14,0.2857142857142857
off-one,5,1,6,0.16666666666666666
go-know,4,1,5,0.2
at-dead,2,14,16,0.875
someone-that,5,2,7,0.2857142857142857
derailed-of,1,8,9,0.8888888888888888
alarm-at,1,2,3,0.6666666666666666
can-crazy,3,1,4,0.25
over-then,1,1,2,0.5
for-greg,1,1,2,0.5
fte-psychiatric,1,1,2,0.5
burning-oooooohhhh,1,1,2,0.5
a-flattened,7,3,10,0.3
battle-star,9,2,11,0.18181818181818182
high-short,1,1,2,0.5
being-end,1,1,2,0.5
gun-were,1,2,3,0.6666666666666666
at-how,3,10,13,0.7692307692307693
parenthood-sarah,2,1,3,0.3333333333333333
--telegraph,1,2,3,0.6666666666666666
thing-this,6,2,8,0.25
thought-would,4,3,7,0.42857142857142855
any-that,11,3,14,0.21428571428571427
'it-mudslide',2,1,3,0.3333333333333333
be-hellfire,8,3,11,0.2727272727272727
biggest-ever,3,1,4,0.25
the-will,89,41,130,0.3153846153846154
than-you,6,2,8,0.25
at-into,4,3,7,0.42857142857142855
brutally-lovely,1,1,2,0.5
atomic-reshape,1,1,2,0.5
not-okay,3,1,4,0.25
&amp;-hot,3,1,4,0.25
been-time.,2,1,3,0.3333333333333333
quiz:-the,13,2,15,0.13333333333333333
:-on,2,4,6,0.6666666666666666
him-with,4,3,7,0.42857142857142855
at-nothing,1,1,2,0.5
into-zone.,1,1,2,0.5
by-love,8,1,9,0.1111111111111111
is-ok.,1,2,3,0.6666666666666666
reû_-survival,1,1,2,0.5
cyclone-this,2,1,3,0.3333333333333333
detonation-on,1,1,2,0.5
making-that,1,2,3,0.6666666666666666
him-wa,7,2,9,0.2222222222222222
month-will,1,2,3,0.6666666666666666
coach-head,1,1,2,0.5
--car,5,13,18,0.7222222222222222
a-enjoying,2,1,3,0.3333333333333333
in-route,4,1,5,0.2
fatality-of,3,12,15,0.8
fast-get,1,2,3,0.6666666666666666
ferguson's-state,2,1,3,0.3333333333333333
on-white,2,2,4,0.5
my-upset,1,1,2,0.5
for-you,97,17,114,0.14912280701754385
and-swept,1,2,3,0.6666666666666666
going-that,15,3,18,0.16666666666666666
are-your,8,7,15,0.4666666666666667
during-or,2,1,3,0.3333333333333333
&amp;-please,13,1,14,0.07142857142857142
(peace-yourself,4,2,6,0.3333333333333333
a-allowed,1,2,3,0.6666666666666666
heat-weather,2,1,3,0.3333333333333333
but-small,2,2,4,0.5
and-control,5,3,8,0.375
droid-jedi,1,1,2,0.5
is-very,3,3,6,0.5
cree-light,11,2,13,0.15384615384615385
my-rain,1,1,2,0.5
displaced-people;,1,4,5,0.8
ha-tried,2,1,3,0.3333333333333333
i-weekend,4,2,6,0.3333333333333333
&amp;-rubble,1,1,2,0.5
a-kosciusko,1,1,2,0.5
if-to,78,18,96,0.1875
so-tattoo,1,1,2,0.5
been-fire,1,2,3,0.6666666666666666
at-tonight,3,1,4,0.25
cause-were,1,4,5,0.8
--canada,2,1,3,0.3333333333333333
blood-the,11,3,14,0.21428571428571427
a-request,2,3,5,0.6
in-scout,1,1,2,0.5
flattened-he,1,5,6,0.8333333333333334
#world-waste,1,2,3,0.6666666666666666
ended-my,1,1,2,0.5
dog-from,2,1,3,0.3333333333333333
movie-not,1,1,2,0.5
me-so,27,6,33,0.18181818181818182
spot-the,8,4,12,0.3333333333333333
demolished-of,5,2,7,0.2857142857142857
my-tear,6,1,7,0.14285714285714285
get-of,34,12,46,0.2608695652173913
are-he,5,2,7,0.2857142857142857
longer-no,14,16,30,0.5333333333333333
53inch-led,6,1,7,0.14285714285714285
and-stadium,2,10,12,0.8333333333333334
wa-west,1,2,3,0.6666666666666666
u-when,13,6,19,0.3157894736842105
earlier-on,2,2,4,0.5
breathing-caution:,1,1,2,0.5
photo-the,3,2,5,0.4
concern-this,1,1,2,0.5
anything-do,5,3,8,0.375
go-subreddits,15,2,17,0.11764705882352941
in-peace,6,4,10,0.4
pledge-the,2,2,4,0.5
conflict-of,2,2,4,0.5
came-traumatised,1,1,2,0.5
here-the,17,10,27,0.37037037037037035
mean-up,3,1,4,0.25
about-are,12,12,24,0.5
block-i,3,1,4,0.25
how-you?,1,1,2,0.5
all-oil,1,8,9,0.8888888888888888
time-your,6,4,10,0.4
a-sewing,1,2,3,0.6666666666666666
govt-we,1,1,2,0.5
at-why,5,3,8,0.375
and-u,35,21,56,0.375
like-need,7,2,9,0.2222222222222222
for-rifle,1,1,2,0.5
story-tent,3,2,5,0.4
1.4-m,1,1,2,0.5
(hwo)-outlook,1,7,8,0.875
&amp;-earthquake,4,3,7,0.42857142857142855
danger-soon,3,1,4,0.25
in-range,1,1,2,0.5
by-of,60,83,143,0.5804195804195804
siren-you,4,1,5,0.2
it-none,1,1,2,0.5
off-please,1,1,2,0.5
call-on,3,3,6,0.5
&amp;-from,15,9,24,0.375
do-etc,1,2,3,0.6666666666666666
national-river,10,6,16,0.375
out-them,1,1,2,0.5
daily-in,1,3,4,0.75
from-movie,1,2,3,0.6666666666666666
corner-to,2,1,3,0.3333333333333333
service-you,3,1,4,0.25
band-for,4,1,5,0.2
idea-to,8,1,9,0.1111111111111111
good-not,5,2,7,0.2857142857142857
finnish-ministers:,2,1,3,0.3333333333333333
in-unconfirmed!,13,3,16,0.1875
fall-if,3,2,5,0.4
i-yet.,3,2,5,0.4
you!-your,5,1,6,0.16666666666666666
germ-of,3,11,14,0.7857142857142857
m-the,1,1,2,0.5
burning-some,4,2,6,0.3333333333333333
my-up,36,10,46,0.21739130434782608
on-summer,2,1,3,0.3333333333333333
in-nearly,2,3,5,0.6
https://t.co/e8dl1lncvu-stand,2,1,3,0.3333333333333333
like-off,7,2,9,0.2222222222222222
feed-have,1,1,2,0.5
see-up,5,1,6,0.16666666666666666
do-just,9,1,10,0.1
front-of,7,4,11,0.36363636363636365
medium-need,1,2,3,0.6666666666666666
#pbban-kill,3,1,4,0.25
price-the,3,2,5,0.4
he-is,52,13,65,0.2
been-who,7,3,10,0.3
for-responder,11,5,16,0.3125
can-concept,1,1,2,0.5
last-not,2,1,3,0.3333333333333333
--longer,3,2,5,0.4
drowned-what,1,1,2,0.5
building-car,1,5,6,0.8333333333333334
crushed-would,1,1,2,0.5
how-treat,1,1,2,0.5
big-no,1,1,2,0.5
people-tell,1,2,3,0.6666666666666666
rn-service,2,1,3,0.3333333333333333
is-we're,1,1,2,0.5
also-and,12,3,15,0.2
signed-up,2,1,3,0.3333333333333333
obliterate-you,6,2,8,0.25
dust-the,6,11,17,0.6470588235294118
myself-this,1,1,2,0.5
body-to,16,5,21,0.23809523809523808
getting-night,1,2,3,0.6666666666666666
anthrax-of,6,15,21,0.7142857142857143
share-story,1,1,2,0.5
internally-material,2,1,3,0.3333333333333333
could-is,1,6,7,0.8571428571428571
is-plan,7,4,11,0.36363636363636365
from-most,2,4,6,0.6666666666666666
i'd-it,5,1,6,0.16666666666666666
from-helping,2,2,4,0.5
dead-of,7,5,12,0.4166666666666667
humans!-is,2,2,4,0.5
is-late,1,2,3,0.6666666666666666
dies..is-follow,1,1,2,0.5
take-you're,2,1,3,0.3333333333333333
bit-for,3,1,4,0.25
hazardous-unsafe,1,3,4,0.75
doctor-to,2,2,4,0.5
baby-trump,1,1,2,0.5
coyote-of,1,1,2,0.5
3g-while,4,3,7,0.42857142857142855
neighborhood-we,1,1,2,0.5
of-owner,5,4,9,0.4444444444444444
is-not,33,17,50,0.34
im-oh,1,1,2,0.5
city-if,3,1,4,0.25
can't-find,3,1,4,0.25
old-to,8,2,10,0.2
attack-car,1,1,2,0.5
is-who,33,13,46,0.2826086956521739
already-when,1,1,2,0.5
i-route,1,1,2,0.5
been-tear,1,1,2,0.5
6+-for,1,1,2,0.5
whole-you,9,5,14,0.35714285714285715
and-siren,8,1,9,0.1111111111111111
satellite-soudelor,1,6,7,0.8571428571428571
some-wind,1,1,2,0.5
&amp;-mad,1,1,2,0.5
are-day,7,3,10,0.3
of-out,66,29,95,0.30526315789473685
hundred-million,1,1,2,0.5
????-me,5,4,9,0.4444444444444444
care-the,7,4,11,0.36363636363636365
catastrophe.-yourself,2,2,4,0.5
could-these,2,1,3,0.3333333333333333
oppression-soon,3,1,4,0.25
are-failure,1,1,2,0.5
meant-relief,2,1,3,0.3333333333333333
and-thrown,1,2,3,0.6666666666666666
into-stopped,1,1,2,0.5
agree-devastation,1,1,2,0.5
of-u.s,6,3,9,0.3333333333333333
hour-worry,1,1,2,0.5
but-im,4,3,7,0.42857142857142855
#afterlife-be,4,1,5,0.2
liked-with,1,1,2,0.5
https://t.co/rqwuoy1fm4-refugees;,1,3,4,0.75
(cont)-the,1,1,2,0.5
demolition-we,1,1,2,0.5
crazy-sex,1,1,2,0.5
--and,34,31,65,0.47692307692307695
have-set,2,1,3,0.3333333333333333
ha-market,4,1,5,0.2
duty-not,2,1,3,0.3333333333333333
and-died,4,2,6,0.3333333333333333
every-why,2,1,3,0.3333333333333333
at-mineral's,1,1,2,0.5
angry-woman,4,2,6,0.3333333333333333
fatal-to,3,33,36,0.9166666666666666
from-may,2,4,6,0.6666666666666666
at-right,2,3,5,0.6
a-them!,4,2,6,0.3333333333333333
landslide-to,1,2,3,0.6666666666666666
3-u,4,2,6,0.3333333333333333
approves-rate,1,1,2,0.5
for-horror,1,1,2,0.5
gun-we,1,1,2,0.5
into-turning,2,1,3,0.3333333333333333
hostage-new,1,1,2,0.5
much-other,1,1,2,0.5
is-lord,9,2,11,0.18181818181818182
but-soon,3,1,4,0.25
@stretcher-@witter,2,1,3,0.3333333333333333
gonna-you,7,4,11,0.36363636363636365
time-we,5,2,7,0.2857142857142857
animal!-owner,2,1,3,0.3333333333333333
head-police,1,1,2,0.5
been-could,1,1,2,0.5
of-over,11,44,55,0.8
&amp;-change,2,2,4,0.5
kid-play,1,1,2,0.5
i-there's,2,1,3,0.3333333333333333
ha-stock,4,1,5,0.2
let's-year,1,1,2,0.5
for-were,4,4,8,0.5
i-sitting,2,2,4,0.5
i'm-inside,1,1,2,0.5
emergency-health,4,1,5,0.2
a-new,57,12,69,0.17391304347826086
behind-on,3,2,5,0.4
00:52:25-time2015-08-06,1,1,2,0.5
people.-to,2,4,6,0.6666666666666666
again.-for,2,1,3,0.3333333333333333
came-this,3,2,5,0.4
not-rioting,1,2,3,0.6666666666666666
everyone-the,22,3,25,0.12
be-update,1,1,2,0.5
this-zone,4,2,6,0.3333333333333333
just-waiting,1,2,3,0.6666666666666666
#gunsense-a,2,1,3,0.3333333333333333
#insurance-comment,1,1,2,0.5
like-with,27,7,34,0.20588235294117646
problem-structural,2,1,3,0.3333333333333333
danger-https://t.co/moll5vd8yd,3,1,4,0.25
state-year,3,5,8,0.625
(.90-day),1,1,2,0.5
first-or,2,3,5,0.6
first-the,33,53,86,0.6162790697674418
to-walmart,1,3,4,0.75
fast-reason,3,1,4,0.25
my-watch,4,1,5,0.2
a-go,26,11,37,0.2972972972972973
of-reading,3,1,4,0.25
emergency-every,1,1,2,0.5
and-past,2,2,4,0.5
lived-my,1,2,3,0.6666666666666666
climate-who,4,2,6,0.3333333333333333
6-i,1,1,2,0.5
hijacking-to,16,5,21,0.23809523809523808
bc-that,7,1,8,0.125
demolition-of,2,5,7,0.7142857142857143
burning-p.o.p.e.,1,1,2,0.5
https://t.co/rqwuoy1fm4-strategy,1,3,4,0.75
for-siren,3,1,4,0.25
america-and,2,1,3,0.3333333333333333
for-hill,1,2,3,0.6666666666666666
been-i,39,8,47,0.1702127659574468
a-document,1,1,2,0.5
a-truck,5,12,17,0.7058823529411765
that-wa,35,23,58,0.39655172413793105
another-is,7,5,12,0.4166666666666667
&amp;-after,2,3,5,0.6
himself-i,2,1,3,0.3333333333333333
go-that,7,4,11,0.36363636363636365
and-insight,1,1,2,0.5
some-wanna,3,1,4,0.25
former-used,1,3,4,0.75
know-wa,11,4,15,0.26666666666666666
do-with,22,12,34,0.35294117647058826
droid-ebay,1,1,2,0.5
in-reward,2,2,4,0.5
and-involved,1,1,2,0.5
a-welfare,1,1,2,0.5
hijacker-remove,5,2,7,0.2857142857142857
3-at,5,3,8,0.375
...-police,1,3,4,0.75
feel-got,2,2,4,0.5
those-wound,1,1,2,0.5
almost-is,4,3,7,0.42857142857142855
being-is,8,10,18,0.5555555555555556
an-day,1,3,4,0.75
i-turn,6,3,9,0.3333333333333333
a-and...,2,2,4,0.5
**trfc-/,2,7,9,0.7777777777777778
in-talk,5,6,11,0.5454545454545454
from-three,1,2,3,0.6666666666666666
--from,31,24,55,0.43636363636363634
because-stopped,1,1,2,0.5
for-school,12,11,23,0.4782608695652174
being-thanks,1,1,2,0.5
300w-53inch,6,1,7,0.14285714285714285
2-destiny,5,1,6,0.16666666666666666
best-by,2,2,4,0.5
a-destroy,4,2,6,0.3333333333333333
a-wind,26,20,46,0.43478260869565216
level-reshape,1,1,2,0.5
that's-what,1,4,5,0.8
fire-never,1,1,2,0.5
gm!-of,5,1,6,0.16666666666666666
ink-what,2,1,3,0.3333333333333333
got-like,7,4,11,0.36363636363636365
follow-it,3,1,4,0.25
patience-plan,5,9,14,0.6428571428571429
they-think,6,1,7,0.14285714285714285
least-one,1,1,2,0.5
isi-since,1,1,2,0.5
began-making,1,1,2,0.5
&amp;-share,4,1,5,0.2
&amp;-nothing,2,1,3,0.3333333333333333
combo-fog,6,1,7,0.14285714285714285
boat-full,5,3,8,0.375
invited-the,1,1,2,0.5
agreed-to,2,1,3,0.3333333333333333
a-claim,5,1,6,0.16666666666666666
fire-wa,3,14,17,0.8235294117647058
#nursing-department,1,1,2,0.5
by-to,52,59,111,0.5315315315315315
will-would,1,2,3,0.6666666666666666
behalf-of,2,2,4,0.5
@-man,1,1,2,0.5
'first'-charged,1,1,2,0.5
nearly-year,1,1,2,0.5
stuck-to,2,1,3,0.3333333333333333
have-see,5,2,7,0.2857142857142857
his-started,1,2,3,0.6666666666666666
good-what,2,1,3,0.3333333333333333
played-should,1,2,3,0.6666666666666666
i-know.,1,2,3,0.6666666666666666
send-to,20,11,31,0.3548387096774194
just-soon,1,1,2,0.5
every-it,9,1,10,0.1
for-once,1,1,2,0.5
evacuate-i,5,8,13,0.6153846153846154
it-that,76,34,110,0.3090909090909091
allows-for,3,9,12,0.75
blown-went,1,1,2,0.5
into-reddit's,15,2,17,0.11764705882352941
fires.-to,2,6,8,0.75
sign-will,2,1,3,0.3333333333333333
not-stress,2,1,3,0.3333333333333333
instead-just,1,1,2,0.5
ha-national,1,1,2,0.5
coyote-morning,1,1,2,0.5
all-glad,1,1,2,0.5
a-devastated,3,1,4,0.25
info-the,2,4,6,0.6666666666666666
if-my,29,1,30,0.03333333333333333
four-that,4,1,5,0.2
drought-we,1,1,2,0.5
but-front,1,1,2,0.5
by-drove,1,1,2,0.5
faced-make,1,2,3,0.6666666666666666
ready-the,2,5,7,0.7142857142857143
for-student,2,4,6,0.6666666666666666
the-year.,4,2,6,0.3333333333333333
dad-i,5,3,8,0.375
most-watched,1,1,2,0.5
and-military,1,4,5,0.8
there-what,3,3,6,0.5
anyone-been,1,1,2,0.5
loss-unsafe,1,2,3,0.6666666666666666
keep-of,7,2,9,0.2222222222222222
level-up,3,1,4,0.25
hosting-the,1,1,2,0.5
i-they've,1,1,2,0.5
in-terrorist,3,17,20,0.85
between-the,5,2,7,0.2857142857142857
nema-relief,2,2,4,0.5
back-doing,2,1,3,0.3333333333333333
2.1a-6,1,1,2,0.5
53inch-offroad,6,1,7,0.14285714285714285
it-rubble,1,1,2,0.5
all-on,25,16,41,0.3902439024390244
im-still,1,1,2,0.5
effect-many,15,2,17,0.11764705882352941
12-of,2,4,6,0.6666666666666666
go-state,1,1,2,0.5
is-it's,16,5,21,0.23809523809523808
good-thing,2,4,6,0.6666666666666666
head-out,1,1,2,0.5
how-lol,1,1,2,0.5
all-emergency,2,2,4,0.5
came-up,1,1,2,0.5
fog-full,6,1,7,0.14285714285714285
coach-of,1,18,19,0.9473684210526315
now-reddit,24,4,28,0.14285714285714285
in-rule,2,6,8,0.75
chicago-area-to,7,1,8,0.125
ride-to,2,2,4,0.5
back-from,3,6,9,0.6666666666666666
any-w/heavenly,5,1,6,0.16666666666666666
life-will,2,4,6,0.6666666666666666
and-whirlwind,6,2,8,0.25
http://t.co/xssgedsbh4-player,1,1,2,0.5
arm-head,1,1,2,0.5
her-there,1,2,3,0.6666666666666666
make-who,3,1,4,0.25
a-stepped,4,1,5,0.2
cook-what,3,1,4,0.25
democracy.-to,1,1,2,0.5
anyone-movie,1,1,2,0.5
accuses-stealing,2,1,3,0.3333333333333333
group-is,5,6,11,0.5454545454545454
expensive-le,1,1,2,0.5
collision-no-south,1,1,2,0.5
then-this,1,2,3,0.6666666666666666
it-once,3,2,5,0.4
amid-cross,2,1,3,0.3333333333333333
...-for,6,11,17,0.6470588235294118
be-out,10,2,12,0.16666666666666666
:-in,9,8,17,0.47058823529411764
never-would,3,3,6,0.5
got-me,11,2,13,0.15384615384615385
and-really,10,1,11,0.09090909090909091
memorial-planned,2,1,3,0.3333333333333333
a-sport,5,2,7,0.2857142857142857
hand-up,1,1,2,0.5
disaster'-to,2,2,4,0.5
any-if,8,1,9,0.1111111111111111
caught-truck,1,1,2,0.5
check-it,5,2,7,0.2857142857142857
2011-of,1,1,2,0.5
4000-syrian,4,2,6,0.3333333333333333
and-far,3,5,8,0.625
for-that,41,16,57,0.2807017543859649
do-their,1,1,2,0.5
day-off,1,2,3,0.6666666666666666
camp-child,1,2,3,0.6666666666666666
line-the,4,11,15,0.7333333333333333
date-said,4,2,6,0.3333333333333333
4-wa,1,3,4,0.75
pundit-the,1,1,2,0.5
at-who,1,4,5,0.8
3g-sinking,4,3,7,0.42857142857142855
my-scream,6,2,8,0.25
shit-weak,2,2,4,0.5
at-building,3,9,12,0.75
at-would,8,1,9,0.1111111111111111
#islam-to,5,3,8,0.375
????????????-the,6,1,7,0.14285714285714285
and-william,1,1,2,0.5
9-at,1,1,2,0.5
literally-that,5,1,6,0.16666666666666666
director-of,2,1,3,0.3333333333333333
all-my,34,7,41,0.17073170731707318
bc-heart,1,1,2,0.5
a-bang,31,7,38,0.18421052631578946
fall-huge,1,3,4,0.75
almost-on,2,3,5,0.6
others-when,1,2,3,0.6666666666666666
i-natural,1,3,4,0.75
...-jacksonville,2,1,3,0.3333333333333333
horse-stand,1,1,2,0.5
i-into,29,28,57,0.49122807017543857
devastated-that,1,2,3,0.6666666666666666
caused-to,5,5,10,0.5
a-all,44,21,65,0.3230769230769231
emergency-s,1,1,2,0.5
building....-oooooohhhh,1,1,2,0.5
half-this,1,1,2,0.5
hazard-of,8,4,12,0.3333333333333333
to-transport,6,13,19,0.6842105263157895
drive-off,1,1,2,0.5
and-collision,1,4,5,0.8
n-out,2,1,3,0.3333333333333333
pirate-the,1,1,2,0.5
people-them,4,2,6,0.3333333333333333
for-some,13,6,19,0.3157894736842105
estate-in,3,4,7,0.5714285714285714
it-oil,1,1,2,0.5
of-recovery,1,1,2,0.5
blamed-in,2,1,3,0.3333333333333333
point-the,9,1,10,0.1
and-up,54,21,75,0.28
--cyclone,1,2,3,0.6666666666666666
an-version,1,1,2,0.5
and-consequence,2,2,4,0.5
a-how,55,21,76,0.27631578947368424
he-on,16,4,20,0.2
do-you'll,1,1,2,0.5
.-the,6,3,9,0.3333333333333333
browser-the,6,2,8,0.25
communication-in,1,1,2,0.5
doe-not,2,5,7,0.7142857142857143
i-realized,1,1,2,0.5
heat-some,3,1,4,0.25
nigerian-repatriated,1,10,11,0.9090909090909091
all-would,4,1,5,0.2
rape-time,1,1,2,0.5
eye-is,1,2,3,0.6666666666666666
previous-with,1,1,2,0.5
in-thunderstorm,1,12,13,0.9230769230769231
hi-in,3,1,4,0.25
control-so,4,1,5,0.2
&amp;-august,1,1,2,0.5
and-issue,7,2,9,0.2222222222222222
for-w/,3,1,4,0.25
enemy-of,5,1,6,0.16666666666666666
business-the,29,3,32,0.09375
smoke-wa,2,1,3,0.3333333333333333
bs.-is,1,1,2,0.5
and-ur,5,4,9,0.4444444444444444
12000-repatriated,1,10,11,0.9090909090909091
am-her,3,1,4,0.25
fifth-what,2,1,3,0.3333333333333333
and-everywhere,2,3,5,0.6
support-to,5,2,7,0.2857142857142857
#islam-saving,2,2,4,0.5
more-new,1,2,3,0.6666666666666666
dorret's-great,1,1,2,0.5
at-gmmbc,1,1,2,0.5
have-i'd,8,1,9,0.1111111111111111
and-bc,7,3,10,0.3
bioterror-pathogen,5,5,10,0.5
entire-of,6,3,9,0.3333333333333333
radio:-the,1,1,2,0.5
out-tell,1,1,2,0.5
because-by,8,1,9,0.1111111111111111
fire-on,8,96,104,0.9230769230769231
it-survive,1,4,5,0.8
and-royal,1,1,2,0.5
business-of,18,5,23,0.21739130434782608
or-rather,2,1,3,0.3333333333333333
power-you,1,1,2,0.5
appears-unconfirmed!,13,3,16,0.1875
but-suicide,1,1,2,0.5
dead.-for,1,1,2,0.5
deal-on,2,1,3,0.3333333333333333
they-use,1,1,2,0.5
gonna-i,11,6,17,0.35294117647058826
arm-on,2,3,5,0.6
get-want,3,1,4,0.25
not-thing,2,3,5,0.6
#prophetmuhammad-turned,4,2,6,0.3333333333333333
enemy-i,5,1,6,0.16666666666666666
go-new,15,2,17,0.11764705882352941
collided-for,3,1,4,0.25
build-that,1,1,2,0.5
of-whale,1,1,2,0.5
help-of,13,5,18,0.2777777777777778
building-ha,1,1,2,0.5
get-if,17,4,21,0.19047619047619047
full-mining,3,1,4,0.25
can't-my,12,2,14,0.14285714285714285
cover-the,2,2,4,0.5
life-save,1,1,2,0.5
in-lost,4,4,8,0.5
#course-course,4,2,6,0.3333333333333333
to-visit,2,2,4,0.5
firey-predict,1,1,2,0.5
nema-of,2,2,4,0.5
#reflect-surah,2,1,3,0.3333333333333333
hard-on,2,1,3,0.3333333333333333
an-disaster,1,1,2,0.5
out-perfect,1,1,2,0.5
burning-w/,1,1,2,0.5
but-share,1,1,2,0.5
satellite-typhoon,1,6,7,0.8571428571428571
&amp;-so,8,5,13,0.38461538461538464
in-save,6,8,14,0.5714285714285714
from-super,2,1,3,0.3333333333333333
drove-it,1,1,2,0.5
been-second,1,1,2,0.5
back-feel,3,1,4,0.25
sun-this,2,2,4,0.5
feed-thousand,1,1,2,0.5
fatal-say,1,4,5,0.8
griefûª-stir,1,4,5,0.8
a-leg,2,1,3,0.3333333333333333
for-water,3,2,5,0.4
beam-reaû_,3,1,4,0.25
#islam!-donûªt,1,1,2,0.5
my-storm,5,7,12,0.5833333333333334
1.4-utc2015-08-05,1,1,2,0.5
germ-mishap,3,11,14,0.7857142857142857
allow-to,2,7,9,0.7777777777777778
60-worst,1,1,2,0.5
sir-you,1,1,2,0.5
#islam-he,4,2,6,0.3333333333333333
start-u,1,2,3,0.6666666666666666
late-me,1,1,2,0.5
mayhem!-range,1,1,2,0.5
night-out,5,1,6,0.16666666666666666
how-show,1,1,2,0.5
#somalia-seismic,1,4,5,0.8
angel-took,1,1,2,0.5
quiz:-you,17,3,20,0.15
of-stand,9,3,12,0.25
other-prevent,1,1,2,0.5
2pcs-flood,3,1,4,0.25
get-look,4,1,5,0.2
been-still,1,3,4,0.75
#southdowns-#tree,1,1,2,0.5
for-nothing,4,1,5,0.2
glad-it's,3,1,4,0.25
run-to,15,6,21,0.2857142857142857
know-what,9,2,11,0.18181818181818182
are-too,3,3,6,0.5
&amp;-person,1,1,2,0.5
right-up,3,2,5,0.4
care-not,2,1,3,0.3333333333333333
sad-so,1,2,3,0.6666666666666666
murder-that,1,3,4,0.75
canûªt-in,1,1,2,0.5
going-next,1,1,2,0.5
ball-then,2,1,3,0.3333333333333333
firefighter-on,2,1,3,0.3333333333333333
california-linked,1,6,7,0.8571428571428571
aircraft-faan,1,7,8,0.875
the-up,101,63,164,0.38414634146341464
have-just,15,2,17,0.11764705882352941
been-http://t.co/bbdpnj8xsx,2,1,3,0.3333333333333333
a-i,523,145,668,0.21706586826347304
#rickperry-cut,1,2,3,0.6666666666666666
or-this?,1,1,2,0.5
family-for,6,2,8,0.25
#nestleindia-unsafe,1,2,3,0.6666666666666666
is-wild,1,9,10,0.9
jamaica-the,1,1,2,0.5
just-make,4,1,5,0.2
lovely-ty,1,1,2,0.5
#prebreak-content,4,1,5,0.2
of-school,6,4,10,0.4
cool-out,1,1,2,0.5
is-won't,1,1,2,0.5
even-that,12,3,15,0.2
on-them,10,5,15,0.3333333333333333
it.-that,6,1,7,0.14285714285714285
off-to,21,13,34,0.38235294117647056
end-is,10,3,13,0.23076923076923078
be-support,1,1,2,0.5
and-plus,1,1,2,0.5
rubble?-there,5,6,11,0.5454545454545454
out-run,2,3,5,0.6
now-or,6,1,7,0.14285714285714285
but-number,2,2,4,0.5
both-call,1,1,2,0.5
leader-of,2,3,5,0.6
and-lab,1,1,2,0.5
leaving-of,1,2,3,0.6666666666666666
#islam!-so,1,1,2,0.5
me-of,45,19,64,0.296875
though-wa,2,2,4,0.5
degree-heat,1,2,3,0.6666666666666666
many-reminder,1,1,2,0.5
burning-ooh...,1,1,2,0.5
and-riot,3,3,6,0.5
our-true,2,1,3,0.3333333333333333
lot.-the,1,1,2,0.5
#prebreak-and,1,7,8,0.875
in-national,1,10,11,0.9090909090909091
only-other,1,1,2,0.5
(detonation)-ignition,15,5,20,0.25
not-wa,10,7,17,0.4117647058823529
arson-chicago-area,5,1,6,0.16666666666666666
heart-the,10,8,18,0.4444444444444444
because-playing,2,1,3,0.3333333333333333
wild-you,2,1,3,0.3333333333333333
apc-patience,4,7,11,0.6363636363636364
approves-insurance,1,1,2,0.5
out-trent,1,2,3,0.6666666666666666
about-trump,1,1,2,0.5
gonna-last,1,1,2,0.5
6th-the,1,1,2,0.5
/-or,1,1,2,0.5
for-we,17,12,29,0.41379310344827586
also-to,6,3,9,0.3333333333333333
keep-told,2,1,3,0.3333333333333333
bleeding-saw,1,1,2,0.5
annihilated-that's,1,1,2,0.5
i-survived,11,3,14,0.21428571428571427
me-while,2,2,4,0.5
of-tear,2,1,3,0.3333333333333333
feminist-the,13,2,15,0.13333333333333333
along-in,1,1,2,0.5
from-wind,13,4,17,0.23529411764705882
i'm-when,6,2,8,0.25
landslide-win,3,1,4,0.25
of-rising,2,2,4,0.5
about-via,1,3,4,0.75
and-minute,3,2,5,0.4
lol-look,1,1,2,0.5
he's-it,3,1,4,0.25
amongst-the,4,5,9,0.5555555555555556
hour-in,7,3,10,0.3
offensiveåêcontent-will,2,1,3,0.3333333333333333
need-now,2,1,3,0.3333333333333333
by-so,10,2,12,0.16666666666666666
have-i've,2,1,3,0.3333333333333333
of-quickly,3,2,5,0.4
and-you'll,3,1,4,0.25
all-i,48,13,61,0.21311475409836064
#islam-humans!,1,1,2,0.5
get-half,1,1,2,0.5
bad-or,2,1,3,0.3333333333333333
bomb-from,1,1,2,0.5
now-survive,2,2,4,0.5
a-largest,1,2,3,0.6666666666666666
is-rubble,1,1,2,0.5
just-oh,1,1,2,0.5
bush-on,1,1,2,0.5
are-stuff,1,1,2,0.5
'the-the,28,4,32,0.125
it-stupid.,1,1,2,0.5
hundred-the,1,16,17,0.9411764705882353
displaced-for,4,5,9,0.5555555555555556
an-cause,2,3,5,0.6
collapsed-his,3,1,4,0.25
lightning-the,10,14,24,0.5833333333333334
is-middle,1,1,2,0.5
:)-is,2,3,5,0.6
new-over,4,2,6,0.3333333333333333
best-our,1,1,2,0.5
half-the,12,12,24,0.5
start-take,2,2,4,0.5
term-the,1,1,2,0.5
#southdowns-snowstorm,1,1,2,0.5
and-wondering,2,1,3,0.3333333333333333
detonate-it,1,1,2,0.5
cyclone-of,1,1,2,0.5
--not,4,2,6,0.3333333333333333
see-that,12,4,16,0.25
fan-i'm,2,1,3,0.3333333333333333
mail-the,1,1,2,0.5
can't-come,1,1,2,0.5
--curved,6,1,7,0.14285714285714285
her-mum,1,1,2,0.5
2015:-australiaûªs,1,1,2,0.5
--flood,12,16,28,0.5714285714285714
black-world,1,1,2,0.5
explosion-the,12,8,20,0.4
horrible-subreddits,15,2,17,0.11764705882352941
blight-for,6,1,7,0.14285714285714285
honestly-i,7,1,8,0.125
created-in,2,1,3,0.3333333333333333
one-went,4,2,6,0.3333333333333333
after-it's,1,1,2,0.5
and-set,7,3,10,0.3
image-of,1,6,7,0.8571428571428571
by-said,4,11,15,0.7333333333333333
a-injuries.,1,6,7,0.8571428571428571
curfew-the,5,2,7,0.2857142857142857
he-owner,2,1,3,0.3333333333333333
just-think,9,3,12,0.25
@change-salt,5,4,9,0.4444444444444444
abused+desolate&amp;lost-ty,1,1,2,0.5
and-another,7,6,13,0.46153846153846156
are-united,1,1,2,0.5
a-chance,10,2,12,0.16666666666666666
half-said,4,2,6,0.3333333333333333
concert-the,2,1,3,0.3333333333333333
issue-real,1,1,2,0.5
but-still,10,3,13,0.23076923076923078
gay-scheme,4,1,5,0.2
a-least,8,11,19,0.5789473684210527
famous-on,1,2,3,0.6666666666666666
animal!-petition,2,1,3,0.3333333333333333
&amp;-down.,1,1,2,0.5
by-were,4,4,8,0.5
catastrophe.-it,3,1,4,0.25
first-still,1,1,2,0.5
brother-his,3,2,5,0.4
's-there,1,1,2,0.5
damn-mean,1,1,2,0.5
i-maintenance,1,1,2,0.5
a-humanity.,1,2,3,0.6666666666666666
reshape-rock,1,1,2,0.5
fall-like,4,1,5,0.2
it-when,28,29,57,0.5087719298245614
how-video,2,1,3,0.3333333333333333
by-safety,1,3,4,0.75
from-who,9,23,32,0.71875
drowning-like,2,1,3,0.3333333333333333
for-stay,4,2,6,0.3333333333333333
??-off,2,1,3,0.3333333333333333
hijack-swansea,1,2,3,0.6666666666666666
responder-safety,1,1,2,0.5
horse...-wild,5,3,8,0.375
24-the,2,5,7,0.7142857142857143
an-state,1,2,3,0.6666666666666666
is-living,1,3,4,0.75
an-had,8,1,9,0.1111111111111111
these-wound,2,1,3,0.3333333333333333
closed-to,1,8,9,0.8888888888888888
in-three,1,15,16,0.9375
#nursing-providence,2,1,3,0.3333333333333333
at-reactor,1,1,2,0.5
broken-it,2,2,4,0.5
#bookboost-sassy,1,2,3,0.6666666666666666
i-myself,14,3,17,0.17647058823529413
text-to,6,1,7,0.14285714285714285
and-suck,1,1,2,0.5
fall-u,2,2,4,0.5
like-mudslide',3,1,4,0.25
a-collapse.,1,1,2,0.5
being-one,2,1,3,0.3333333333333333
in-job,4,1,5,0.2
book-joe,1,1,2,0.5
line-this,1,2,3,0.6666666666666666
&amp;-empty,1,1,2,0.5
hot-she,1,1,2,0.5
it's-time,6,2,8,0.25
...-2,1,1,2,0.5
get-tide,1,1,2,0.5
about-climate,1,1,2,0.5
against-fight,1,1,2,0.5
ball-say,1,1,2,0.5
at-health,3,1,4,0.25
case-in,3,8,11,0.7272727272727273
if-keep,2,2,4,0.5
animal!-is,2,1,3,0.3333333333333333
state-via,4,1,5,0.2
green-my,2,1,3,0.3333333333333333
grill-of,7,1,8,0.125
he-still,4,4,8,0.5
(ft.-detonate,1,1,2,0.5
--m.o.p.,4,1,5,0.2
derail-to,10,5,15,0.3333333333333333
minister-prime,1,2,3,0.6666666666666666
saw-that,2,3,5,0.6
can't-would,1,2,3,0.6666666666666666
if-prophet,4,2,6,0.3333333333333333
ha-set,1,2,3,0.6666666666666666
burning-û_,2,1,3,0.3333333333333333
#emmerdale-if,1,1,2,0.5
there's-you,6,1,7,0.14285714285714285
w/-would,1,1,2,0.5
hard-just,2,1,3,0.3333333333333333
making-to,11,2,13,0.15384615384615385
tragedy-with,1,1,2,0.5
and-heat,6,6,12,0.5
53inch-work,6,1,7,0.14285714285714285
city-smoky,1,2,3,0.6666666666666666
on-train,2,8,10,0.8
on-patience,2,1,3,0.3333333333333333
@youngheroesid-power,3,2,5,0.4
for-service,3,2,5,0.4
be-the,156,61,217,0.28110599078341014
tonight-with,1,2,3,0.6666666666666666
know-on,14,2,16,0.125
e-interlaken,1,1,2,0.5
at-killed,2,11,13,0.8461538461538461
and-north,1,5,6,0.8333333333333334
m-time2015-08-06,1,9,10,0.9
in-keep,7,4,11,0.36363636363636365
#farrakhan-plaguing,2,1,3,0.3333333333333333
and-out,60,16,76,0.21052631578947367
because-vote:,2,1,3,0.3333333333333333
don't-down,3,1,4,0.25
victim-wa,1,1,2,0.5
are-disaster,3,5,8,0.625
have-haven't,2,1,3,0.3333333333333333
evacuated-the,1,4,5,0.8
died-trapped,1,1,2,0.5
&amp;-inundation,1,1,2,0.5
because-room,2,1,3,0.3333333333333333
music-some,2,2,4,0.5
car-outside,2,1,3,0.3333333333333333
annihilation-is,1,1,2,0.5
always-they,1,1,2,0.5
brought-of,3,1,4,0.25
in-york,1,4,5,0.8
another-him,1,2,3,0.6666666666666666
hijack-on,2,2,4,0.5
allow-the,2,3,5,0.6
their-wa,6,3,9,0.3333333333333333
do-fire,1,3,4,0.75
which-you,6,2,8,0.25
her-wife,9,4,13,0.3076923076923077
front-is,2,2,4,0.5
said-so,5,1,6,0.16666666666666666
annihilated-that,3,1,4,0.25
chinaûªs-ha,3,1,4,0.25
jacksonville-planned,2,1,3,0.3333333333333333
one-set,4,1,5,0.2
&amp;-more,3,5,8,0.625
back-this,8,4,12,0.3333333333333333
and-stab,1,2,3,0.6666666666666666
cia-of,1,1,2,0.5
i-tv,4,3,7,0.42857142857142855
drunk-obliterated,3,1,4,0.25
shooting-this,1,3,4,0.75
man-your,6,2,8,0.25
approval-of,1,1,2,0.5
driving-me,1,1,2,0.5
&amp;-take,6,2,8,0.25
alarm-film,1,1,2,0.5
7-and,1,2,3,0.6666666666666666
decision-in,3,2,5,0.4
high-people,1,1,2,0.5
and-yeah,3,2,5,0.4
like-tsunami,3,2,5,0.4
film-of,2,3,5,0.6
still-wa,2,1,3,0.3333333333333333
a-rapidly,1,1,2,0.5
@kurtschlichter-to,1,1,2,0.5
know-why,4,1,5,0.2
for-name,3,2,5,0.4
chile:-in,4,3,7,0.42857142857142855
a-bombed,4,7,11,0.6363636363636364
--hijacker,1,1,2,0.5
someone-trying,1,1,2,0.5
and-upper,1,1,2,0.5
the-yours,20,2,22,0.09090909090909091
attitude-be,2,1,3,0.3333333333333333
at-today.,1,2,3,0.6666666666666666
do-from,3,2,5,0.4
got-still,2,1,3,0.3333333333333333
bombed-japan,1,2,3,0.6666666666666666
be-music,1,1,2,0.5
nuclear-public,1,1,2,0.5
are-track,1,1,2,0.5
300-this,1,1,2,0.5
home-it,5,4,9,0.4444444444444444
behind-that,1,2,3,0.6666666666666666
--is,23,23,46,0.5
more-no,4,4,8,0.5
--guide,1,1,2,0.5
away-that,6,1,7,0.14285714285714285
death-is,10,3,13,0.23076923076923078
down-the,27,11,38,0.2894736842105263
anything-not,4,1,5,0.2
over-to,21,47,68,0.6911764705882353
coach-my,1,13,14,0.9285714285714286
--south,4,5,9,0.5555555555555556
laughing-the,1,2,3,0.6666666666666666
by-truck,1,2,3,0.6666666666666666
and-biggest,2,1,3,0.3333333333333333
just-part,2,1,3,0.3333333333333333
him-in,16,1,17,0.058823529411764705
new-young,2,1,3,0.3333333333333333
collapsed-off's,1,1,2,0.5
a-walk,2,6,8,0.75
and-screamed,12,2,14,0.14285714285714285
climate-to,3,2,5,0.4
home-police,1,1,2,0.5
is-match,1,2,3,0.6666666666666666
knife-torch,1,1,2,0.5
can-it,15,5,20,0.25
my-point,2,1,3,0.3333333333333333
in-man,10,22,32,0.6875
the-zone,8,1,9,0.1111111111111111
nearby.-to,13,3,16,0.1875
but-reason,5,1,6,0.16666666666666666
annihilation-river,6,4,10,0.4
fire-we,8,20,28,0.7142857142857143
death-hope,1,1,2,0.5
crazy-to,5,4,9,0.4444444444444444
hunter-try,1,3,4,0.75
change-climate,5,3,8,0.375
browser-remove,5,2,7,0.2857142857142857
curved-flood,6,1,7,0.14285714285714285
cloud-storm,1,1,2,0.5
haven't-is,2,1,3,0.3333333333333333
and-dad,3,1,4,0.25
saving-to,3,2,5,0.4
for-remember,3,2,5,0.4
go-her,6,1,7,0.14285714285714285
for-u,21,11,32,0.34375
every-nuclear,1,2,3,0.6666666666666666
mess-to,3,1,4,0.25
an-emergency.,2,2,4,0.5
an-world,5,1,6,0.16666666666666666
i'm-of,37,10,47,0.2127659574468085
&amp;-rt,10,6,16,0.375
harm-they,5,2,7,0.2857142857142857
nuclear-today,1,2,3,0.6666666666666666
10th-for,1,1,2,0.5
catastrophic-for,1,2,3,0.6666666666666666
happened-know,1,1,2,0.5
road-the,14,11,25,0.44
surprised-the,2,2,4,0.5
his-in,20,16,36,0.4444444444444444
casualties.-that,1,1,2,0.5
bang-wind,13,3,16,0.1875
detonate-not,1,1,2,0.5
a-safer,3,2,5,0.4
an-option,2,1,3,0.3333333333333333
dog-with,2,2,4,0.5
back-peace,1,1,2,0.5
ignition-sensor,7,1,8,0.125
leaving-that,1,1,2,0.5
an-thing,1,1,2,0.5
one-so,4,6,10,0.6
brain-in,3,1,4,0.25
electrical-the,1,1,2,0.5
by-while,3,2,5,0.4
or-u,9,3,12,0.25
beautiful-of,6,4,10,0.4
into-years.,1,1,2,0.5
#handbag-http://t.co/zujwuiomb3,3,1,4,0.25
5-time,1,1,2,0.5
theyre-you,1,1,2,0.5
capture-in,1,2,3,0.6666666666666666
screamed-song,2,1,3,0.3333333333333333
1st-if,1,1,2,0.5
guy-on,5,2,7,0.2857142857142857
ebay-full,15,1,16,0.0625
ahead-reactor,2,1,3,0.3333333333333333
#funny-sinkhole,2,1,3,0.3333333333333333
allegiance-of,1,1,2,0.5
5-on,3,1,4,0.25
of-officer,1,10,11,0.9090909090909091
@accionempresa-crash,1,1,2,0.5
disaster-you,7,2,9,0.2222222222222222
i'd-the,10,3,13,0.23076923076923078
#bookboost-country,1,2,3,0.6666666666666666
+-to,8,2,10,0.2
back-i'm,6,1,7,0.14285714285714285
famine-is,1,2,3,0.6666666666666666
brown-with,3,1,4,0.25
rt-when,2,1,3,0.3333333333333333
i-sir,3,3,6,0.5
bad-get,3,3,6,0.5
down-line,1,1,2,0.5
general-lawton,1,1,2,0.5
15-and,1,2,3,0.6666666666666666
collided-roanoke,1,2,3,0.6666666666666666
heat-now,1,3,4,0.75
my-you're,5,4,9,0.4444444444444444
????-to,16,6,22,0.2727272727272727
and-slide,1,1,2,0.5
ahead-finnish,4,1,5,0.2
clearly-the,1,3,4,0.75
cut-secret,1,2,3,0.6666666666666666
police-road,1,3,4,0.75
italy-sicily,1,1,2,0.5
coach-dan,1,1,2,0.5
plaguing-the,7,2,9,0.2222222222222222
death-evacuation,1,1,2,0.5
factory-in,1,1,2,0.5
wa-were,4,13,17,0.7647058823529411
#globalwarming!!-world,1,1,2,0.5
minute-of,3,2,5,0.4
too-work,1,1,2,0.5
destroyed-life,2,1,3,0.3333333333333333
of-towards,1,1,2,0.5
new-version,1,1,2,0.5
crisis-ha,1,1,2,0.5
--man,7,5,12,0.4166666666666667
they-weren't,1,1,2,0.5
the-truly,1,5,6,0.8333333333333334
in-somalia,1,1,2,0.5
don't-train,1,2,3,0.6666666666666666
concert-in,1,1,2,0.5
death-you,5,1,6,0.16666666666666666
probably-to,9,1,10,0.1
my-sitting,3,1,4,0.25
shift-take,1,4,5,0.8
2-when,5,4,9,0.4444444444444444
blew-look,1,1,2,0.5
just-train,1,1,2,0.5
a-hill,1,2,3,0.6666666666666666
demolish-in,2,2,4,0.5
collapsed-no,1,1,2,0.5
and-being,14,13,27,0.48148148148148145
are-these,7,3,10,0.3
a-on,163,168,331,0.5075528700906344
n-wa,2,1,3,0.3333333333333333
his-now!,2,1,3,0.3333333333333333
--toddler,2,1,3,0.3333333333333333
i-survivor,1,1,2,0.5
hurricane-to,1,2,3,0.6666666666666666
gunshot-not,1,1,2,0.5
taken-to,3,4,7,0.5714285714285714
description-people,2,1,3,0.3333333333333333
8-for,2,4,6,0.6666666666666666
#michelebachman-be,1,1,2,0.5
--life,3,2,5,0.4
did-hell,2,1,3,0.3333333333333333
of-sinking,6,1,7,0.14285714285714285
fire-firefighter,1,2,3,0.6666666666666666
expect-i,3,3,6,0.5
god-i'm,1,1,2,0.5
want-you,20,4,24,0.16666666666666666
and-morning,3,1,4,0.25
of-smaug,9,2,11,0.18181818181818182
for-world,5,1,6,0.16666666666666666
collection-power,1,1,2,0.5
--2pcs,3,1,4,0.25
drown-know,2,1,3,0.3333333333333333
desolation.-morning,1,1,2,0.5
last-up,4,4,8,0.5
video-winston,1,1,2,0.5
him-his,7,1,8,0.125
nuclear-would,2,1,3,0.3333333333333333
be-charged,1,1,2,0.5
ha-to,45,24,69,0.34782608695652173
about-trapped,21,10,31,0.3225806451612903
of-second,4,10,14,0.7142857142857143
but-don't,13,7,20,0.35
blast-of,13,10,23,0.43478260869565216
fire-past,1,1,2,0.5
of-reward,1,1,2,0.5
next-went,1,1,2,0.5
1-you,1,1,2,0.5
in-life,11,17,28,0.6071428571428571
a-check,5,1,6,0.16666666666666666
of-report,1,9,10,0.9
band-jacksonville,2,1,3,0.3333333333333333
sassy-stranded,1,2,3,0.6666666666666666
global-meltdown,1,1,2,0.5
fire-make,2,2,4,0.5
school-to,11,10,21,0.47619047619047616
give-of,1,5,6,0.8333333333333334
and-jack,2,1,3,0.3333333333333333
don't-nice,2,1,3,0.3333333333333333
2-are,2,2,4,0.5
at-set,1,2,3,0.6666666666666666
caught-to,1,8,9,0.8888888888888888
obliterated-when,3,1,4,0.25
scientist-the,2,1,3,0.3333333333333333
bad-the,11,1,12,0.08333333333333333
#bbc-#quran,3,4,7,0.5714285714285714
&amp;-everyone,2,2,4,0.5
battle-the,10,4,14,0.2857142857142857
don't-wreck,2,1,3,0.3333333333333333
collapsed-my,8,2,10,0.2
blown-up,21,4,25,0.16
i-ryan,1,1,2,0.5
(detonation)-fit,3,1,4,0.25
damn-get,1,1,2,0.5
2pcs-cree,3,1,4,0.25
few-this,2,2,4,0.5
--he,3,3,6,0.5
&amp;-how,8,1,9,0.1111111111111111
nuclear-this,1,4,5,0.8
and-old,5,1,6,0.16666666666666666
hellfire!-want,3,1,4,0.25
heartless-|,2,1,3,0.3333333333333333
an-how,5,3,8,0.375
among-history:,1,1,2,0.5
agree-with,2,2,4,0.5
in-therapy,1,1,2,0.5
called-the,3,8,11,0.7272727272727273
got-thing,3,1,4,0.25
one-with,14,3,17,0.17647058823529413
let-mass,1,1,2,0.5
download-the,3,3,6,0.5
forest-prevent,1,1,2,0.5
at-reshape,1,1,2,0.5
an-for,17,12,29,0.41379310344827586
guy-u,1,3,4,0.75
how-on,14,2,16,0.125
a-c,1,1,2,0.5
everyone-we,2,2,4,0.5
win-you,3,1,4,0.25
electrocute-in,2,1,3,0.3333333333333333
9:-at,8,1,9,0.1111111111111111
box-match,1,1,2,0.5
4-my,1,2,3,0.6666666666666666
--god,6,2,8,0.25
my-news!,13,3,16,0.1875
picked-to,1,1,2,0.5
is-w/heavenly,5,1,6,0.16666666666666666
at-public,1,1,2,0.5
failure-to,3,3,6,0.5
#pdx911-police,1,1,2,0.5
because-went,2,1,3,0.3333333333333333
can't-there,1,1,2,0.5
look-wa,7,2,9,0.2222222222222222
#world-how,1,2,3,0.6666666666666666
30-from,1,1,2,0.5
#photo-snowstorm,1,1,2,0.5
&amp;-great,3,1,4,0.25
dog-the,6,1,7,0.14285714285714285
jewish-terrorist,1,1,2,0.5
at-mass,1,3,4,0.75
epic-the,2,2,4,0.5
**trfc-collision-no,2,3,5,0.6
where-world,1,1,2,0.5
all-year,2,4,6,0.6666666666666666
back-on,13,7,20,0.35
being-they,1,1,2,0.5
on-top,10,3,13,0.23076923076923078
now-safe,1,1,2,0.5
angel-spirit,1,1,2,0.5
patience-pdp:,1,1,2,0.5
and-gotta,2,1,3,0.3333333333333333
still-there,1,2,3,0.6666666666666666
the-tidal,1,1,2,0.5
another-my,11,4,15,0.26666666666666666
enough-from,1,1,2,0.5
philippine-time,1,1,2,0.5
go-were,1,3,4,0.75
can't-need,2,1,3,0.3333333333333333
man-without,1,1,2,0.5
do-take,11,3,14,0.21428571428571427
it-until,8,1,9,0.1111111111111111
from-legislation,1,1,2,0.5
and-slow,1,1,2,0.5
a-during,9,13,22,0.5909090909090909
...-cherokee,1,1,2,0.5
library:-over,1,2,3,0.6666666666666666
burning-hot,3,2,5,0.4
then-war,1,1,2,0.5
of-twister,2,2,4,0.5
to-wow,2,1,3,0.3333333333333333
from-we,8,3,11,0.2727272727272727
bush-in,1,8,9,0.8888888888888888
a-stuck,2,2,4,0.5
at-claim,1,4,5,0.8
desolation-this,1,1,2,0.5
20-for,1,1,2,0.5
50-to,3,2,5,0.4
full-new,15,1,16,0.0625
market-stock,24,7,31,0.22580645161290322
to-under,10,5,15,0.3333333333333333
make-to,53,20,73,0.273972602739726
'the-in,6,3,9,0.3333333333333333
this-tweet,2,1,3,0.3333333333333333
their-trying,2,1,3,0.3333333333333333
him-more,1,1,2,0.5
100%-fatality,1,1,2,0.5
he-no,5,3,8,0.375
do?-you,1,2,3,0.6666666666666666
bomb-kid,1,1,2,0.5
look-were,2,1,3,0.3333333333333333
leather-purse,10,1,11,0.09090909090909091
bridge-twitter,1,2,3,0.6666666666666666
heat-of,6,11,17,0.6470588235294118
by-poll:,2,1,3,0.3333333333333333
blocked-flood,5,1,6,0.16666666666666666
how-you,27,9,36,0.25
2-attack,5,11,16,0.6875
it's-way,3,2,5,0.4
potential-research,1,1,2,0.5
to-will,45,15,60,0.25
we're-what,2,1,3,0.3333333333333333
in-united,1,8,9,0.8888888888888888
a-interesting.,2,1,3,0.3333333333333333
first-plan,5,3,8,0.375
say-thunderstorm,1,1,2,0.5
having-then,1,1,2,0.5
see-this,4,3,7,0.42857142857142855
3-a,21,6,27,0.2222222222222222
i'm-sun,2,1,3,0.3333333333333333
coworker-my,1,1,2,0.5
first-in,10,14,24,0.5833333333333334
just-loud,15,4,19,0.21052631578947367
of-white,2,1,3,0.3333333333333333
cage-in,2,1,3,0.3333333333333333
damage-my,2,1,3,0.3333333333333333
fight-guy,1,1,2,0.5
go-traffic,1,1,2,0.5
gm!-that,5,1,6,0.16666666666666666
can-toilet,1,1,2,0.5
panic!-that,1,1,2,0.5
a-sky,6,2,8,0.25
like-than,3,3,6,0.5
#c4news-they,1,1,2,0.5
this-time,14,8,22,0.36363636363636365
blue-photo:,1,1,2,0.5
from-seen,3,1,4,0.25
is-love,8,2,10,0.2
gop-iranian,2,1,3,0.3333333333333333
blake-the,1,2,3,0.6666666666666666
#islam-which,4,2,6,0.3333333333333333
become-but,1,1,2,0.5
even-year,1,2,3,0.6666666666666666
having-up,1,1,2,0.5
--reaû_,8,1,9,0.1111111111111111
newest-sub,3,2,5,0.4
help!-them!,1,1,2,0.5
have-i'm,8,4,12,0.3333333333333333
fire-into,1,8,9,0.8888888888888888
he's-who,2,1,3,0.3333333333333333
home-raid,1,1,2,0.5
hundred-with,1,1,2,0.5
and-refugee,1,3,4,0.75
a-house,7,6,13,0.46153846153846156
in-kill,1,36,37,0.972972972972973
a-prevent,2,2,4,0.5
@usatoday-in,1,3,4,0.75
there-where,5,1,6,0.16666666666666666
disaster-if,2,2,4,0.5
here:-i,5,1,6,0.16666666666666666
it's-not,22,7,29,0.2413793103448276
bleeding-i,11,2,13,0.15384615384615385
disaster-on,1,5,6,0.8333333333333334
cut-through,1,1,2,0.5
gun-what,1,1,2,0.5
support-will,2,2,4,0.5
top-yours,9,1,10,0.1
of-sat,3,1,4,0.25
four-this,1,1,2,0.5
i've-the,17,7,24,0.2916666666666667
and-utter,1,1,2,0.5
donûªt-hellfire,4,1,5,0.2
http://t.co/encmhz6y34-http://t.co/q2eblokeve,5,1,6,0.16666666666666666
idea-so,3,2,5,0.4
just-over,2,1,3,0.3333333333333333
city-red-light,1,1,2,0.5
&amp;-power,3,2,5,0.4
4wd-light,5,1,6,0.16666666666666666
doesn't-the,5,8,13,0.6153846153846154
a-falling,2,3,5,0.6
is-update,3,3,6,0.5
article-on,2,2,4,0.5
another-day,2,1,3,0.3333333333333333
like-wa,26,9,35,0.2571428571428571
another-when,2,1,3,0.3333333333333333
&amp;-people,2,1,3,0.3333333333333333
only-|,9,3,12,0.25
center-emergency,5,1,6,0.16666666666666666
#bioterror-faced,1,2,3,0.6666666666666666
and-mill,1,1,2,0.5
on-see,8,4,12,0.3333333333333333
star-wa,1,1,2,0.5
making-there,1,1,2,0.5
a-else,1,2,3,0.6666666666666666
died-the,6,11,17,0.6470588235294118
loud-with,4,2,6,0.3333333333333333
market-there,14,6,20,0.3
space-typhoon,1,1,2,0.5
a-yes,6,2,8,0.25
i'm-ppl,1,1,2,0.5
my-wrecked,6,2,8,0.25
emotion-get,1,1,2,0.5
@youtube-gun,1,1,2,0.5
high-look,1,1,2,0.5
losing-the,1,1,2,0.5
bag-new,13,1,14,0.07142857142857142
bro-to,2,1,3,0.3333333333333333
late-the,2,2,4,0.5
on-seismic,1,1,2,0.5
hasbro-the,1,1,2,0.5
&amp;-car,4,3,7,0.42857142857142855
??????-off,1,1,2,0.5
australia-history:,1,1,2,0.5
association-of,1,1,2,0.5
at-black,10,3,13,0.23076923076923078
we-you,17,3,20,0.15
day:-of,1,2,3,0.6666666666666666
chinaûªs-market,10,1,11,0.09090909090909091
hostage-is,1,3,4,0.75
--collection,1,1,2,0.5
#prebreak-c-130,1,7,8,0.875
--group,3,4,7,0.5714285714285714
on-problem,2,1,3,0.3333333333333333
exploration-gabon,1,1,2,0.5
cross-new,11,1,12,0.08333333333333333
he-hope,4,2,6,0.3333333333333333
so-walk,1,1,2,0.5
able-for,1,1,2,0.5
bounty-oops:,1,3,4,0.75
but-mass,1,3,4,0.75
according-her,1,1,2,0.5
and...-enormous,1,1,2,0.5
hunter-raid,1,3,4,0.75
seen-the,13,4,17,0.23529411764705882
a-desolation.,1,1,2,0.5
of-yes,2,2,4,0.5
#kick-for,1,1,2,0.5
20-to,2,5,7,0.7142857142857143
and-japanese,1,2,3,0.6666666666666666
ask-for,2,1,3,0.3333333333333333
it-least,3,1,4,0.25
missing-with,1,1,2,0.5
--5,7,1,8,0.125
ass.-just,13,3,16,0.1875
devastation-in,3,4,7,0.5714285714285714
first-last,1,1,2,0.5
that?-would,1,1,2,0.5
rioting-to,3,4,7,0.5714285714285714
self-world,1,1,2,0.5
be-weapon,3,2,5,0.4
chest/torso-that,1,1,2,0.5
them-when,1,2,3,0.6666666666666666
at-want,4,1,5,0.2
airplane-for,1,1,2,0.5
engulfed-flame,1,10,11,0.9090909090909091
meeting-my,2,1,3,0.3333333333333333
??-go,2,2,4,0.5
dealing-you,2,1,3,0.3333333333333333
problem-the,2,9,11,0.8181818181818182
up-when,23,8,31,0.25806451612903225
do-out,9,1,10,0.1
a-slightly,1,1,2,0.5
building-building....,1,1,2,0.5
burn-fire,1,4,5,0.8
of-watching,8,5,13,0.38461538461538464
in-sitting,8,1,9,0.1111111111111111
is-near,3,4,7,0.5714285714285714
50-in,2,4,6,0.6666666666666666
and-start,6,2,8,0.25
group-wa,2,2,4,0.5
is-part,4,7,11,0.6363636363636364
invoices.-rise,6,1,7,0.14285714285714285
land-stadium,1,10,11,0.9090909090909091
shouldn't-to,1,2,3,0.6666666666666666
god-who,5,2,7,0.2857142857142857
blown-get,6,2,8,0.25
5-vega,1,1,2,0.5
mom-said,2,1,3,0.3333333333333333
parenthood-ûò,2,1,3,0.3333333333333333
last-would,5,2,7,0.2857142857142857
salt-the,12,10,22,0.45454545454545453
let-your,19,3,22,0.13636363636363635
connection-the,1,1,2,0.5
lying-make,1,1,2,0.5
raid-to,1,2,3,0.6666666666666666
killing-people,1,2,3,0.6666666666666666
pussy-you're,1,1,2,0.5
he-than,5,1,6,0.16666666666666666
gem-in,10,6,16,0.375
man-my,3,1,4,0.25
change-insurer,6,1,7,0.14285714285714285
a-survivor,2,18,20,0.9
last-one,3,2,5,0.4
get-minute,1,24,25,0.96
about-so,10,1,11,0.09090909090909091
a-computer,16,5,21,0.23809523809523808
but-should,4,2,6,0.3333333333333333
it's-state,1,1,2,0.5
in-studio,1,1,2,0.5
in.-that's,1,1,2,0.5
in-years.,1,1,2,0.5
roanoke-runner,1,2,3,0.6666666666666666
an-video,1,1,2,0.5
in-spain,2,1,3,0.3333333333333333
atomic-bomb.,1,1,2,0.5
lava-out,1,1,2,0.5
a-die,4,4,8,0.5
fall-god,1,1,2,0.5
3rd-the,1,1,2,0.5
come-i'm,2,1,3,0.3333333333333333
go-people,1,1,2,0.5
a-christian,1,1,2,0.5
blocked-pray,5,1,6,0.16666666666666666
been-news,1,2,3,0.6666666666666666
4wd-car,3,1,4,0.25
#metro-a,1,2,3,0.6666666666666666
back-fuck,1,1,2,0.5
arson-of,7,7,14,0.5
in-lake,5,2,7,0.2857142857142857
fire-when,1,9,10,0.9
just-yeah,2,1,3,0.3333333333333333
realise-this,4,3,7,0.42857142857142855
is-thing,13,3,16,0.1875
a-siren,14,7,21,0.3333333333333333
/-on,1,3,4,0.75
my-this,51,18,69,0.2608695652173913
i-wanna,28,5,33,0.15151515151515152
being-had,2,1,3,0.3333333333333333
is-setting,1,2,3,0.6666666666666666
body-i,14,1,15,0.06666666666666667
5-new,1,1,2,0.5
hijacker-linkury,5,2,7,0.2857142857142857
hope-ok.,1,2,3,0.6666666666666666
desolation-for,3,2,5,0.4
than-to,12,33,45,0.7333333333333333
can't-lie,2,1,3,0.3333333333333333
am-do,1,5,6,0.8333333333333334
a-pussy,5,2,7,0.2857142857142857
at-refugee,1,3,4,0.75
on-writing,2,1,3,0.3333333333333333
rise-top,9,1,10,0.1
enemy-is,5,1,6,0.16666666666666666
obliterate-to,13,1,14,0.07142857142857142
#forever-surah,2,1,3,0.3333333333333333
city-wa,3,7,10,0.7
battle-in,4,2,6,0.3333333333333333
#allah-the,4,2,6,0.3333333333333333
honestly-my,2,2,4,0.5
talk-you,2,1,3,0.3333333333333333
charity.'-him),4,2,6,0.3333333333333333
cop-police,1,2,3,0.6666666666666666
a-refugee,3,3,6,0.5
job-well,2,1,3,0.3333333333333333
feel-quiz:,8,1,9,0.1111111111111111
everyone-go,2,2,4,0.5
@youtube-range,1,1,2,0.5
let-no,4,1,5,0.2
start-the,12,3,15,0.2
of...-the,4,1,5,0.2
exploded-officially,2,1,3,0.3333333333333333
half-prophet,4,2,6,0.3333333333333333
giving-yourself,4,2,6,0.3333333333333333
#slanglucci-https://t.co/moll5vd8yd,3,1,4,0.25
hostage-modified,1,10,11,0.9090909090909091
rate-windstorm,2,1,3,0.3333333333333333
blown-to,4,2,6,0.3333333333333333
destroying-the,1,1,2,0.5
in-long-term,1,1,2,0.5
a-anniversary,1,5,6,0.8333333333333334
some-wonder,1,1,2,0.5
boy-from,1,2,3,0.6666666666666666
even-the,26,12,38,0.3157894736842105
a-da,1,1,2,0.5
me-mean,3,1,4,0.25
for-i'll,6,1,7,0.14285714285714285
by-when,3,4,7,0.5714285714285714
i-next,5,6,11,0.5454545454545454
right-would,1,1,2,0.5
serious-the,2,4,6,0.6666666666666666
a-understand,2,3,5,0.6
caused-have,1,9,10,0.9
of-pakistan,1,4,5,0.8
the-wake,4,2,6,0.3333333333333333
on-winston,1,2,3,0.6666666666666666
knoxville-sentinel,1,2,3,0.6666666666666666
http://t.co/zujwuiomb3-tote,3,1,4,0.25
equal-saving,2,2,4,0.5
been-think,2,2,4,0.5
??-loud,1,1,2,0.5
help-i,12,1,13,0.07692307692307693
but-it's,24,5,29,0.1724137931034483
behind-with,1,1,2,0.5
it-year,5,12,17,0.7058823529411765
bag-body,61,2,63,0.031746031746031744
who-why,1,1,2,0.5
saw-with,3,1,4,0.25
a-parent,1,2,3,0.6666666666666666
issue-the,8,1,9,0.1111111111111111
been-there's,1,1,2,0.5
by-you,23,7,30,0.23333333333333334
#womens-http://t.co/zujwuiomb3,3,1,4,0.25
month-would,1,1,2,0.5
idps:-material,2,1,3,0.3333333333333333
for-pray,1,2,3,0.6666666666666666
derailed-new,1,1,2,0.5
know-this,10,3,13,0.23076923076923078
get-still,2,3,5,0.6
up-where,1,2,3,0.6666666666666666
a-pressed,2,2,4,0.5
cross-shoulder,29,1,30,0.03333333333333333
out-stand,7,1,8,0.125
---and,3,3,6,0.5
cruz-iranian,1,1,2,0.5
by-government,1,1,2,0.5
friend-just,2,1,3,0.3333333333333333
and-scream,10,6,16,0.375
house-next,2,1,3,0.3333333333333333
attack-had,4,4,8,0.5
building-ppl,1,1,2,0.5
or-with,30,7,37,0.1891891891891892
it-out,25,9,34,0.2647058823529412
&amp;-would,1,1,2,0.5
destroy-entire,1,1,2,0.5
a-were,16,32,48,0.6666666666666666
radio:-violent,1,1,2,0.5
ever-ha,10,2,12,0.16666666666666666
until-up,1,1,2,0.5
me-we,4,1,5,0.2
because-will,4,1,5,0.2
every-is,5,6,11,0.5454545454545454
http://t.co/bbdpnj8xsx-natural,2,1,3,0.3333333333333333
decision-of,1,2,3,0.6666666666666666
a-landslide,5,15,20,0.75
fall-this,8,1,9,0.1111111111111111
on-over,5,10,15,0.6666666666666666
claim-is,3,2,5,0.4
a-fucking,18,11,29,0.3793103448275862
some-video,3,2,5,0.4
of-rape,1,1,2,0.5
finally-the,14,1,15,0.06666666666666667
christian-demolition,1,1,2,0.5
after-never,1,1,2,0.5
s-wire,1,1,2,0.5
fly-i,1,1,2,0.5
to-wave,14,15,29,0.5172413793103449
am-ha,3,1,4,0.25
earthquake-the,2,8,10,0.8
hot-you,3,1,4,0.25
of-ram,1,1,2,0.5
but-great,4,1,5,0.2
at-got,10,3,13,0.23076923076923078
...-atomic,1,1,2,0.5
could-how,3,2,5,0.4
2-evacuation,1,2,3,0.6666666666666666
found-wa,1,3,4,0.75
of-water,7,16,23,0.6956521739130435
him-out,2,3,5,0.6
at-every,1,2,3,0.6666666666666666
at-look,16,13,29,0.4482758620689655
video-ûò,1,3,4,0.75
tell-the,10,8,18,0.4444444444444444
offroad-truck,3,1,4,0.25
idps:-relief,2,1,3,0.3333333333333333
at-your,14,5,19,0.2631578947368421
http://t.co/0wratka2jl-what,2,1,3,0.3333333333333333
2-this,2,3,5,0.6
be-there,20,4,24,0.16666666666666666
sign-them!,3,1,4,0.25
child-police,1,3,4,0.75
go-passenger,1,1,2,0.5
alien-world,1,1,2,0.5
it-white,1,1,2,0.5
horrible-up,1,1,2,0.5
a-strategy,1,4,5,0.8
--living,1,3,4,0.75
(hwo)-jax,1,1,2,0.5
funtenna:-sound,12,5,17,0.29411764705882354
by-or,4,2,6,0.3333333333333333
1970-cobra,1,1,2,0.5
always-god,1,1,2,0.5
find-so,2,1,3,0.3333333333333333
meant-openly,2,1,3,0.3333333333333333
city-country,1,2,3,0.6666666666666666
fedex-ship,2,2,4,0.5
will-without,4,1,5,0.2
of-side,8,1,9,0.1111111111111111
i'm-kinda,4,1,5,0.2
i-w,1,1,2,0.5
5-approves,1,1,2,0.5
his-told,3,1,4,0.25
know-mass,1,3,4,0.75
interview-on,1,1,2,0.5
if-whole,1,1,2,0.5
bleeding-i'm,1,1,2,0.5
is-taking,2,2,4,0.5
it-kept,1,1,2,0.5
i-wasn't,11,1,12,0.08333333333333333
being-building,1,4,5,0.8
and-life,11,9,20,0.45
just-n,1,1,2,0.5
do-stop,1,1,2,0.5
i-life,14,8,22,0.36363636363636365
get-pretty,2,1,3,0.3333333333333333
be-been,5,1,6,0.16666666666666666
had-out,11,1,12,0.08333333333333333
brown-m.o.p.),3,2,5,0.4
wa-we,8,4,12,0.3333333333333333
other-still,1,1,2,0.5
and-hate,7,1,8,0.125
july-of,1,3,4,0.75
than-up,1,1,2,0.5
association-the,1,1,2,0.5
dental-tooth,1,1,2,0.5
blood-in,6,2,8,0.25
'you-and,1,1,2,0.5
call-what,1,1,2,0.5
cliff-off,15,3,18,0.16666666666666666
and-eye,8,2,10,0.2
from-there,5,2,7,0.2857142857142857
change.-plaguing,2,1,3,0.3333333333333333
/-w/,1,2,3,0.6666666666666666
gary-i,1,2,3,0.6666666666666666
building-want,1,1,2,0.5
hasn't-it,7,1,8,0.125
@usatoday-lab,2,3,5,0.6
another-more,1,1,2,0.5
drive-the,8,1,9,0.1111111111111111
8-pin-connector,1,1,2,0.5
anything-there,2,1,3,0.3333333333333333
and-family,3,33,36,0.9166666666666666
o-the,2,4,6,0.6666666666666666
black-involving,8,1,9,0.1111111111111111
#vanuatu-http://t.co/afmkcfn1tl,1,1,2,0.5
at-youth,1,2,3,0.6666666666666666
over-two,1,4,5,0.8
day-from,5,4,9,0.4444444444444444
&amp;-failure:,1,1,2,0.5
or-other,1,3,4,0.75
and-level,3,1,4,0.25
tsunami-video,2,2,4,0.5
and-encouragement,1,1,2,0.5
issue-to,5,10,15,0.6666666666666666
jet-moulding,1,1,2,0.5
us.-what,1,1,2,0.5
fool-the,1,1,2,0.5
actually-how,1,1,2,0.5
destroyed-i,5,1,6,0.16666666666666666
attack-to,14,9,23,0.391304347826087
and-phone,22,3,25,0.12
bash-comparison,1,1,2,0.5
live-to,1,14,15,0.9333333333333333
look-out,3,2,5,0.4
@gerenciatodos-crash,1,1,2,0.5
future-the,16,2,18,0.1111111111111111
he's-wa,3,1,4,0.25
and-catastrophe,4,2,6,0.3333333333333333
can't-in,4,4,8,0.5
a-back,29,11,40,0.275
careful-let,4,1,5,0.2
in-star,3,1,4,0.25
doe-is,3,2,5,0.4
bad-is,7,2,9,0.2222222222222222
inside-kill,1,1,2,0.5
contain-of,1,1,2,0.5
haha-to,6,2,8,0.25
of-since,4,11,15,0.7333333333333333
be-thing,6,1,7,0.14285714285714285
belief-that,2,1,3,0.3333333333333333
than-without,1,1,2,0.5
hit-since,1,1,2,0.5
house-if,1,2,3,0.6666666666666666
am-time,2,1,3,0.3333333333333333
accident-i'm,1,1,2,0.5
:-there,3,3,6,0.5
collapsed-many,1,1,2,0.5
#farrakhan-bringing,4,2,6,0.3333333333333333
oil-on,2,4,6,0.6666666666666666
into-turned,5,4,9,0.4444444444444444
at-weather,2,7,9,0.7777777777777778
hope-let,1,1,2,0.5
blind-will,1,2,3,0.6666666666666666
about-shit,3,1,4,0.25
by-let,4,1,5,0.2
in-nation,1,1,2,0.5
city-vega,1,1,2,0.5
+-brutally,1,1,2,0.5
and-usually,3,2,5,0.4
by-reveals,1,1,2,0.5
at-water,2,3,5,0.6
him)-is,4,2,6,0.3333333333333333
force-http://t.co/xssgedsbh4,1,1,2,0.5
#9-#kerricktrial,1,1,2,0.5
in-of,203,340,543,0.6261510128913443
--most,4,3,7,0.42857142857142855
&amp;-never,1,4,5,0.8
chemical-from,2,1,3,0.3333333333333333
bar-chicago-area,5,1,6,0.16666666666666666
prepare-yourself,2,2,4,0.5
light-you,2,4,6,0.6666666666666666
at-realise,4,3,7,0.42857142857142855
land-them,1,1,2,0.5
dont-then,1,1,2,0.5
at-park,1,2,3,0.6666666666666666
share-the,5,1,6,0.16666666666666666
don't-so,7,2,9,0.2222222222222222
from-were,3,4,7,0.5714285714285714
fifth-love,2,1,3,0.3333333333333333
got-time,3,3,6,0.5
&amp;-up,9,5,14,0.35714285714285715
blast-power,3,2,5,0.4
loop-md,1,4,5,0.8
i-iii,1,1,2,0.5
another-this,1,5,6,0.8333333333333334
drought-i,2,2,4,0.5
--toxic,1,1,2,0.5
apocalypse.-the,3,1,4,0.25
head-star,2,1,3,0.3333333333333333
people-war,2,1,3,0.3333333333333333
in-pretty,1,1,2,0.5
sort-the,2,1,3,0.3333333333333333
for-this,36,23,59,0.3898305084745763
that's-with,1,1,2,0.5
an-flood,2,1,3,0.3333333333333333
(twia)-5,1,1,2,0.5
if-line,2,1,3,0.3333333333333333
brain-the,3,1,4,0.25
heard-wa,1,1,2,0.5
and-service,2,5,7,0.7142857142857143
do-emergency,3,1,4,0.25
in-short,5,2,7,0.2857142857142857
how-trauma,1,2,3,0.6666666666666666
#islam-land,8,4,12,0.3333333333333333
they-will,9,3,12,0.25
my-sky,1,1,2,0.5
*-the,4,1,5,0.2
hijacker-image,1,1,2,0.5
area-the,6,11,17,0.6470588235294118
la-vega,1,1,2,0.5
no-there,9,10,19,0.5263157894736842
likely-stand,7,1,8,0.125
attack-time,1,1,2,0.5
#world-hazardous,1,2,3,0.6666666666666666
mishap-pathogen,2,1,3,0.3333333333333333
been-hit,2,4,6,0.6666666666666666
black-fleet,8,1,9,0.1111111111111111
change-is,3,1,4,0.25
don't-the,64,28,92,0.30434782608695654
and-then,32,10,42,0.23809523809523808
.potus-people;,1,4,5,0.8
a-child,6,5,11,0.45454545454545453
keep-say,1,1,2,0.5
4-in,7,19,26,0.7307692307692307
december-of,1,1,2,0.5
he-when,11,8,19,0.42105263157894735
in-ok,3,5,8,0.625
have-time,8,3,11,0.2727272727272727
a-think,38,8,46,0.17391304347826086
for-never,4,1,5,0.2
disaster-ha,2,2,4,0.5
her.-it,1,1,2,0.5
for-sarah,2,1,3,0.3333333333333333
i-wanted,11,4,15,0.26666666666666666
american-in,2,5,7,0.7142857142857143
a-more,43,26,69,0.37681159420289856
august-weather,2,5,7,0.7142857142857143
blocked-life,5,1,6,0.16666666666666666
could-help,1,1,2,0.5
for-work,12,1,13,0.07692307692307693
--sep,1,1,2,0.5
did-what,4,1,5,0.2
collapsed-lung,1,1,2,0.5
i-killer,6,2,8,0.25
feed-refugee,3,1,4,0.25
????-accident,1,1,2,0.5
getting-with,4,1,5,0.2
after-out,3,2,5,0.4
cut-faced,1,2,3,0.6666666666666666
come-of,9,7,16,0.4375
back-like,19,3,22,0.13636363636363635
a-shot,8,4,12,0.3333333333333333
all-it!,1,1,2,0.5
days.-i,3,2,5,0.4
donûªt-not,3,1,4,0.25
his-i,20,1,21,0.047619047619047616
chewing-like,2,1,3,0.3333333333333333
capture-medium,1,1,2,0.5
home-phone,4,3,7,0.42857142857142855
level-of,7,2,9,0.2222222222222222
#baltimore-in,1,1,2,0.5
and...-spirit,1,1,2,0.5
blew-it,3,2,5,0.4
for-miss,4,1,5,0.2
train-you,2,1,3,0.3333333333333333
hasbro-jedi,1,1,2,0.5
even-who,2,1,3,0.3333333333333333
not-what,10,2,12,0.16666666666666666
again-the,7,2,9,0.2222222222222222
back-shoulder,1,1,2,0.5
black-ship,8,1,9,0.1111111111111111
more-two,1,1,2,0.5
known-the,3,1,4,0.25
iran-via,1,1,2,0.5
fact-went,1,1,2,0.5
cree-torch,1,1,2,0.5
a-issue,3,3,6,0.5
but-thunder,1,1,2,0.5
and-curfew,10,1,11,0.09090909090909091
if-who,5,1,6,0.16666666666666666
the-waiting,1,3,4,0.75
a-headline,1,1,2,0.5
look-sport,1,1,2,0.5
such-that,3,1,4,0.25
ash-australia,2,2,4,0.5
i-like,114,30,144,0.20833333333333334
had-today,3,2,5,0.4
tornado-who,4,2,6,0.3333333333333333
a-remember,9,5,14,0.35714285714285715
desolate-the,12,1,13,0.07692307692307693
is-rule,2,1,3,0.3333333333333333
alarm-centre,1,1,2,0.5
i-sorry,5,1,6,0.16666666666666666
derail-pray,5,1,6,0.16666666666666666
be-me,17,6,23,0.2608695652173913
all-were,1,4,5,0.8
north-of,1,6,7,0.8571428571428571
an-woman,2,1,3,0.3333333333333333
game-in,11,4,15,0.26666666666666666
over-since,2,1,3,0.3333333333333333
use-watch,1,1,2,0.5
become-is,1,1,2,0.5
bought-that,1,1,2,0.5
i-stay,6,1,7,0.14285714285714285
at-hear,2,1,3,0.3333333333333333
that's-well,1,2,3,0.6666666666666666
hellfire-said,4,2,6,0.3333333333333333
his-if,1,1,2,0.5
but-here,1,2,3,0.6666666666666666
collided-their,2,3,5,0.6
approves-hike:,1,1,2,0.5
is-rainstorm,3,1,4,0.25
of-people.,1,2,3,0.6666666666666666
3-been,1,2,3,0.6666666666666666
charger-connector,1,1,2,0.5
bigamist-pregnant,2,1,3,0.3333333333333333
search-the,2,3,5,0.6
full-jedi,1,1,2,0.5
have-until,1,1,2,0.5
by-we,4,3,7,0.42857142857142855
in-they're,4,1,5,0.2
animal!-that,2,1,3,0.3333333333333333
#aoms-in,1,2,3,0.6666666666666666
deluge-scale,1,1,2,0.5
minute-walking,2,1,3,0.3333333333333333
my-went,7,3,10,0.3
because-he's,1,1,2,0.5
panic-sure,1,1,2,0.5
rt:-û_,2,2,4,0.5
believe-over,1,1,2,0.5
&amp;-save,1,1,2,0.5
head-you,5,1,6,0.16666666666666666
she-woman,1,1,2,0.5
behind-my,3,1,4,0.25
a-episode,2,1,3,0.3333333333333333
anniversary-year,1,12,13,0.9230769230769231
vacation-with,1,1,2,0.5
be-year,4,1,5,0.2
from-hunt...,1,1,2,0.5
and-i'd,6,2,8,0.25
mom-twister,1,1,2,0.5
he-lost,1,8,9,0.8888888888888888
2.0-the,1,1,2,0.5
of-part,8,20,28,0.7142857142857143
????-the,25,12,37,0.32432432432432434
doesn't-when,3,1,4,0.25
realize-the,3,1,4,0.25
a-netanyahu,1,1,2,0.5
a-grew,1,1,2,0.5
just-watched,4,2,6,0.3333333333333333
absolutely-not,1,1,2,0.5
i-someone,16,4,20,0.2
murder-your,1,3,4,0.75
#art-#hampshire,1,1,2,0.5
fighting-them,1,1,2,0.5
will-yes,1,2,3,0.6666666666666666
runner-who,1,2,3,0.6666666666666666
by-united,3,3,6,0.5
by-girl,5,1,6,0.16666666666666666
out-top,9,1,10,0.1
there-via,1,1,2,0.5
http://t.co/vz1irh0nmm-rightways:,1,1,2,0.5
bagging-i,4,1,5,0.2
near-no,1,3,4,0.75
being-have,1,2,3,0.6666666666666666
flood-mining,3,1,4,0.25
brought-but,1,1,2,0.5
there's-up,1,1,2,0.5
effect-go,15,2,17,0.11764705882352941
new-that,6,3,9,0.3333333333333333
i-really,25,3,28,0.10714285714285714
and-damage.,1,1,2,0.5
australia-twitter,1,2,3,0.6666666666666666
4-no,2,3,5,0.6
a-making,13,5,18,0.2777777777777778
a-hour,8,6,14,0.42857142857142855
cree-led,11,2,13,0.15384615384615385
power-we,1,2,3,0.6666666666666666
covered-in,1,1,2,0.5
look-someone,1,1,2,0.5
find-with,3,2,5,0.4
video-view,9,2,11,0.18181818181818182
the-wrong,13,2,15,0.13333333333333333
house-that,3,2,5,0.4
an-not,9,9,18,0.5
i-take,12,2,14,0.14285714285714285
still-they,2,1,3,0.3333333333333333
300w-work,6,1,7,0.14285714285714285
not-whole,3,1,4,0.25
what-year,1,1,2,0.5
possible-the,4,5,9,0.5555555555555556
can-prevent,2,2,4,0.5
be-one,14,7,21,0.3333333333333333
#prebreak-funtenna:,12,5,17,0.29411764705882354
of-trauma.,2,2,4,0.5
is-people.,1,1,2,0.5
...-about,2,1,3,0.3333333333333333
it-past,3,2,5,0.4
how-wa,7,3,10,0.3
back..-you,1,1,2,0.5
??????-and,13,2,15,0.13333333333333333
rare-to,2,1,3,0.3333333333333333
am-at,3,1,4,0.25
jamaica-of,1,1,2,0.5
displaced-where,1,1,2,0.5
from-than,1,3,4,0.75
america'-bash,1,1,2,0.5
at-until,2,9,11,0.8181818181818182
be-with,30,8,38,0.21052631578947367
drinking-is,1,1,2,0.5
run-your,1,2,3,0.6666666666666666
new-quarantined,16,2,18,0.1111111111111111
australia-in,2,1,3,0.3333333333333333
her-when,3,1,4,0.25
of-sort,1,2,3,0.6666666666666666
coyote-sun.,1,1,2,0.5
for-rain,4,1,5,0.2
horrible-youûªve,4,3,7,0.42857142857142855
cleared:incident-md,1,2,3,0.6666666666666666
cause-wa,4,1,5,0.2
quarantined-the,9,1,10,0.1
alarm-following,1,1,2,0.5
look-no,3,1,4,0.25
#afterlife-so,4,1,5,0.2
@zak_bagans-my,2,1,3,0.3333333333333333
past-saturday.,1,1,2,0.5
of-wound,6,6,12,0.5
a-etc.,1,4,5,0.8
by-planned,1,1,2,0.5
how-think,4,1,5,0.2
no-smoke,2,2,4,0.5
--tree,1,5,6,0.8333333333333334
in-italian,2,7,9,0.7777777777777778
in-would,33,7,40,0.175
send-you,3,1,4,0.25
it.-tragedy,1,1,2,0.5
in-test,1,1,2,0.5
full-war,4,1,5,0.2
but-yet,2,1,3,0.3333333333333333
1-effect,2,1,3,0.3333333333333333
occurred-space,8,1,9,0.1111111111111111
real-to,11,1,12,0.08333333333333333
her-pregnant,4,2,6,0.3333333333333333
im-traumatised,2,1,3,0.3333333333333333
nuclear-you,4,2,6,0.3333333333333333
by-collection,1,2,3,0.6666666666666666
now-so,9,5,14,0.35714285714285715
100-a,1,2,3,0.6666666666666666
kick-wa,1,1,2,0.5
cheese-single,1,1,2,0.5
#wealth-a,2,1,3,0.3333333333333333
get-shit,2,2,4,0.5
@-your,1,1,2,0.5
are-i,52,10,62,0.16129032258064516
or-your,17,3,20,0.15
because-when,4,2,6,0.3333333333333333
#handbag-bag,6,1,7,0.14285714285714285
iran-keep,1,1,2,0.5
lost-with,1,2,3,0.6666666666666666
ink-listen,2,1,3,0.3333333333333333
and-had,39,13,52,0.25
#best-hijacking,12,5,17,0.29411764705882354
's-is,1,1,2,0.5
dan-san,1,1,2,0.5
--4wd,5,1,6,0.16666666666666666
an-fire,3,3,6,0.5
is-scared,2,4,6,0.6666666666666666
all-hand,1,1,2,0.5
no-our,4,1,5,0.2
anything-to,13,5,18,0.2777777777777778
love-we're,2,2,4,0.5
**trfc-blvd,1,2,3,0.6666666666666666
and-most,11,1,12,0.08333333333333333
kit-saw,1,1,2,0.5
at-avoid,1,2,3,0.6666666666666666
going-me,7,2,9,0.2222222222222222
about-wa,9,8,17,0.47058823529411764
external-installation,2,1,3,0.3333333333333333
early-so,1,2,3,0.6666666666666666
on-share,4,2,6,0.3333333333333333
it-radiation,1,1,2,0.5
being-look,1,1,2,0.5
rioting-wa,1,1,2,0.5
a-world,21,12,33,0.36363636363636365
i-rt,1,1,2,0.5
guess-me,2,1,3,0.3333333333333333
2-through,1,2,3,0.6666666666666666
is-queen,2,2,4,0.5
help-only,1,1,2,0.5
on-worker,1,1,2,0.5
sign-stand,3,1,4,0.25
horrible-in,1,8,9,0.8888888888888888
dreaming-wa,1,1,2,0.5
for-on,66,43,109,0.3944954128440367
.potus-a,1,4,5,0.8
by-good,2,3,5,0.6
mourning-stir,1,4,5,0.8
star-totaling,8,1,9,0.1111111111111111
--famine,2,3,5,0.6
police-portland,1,1,2,0.5
an-autobiography,1,1,2,0.5
black-go,1,1,2,0.5
collapse-to,6,10,16,0.625
admits-of,5,1,6,0.16666666666666666
how-tell,2,1,3,0.3333333333333333
accident-first,1,1,2,0.5
an-fall,1,1,2,0.5
#news-#terrorism,3,10,13,0.7692307692307693
apocalypse-look,2,1,3,0.3333333333333333
going-in,16,11,27,0.4074074074074074
bridge-in,2,10,12,0.8333333333333334
in-other,1,5,6,0.8333333333333334
can-what,4,2,6,0.3333333333333333
beautiful-which,1,1,2,0.5
reaû_-truck,3,1,4,0.25
for-take,11,1,12,0.08333333333333333
being-township,1,4,5,0.8
object-the,2,1,3,0.3333333333333333
11-one,1,1,2,0.5
click-in,1,1,2,0.5
against-it,1,2,3,0.6666666666666666
every-place,1,2,3,0.6666666666666666
attack-do,1,1,2,0.5
about-bioterrorism,1,2,3,0.6666666666666666
let-to,25,8,33,0.24242424242424243
for-helping,1,1,2,0.5
calgary-for,2,1,3,0.3333333333333333
5000-in,1,1,2,0.5
a-leo,2,1,3,0.3333333333333333
go-ha,3,2,5,0.4
an-entire,3,1,4,0.25
day-when,4,1,5,0.2
blanket-whistle,1,1,2,0.5
we're-you,2,2,4,0.5
but-nothing,7,2,9,0.2222222222222222
ha-this,24,9,33,0.2727272727272727
--drowning,4,1,5,0.2
&amp;-for,23,16,39,0.41025641025641024
lord-w/heavenly,5,1,6,0.16666666666666666
fast-not,3,2,5,0.4
nuclear-want,1,2,3,0.6666666666666666
modified-to,1,10,11,0.9090909090909091
attack-latest,1,3,4,0.75
fire-reû_,1,1,2,0.5
cameroon-repatriated,1,10,11,0.9090909090909091
dinner-syrian,1,1,2,0.5
american-than,1,5,6,0.8333333333333334
0-2,1,1,2,0.5
loud-nearby.,13,3,16,0.1875
#best-stadium,1,7,8,0.875
don't-sun,1,1,2,0.5
--death,3,5,8,0.625
interesting-than,2,1,3,0.3333333333333333
community-in,1,1,2,0.5
'it-like,3,2,5,0.4
70-some,1,1,2,0.5
australia-for,2,2,4,0.5
??-hostage,1,1,2,0.5
life-now,2,1,3,0.3333333333333333
because-to,27,11,38,0.2894736842105263
experienced-the,1,5,6,0.8333333333333334
of-slightly,2,3,5,0.6
lol-people,1,1,2,0.5
i-over,19,4,23,0.17391304347826086
brick-of,1,1,2,0.5
keep-when,3,3,6,0.5
from-hellfire,5,2,7,0.2857142857142857
centre-structure,3,2,5,0.4
course-have,1,2,3,0.6666666666666666
go-when,2,2,4,0.5
from-your,11,6,17,0.35294117647058826
crazy-twister,1,1,2,0.5
destruction-that,2,1,3,0.3333333333333333
hope-i'm,3,1,4,0.25
ave-of,2,1,3,0.3333333333333333
in-sign,2,3,5,0.6
a-fighting,4,1,5,0.2
drown-it,4,2,6,0.3333333333333333
every-time,9,1,10,0.1
fly-will,1,1,2,0.5
capture-of,1,5,6,0.8333333333333334
rise-then,1,1,2,0.5
#humanconsumption-after,1,2,3,0.6666666666666666
getting-so,4,1,5,0.2
a-sent,2,2,4,0.5
because-he,4,1,5,0.2
is-people,18,9,27,0.3333333333333333
first-leaving,1,1,2,0.5
a-dollar,2,2,4,0.5
a-currently,2,5,7,0.7142857142857143
i-lady,3,1,4,0.25
like-point,1,3,4,0.75
colour-make,7,1,8,0.125
a-season,3,1,4,0.25
over-some,5,1,6,0.16666666666666666
a-crush,8,1,9,0.1111111111111111
but-had,3,3,6,0.5
bc-it's,1,2,3,0.6666666666666666
blood-i,2,1,3,0.3333333333333333
death-i,13,4,17,0.23529411764705882
not-with,19,11,30,0.36666666666666664
a-ugly,4,1,5,0.2
it's-least,1,2,3,0.6666666666666666
hijacker-infamous,1,1,2,0.5
done-of,2,3,5,0.6
on-order,1,3,4,0.75
me-too,4,1,5,0.2
--thing,5,1,6,0.16666666666666666
check-just,3,1,4,0.25
of-ppl,4,1,5,0.2
answer-http://t.co/9nwajli9cr,1,1,2,0.5
can-get,6,3,9,0.3333333333333333
ben-real,1,1,2,0.5
is-power,2,1,3,0.3333333333333333
country-of,3,4,7,0.5714285714285714
is-major,1,3,4,0.75
on-you'll,2,1,3,0.3333333333333333
5c-charger,1,1,2,0.5
from-pic,2,1,3,0.3333333333333333
heartless-that,2,1,3,0.3333333333333333
off-rock,2,1,3,0.3333333333333333
a-expert,1,1,2,0.5
only-reason,4,1,5,0.2
had-is,10,3,13,0.23076923076923078
1-what,1,1,2,0.5
a-equipment,2,2,4,0.5
quickly-to,1,7,8,0.875
a-looked,1,1,2,0.5
drought-like,1,1,2,0.5
the-u,70,32,102,0.3137254901960784
going-my,15,2,17,0.11764705882352941
appears-heard,13,3,16,0.1875
#nuclear-the,1,1,2,0.5
etc-have,2,2,4,0.5
101:-cook,3,1,4,0.25
8-in,3,13,16,0.8125
black-it,2,1,3,0.3333333333333333
'the-is,8,5,13,0.38461538461538464
fire-set,1,1,2,0.5
can-wild,1,1,2,0.5
and-dont,3,1,4,0.25
rain-rock,1,1,2,0.5
after-like,5,3,8,0.375
mass-of,11,16,27,0.5925925925925926
--islamic,1,2,3,0.6666666666666666
above-in,1,1,2,0.5
left-one,1,1,2,0.5
billion-to,1,1,2,0.5
collapse.-to,1,2,3,0.6666666666666666
bioterror-specimen,1,1,2,0.5
5-board,2,2,4,0.5
on-same,3,1,4,0.25
droid-the,2,1,3,0.3333333333333333
ur-w/heavenly,10,2,12,0.16666666666666666
in-wound,9,6,15,0.4
a-act,4,2,6,0.3333333333333333
cliff-in,3,5,8,0.625
be-your,26,2,28,0.07142857142857142
me-want,11,2,13,0.15384615384615385
be-them!,2,1,3,0.3333333333333333
get-there,9,1,10,0.1
business-in,2,1,3,0.3333333333333333
away-you,6,1,7,0.14285714285714285
#foodscare-for,1,2,3,0.6666666666666666
inside-with,1,2,3,0.6666666666666666
disaster-we,2,2,4,0.5
hughes-star,1,1,2,0.5
engulfed-just,1,1,2,0.5
a-entire,6,3,9,0.3333333333333333
a-from,107,110,217,0.5069124423963134
about-when,8,4,12,0.3333333333333333
good-like,1,1,2,0.5
at-phone,5,3,8,0.375
ha-not,18,3,21,0.14285714285714285
table-this,1,1,2,0.5
least-people,1,12,13,0.9230769230769231
and-that,96,32,128,0.25
everywhere-unavoidable,2,1,3,0.3333333333333333
etc.-internally,1,4,5,0.8
??-of,19,2,21,0.09523809523809523
u-wa,5,6,11,0.5454545454545454
are-into,2,4,6,0.6666666666666666
me-year,2,2,4,0.5
a-mom,7,1,8,0.125
angel-enormous,1,1,2,0.5
child-his,4,2,6,0.3333333333333333
transfer-van,1,2,3,0.6666666666666666
attack-self,1,1,2,0.5
one-since,1,2,3,0.6666666666666666
to-use,13,9,22,0.4090909090909091
but-murderer,1,1,2,0.5
a-don't,50,23,73,0.3150684931506849
is-system,1,1,2,0.5
down-over,2,5,7,0.7142857142857143
#fun-that,1,1,2,0.5
brutally-follow,1,1,2,0.5
a-are,63,56,119,0.47058823529411764
of-official,1,8,9,0.8888888888888888
harm-someone,3,2,5,0.4
almost-shit,1,2,3,0.6666666666666666
about-disaster,1,5,6,0.8333333333333334
bc-so,4,1,5,0.2
coming-the,27,10,37,0.2702702702702703
civil-with,1,1,2,0.5
no-she,2,1,3,0.3333333333333333
by-u,6,4,10,0.4
power-star,1,1,2,0.5
cut-to,1,1,2,0.5
here-im,3,1,4,0.25
need-sick,2,1,3,0.3333333333333333
amirite?-of,1,1,2,0.5
guy-this,3,1,4,0.25
killed-the,3,21,24,0.875
bloody-of,9,1,10,0.1
bush-this,1,2,3,0.6666666666666666
derail-ur,10,2,12,0.16666666666666666
fact-to,6,1,7,0.14285714285714285
do-service,1,1,2,0.5
it-sign,1,1,2,0.5
and-tree,1,3,4,0.75
http://t.co/q2eblokeve-is,5,1,6,0.16666666666666666
a-shame,2,2,4,0.5
st-that,1,2,3,0.6666666666666666
my-trouble,3,2,5,0.4
place-take,2,2,4,0.5
hostage-video,1,1,2,0.5
my-one,25,5,30,0.16666666666666666
hospital-the,3,3,6,0.5
429cj-gt,2,1,3,0.3333333333333333
by-pray,5,1,6,0.16666666666666666
bomber-suicide,1,68,69,0.9855072463768116
angel-reading,1,1,2,0.5
life-violent,1,1,2,0.5
percent-texas,1,1,2,0.5
storm-tunein,1,1,2,0.5
my-sister,4,4,8,0.5
an-know,3,1,4,0.25
everyone-panic,1,1,2,0.5
inundated-you,10,2,12,0.16666666666666666
for-stage,3,1,4,0.25
sinking-while,4,3,7,0.42857142857142855
fast-kill,3,1,4,0.25
2-3,4,2,6,0.3333333333333333
going-siren,3,3,6,0.5
phone-time,5,3,8,0.375
at-crashed,1,1,2,0.5
of-tonight,1,2,3,0.6666666666666666
before-i'm,4,1,5,0.2
there-up,3,3,6,0.5
daily-the,7,4,11,0.36363636363636365
is-seeing,5,1,6,0.16666666666666666
boy-wreck,1,1,2,0.5
drown-they,4,1,5,0.2
during-for,1,3,4,0.75
stop-your,6,1,7,0.14285714285714285
9-my,1,1,2,0.5
i-laden,1,2,3,0.6666666666666666
here-to,8,4,12,0.3333333333333333
bb4sp-for,2,1,3,0.3333333333333333
4-an,1,1,2,0.5
passed-through,1,1,2,0.5
choking-kraft,1,1,2,0.5
a-next,8,10,18,0.5555555555555556
#hellfire-it,2,1,3,0.3333333333333333
heat-i'm,4,1,5,0.2
almost-thought,1,1,2,0.5
allow-me,1,1,2,0.5
about-with,10,2,12,0.16666666666666666
am-with,2,2,4,0.5
route-the,2,2,4,0.5
greenway-verdict,1,1,2,0.5
from-old,1,1,2,0.5
longer-mishap,5,11,16,0.6875
from-only,4,2,6,0.3333333333333333
ha-into,5,5,10,0.5
now-that,12,6,18,0.3333333333333333
a-accident,11,16,27,0.5925925925925926
others.-with,1,1,2,0.5
at-their,4,7,11,0.6363636363636364
helicopter-in,1,21,22,0.9545454545454546
--mhtw4fnet,1,6,7,0.8571428571428571
@rightwaystan-structural,1,1,2,0.5
all-hazardous,1,1,2,0.5
plaguing-tornado,2,1,3,0.3333333333333333
wanna-your,5,1,6,0.16666666666666666
doe-make,1,1,2,0.5
had-zone,1,1,2,0.5
eye-murder.,1,1,2,0.5
baby-face,8,3,11,0.2727272727272727
i'm-sure,4,4,8,0.5
i.e.-peace,4,2,6,0.3333333333333333
destroy-with,5,2,7,0.2857142857142857
transformation-world,1,1,2,0.5
doing-iran,1,1,2,0.5
#reddit-will,2,1,3,0.3333333333333333
http://t.co/cybksxhf7d-video,2,2,4,0.5
great-my,2,1,3,0.3333333333333333
at-thing,3,2,5,0.4
fan-is,20,1,21,0.047619047619047616
--road,1,5,6,0.8333333333333334
by-survey,1,1,2,0.5
book-j.,1,1,2,0.5
#bioterror-for,1,2,3,0.6666666666666666
8-are,2,2,4,0.5
him)-said,4,2,6,0.3333333333333333
cruz-elizabeth,1,1,2,0.5
dog-of,2,3,5,0.6
this-tried.,2,1,3,0.3333333333333333
human-of,1,7,8,0.875
false-film,1,4,5,0.8
know-life,1,2,3,0.6666666666666666
drown-wa,1,1,2,0.5
and-natural,7,10,17,0.5882352941176471
by-estimate,1,2,3,0.6666666666666666
care-who,1,2,3,0.6666666666666666
@emmerdale-i,1,1,2,0.5
oil-to,1,3,4,0.75
ass.-news!,13,3,16,0.1875
if-look,4,5,9,0.5555555555555556
of-stopped,1,1,2,0.5
the-tonight's,2,1,3,0.3333333333333333
sad-to,1,2,3,0.6666666666666666
for-news,3,4,7,0.5714285714285714
but-have,21,12,33,0.36363636363636365
daughter-to,3,3,6,0.5
a-swimming,2,1,3,0.3333333333333333
evacuate-out,2,1,3,0.3333333333333333
like-on,18,8,26,0.3076923076923077
casualty-you,1,2,3,0.6666666666666666
are-right,4,1,5,0.2
faux-http://t.co/zujwuiomb3,3,1,4,0.25
a-fuck,14,4,18,0.2222222222222222
out-went,5,1,6,0.16666666666666666
near-to,2,7,9,0.7777777777777778
of-sit,2,1,3,0.3333333333333333
of-possible,3,5,8,0.625
@youtube-fire,1,2,3,0.6666666666666666
but-her,7,1,8,0.125
but-deep,1,1,2,0.5
summer-the,14,5,19,0.2631578947368421
collapsed-ha,2,1,3,0.3333333333333333
evacuated-film,1,4,5,0.8
now-world,2,1,3,0.3333333333333333
and-hill,1,2,3,0.6666666666666666
'it-is,2,3,5,0.6
half-if,4,2,6,0.3333333333333333
mountain-spirit,1,1,2,0.5
a-isn't,3,9,12,0.75
going-we,2,1,3,0.3333333333333333
department-of,2,3,5,0.6
in-quiz:,5,1,6,0.16666666666666666
like-tide,1,2,3,0.6666666666666666
back-off's,1,1,2,0.5
grill-ha,4,1,5,0.2
@potus-and,1,1,2,0.5
not-we're,1,3,4,0.75
destroy-i,5,4,9,0.4444444444444444
need-see,1,1,2,0.5
a-meltdown,7,1,8,0.125
by-security,3,3,6,0.5
of-support,6,4,10,0.4
for-http://t.co/cybksxhf7d,2,4,6,0.6666666666666666
200-police,1,1,2,0.5
make-tornado,2,1,3,0.3333333333333333
have-lot,5,3,8,0.375
on-tuesday,1,1,2,0.5
made-panicking,1,1,2,0.5
just-left,1,1,2,0.5
wa-wednesday,1,2,3,0.6666666666666666
????-so,5,1,6,0.16666666666666666
&amp;-when,5,6,11,0.5454545454545454
do-than,2,2,4,0.5
near-on,3,9,12,0.75
are-ha,4,4,8,0.5
him-might,1,1,2,0.5
mod-to,2,1,3,0.3333333333333333
cut-on,1,3,4,0.75
wa-way,4,3,7,0.42857142857142855
content-will,12,2,14,0.14285714285714285
a-bet,2,1,3,0.3333333333333333
--300w,6,1,7,0.14285714285714285
by-no,7,4,11,0.36363636363636365
coming-into,1,1,2,0.5
&amp;-guy,1,1,2,0.5
internally-refugees;,1,4,5,0.8
cinema-kill,1,2,3,0.6666666666666666
keep-|,2,1,3,0.3333333333333333
crippling-the,1,3,4,0.75
at-mile,5,7,12,0.5833333333333334
both-have,4,1,5,0.2
everyone-while,2,2,4,0.5
date-is,5,3,8,0.375
burning-people,2,4,6,0.6666666666666666
invoices.-shape,6,1,7,0.14285714285714285
child-to,8,2,10,0.2
it's-see,1,1,2,0.5
collapse-is,1,4,5,0.8
#jonathanferrell-of,1,1,2,0.5
reject-the,3,1,4,0.25
but-honestly,1,2,3,0.6666666666666666
??????-in,5,1,6,0.16666666666666666
how-so,5,1,6,0.16666666666666666
in-place,8,10,18,0.5555555555555556
biological-for,1,2,3,0.6666666666666666
heart-two,1,2,3,0.6666666666666666
away-why,1,1,2,0.5
land-war,8,4,12,0.3333333333333333
it-making,4,1,5,0.2
1.4-time2015-08-06,1,1,2,0.5
of-u.s.,1,4,5,0.8
especially-first,1,1,2,0.5
animal!-his,2,1,3,0.3333333333333333
day-year,2,3,5,0.6
australia-bundled,1,1,2,0.5
door-to,7,1,8,0.125
get-smoke,3,1,4,0.25
article-share,1,1,2,0.5
it-vote:,2,1,3,0.3333333333333333
into-work,1,1,2,0.5
forest:-of,5,3,8,0.375
at-liked,1,1,2,0.5
not-shit,4,2,6,0.3333333333333333
for-store,1,1,2,0.5
after-camp,1,3,4,0.75
about-out,6,1,7,0.14285714285714285
also-not,2,2,4,0.5
opposite-the,2,2,4,0.5
crash-ha,3,1,4,0.25
the-wife,5,3,8,0.375
2-look,1,4,5,0.8
address-and,1,2,3,0.6666666666666666
i-low,3,1,4,0.25
but-most,3,1,4,0.25
and-bloomberg,1,1,2,0.5
the-top,49,14,63,0.2222222222222222
even-lost,1,1,2,0.5
even-said,4,2,6,0.3333333333333333
knife-saw,1,1,2,0.5
charger-phone,1,2,3,0.6666666666666666
club-this,1,1,2,0.5
crush:-ha,3,1,4,0.25
any-idea,2,1,3,0.3333333333333333
engulfed-into,4,2,6,0.3333333333333333
still-the,41,61,102,0.5980392156862745
imagine-we'd,1,1,2,0.5
flood-rain,1,3,4,0.75
internet-officially,2,1,3,0.3333333333333333
trial-you,1,2,3,0.6666666666666666
tabû_-watch,2,1,3,0.3333333333333333
let-way,1,1,2,0.5
cliff-of,6,5,11,0.45454545454545453
if-part,1,1,2,0.5
emergency-recommend,2,1,3,0.3333333333333333
hike:-insurance,1,1,2,0.5
drowning-of,3,2,5,0.4
i-i've,16,1,17,0.058823529411764705
move-virgil,1,2,3,0.6666666666666666
of-scene,4,8,12,0.6666666666666666
of-saving,3,3,6,0.5
future-how,1,1,2,0.5
'death-gop,2,1,3,0.3333333333333333
4-and,4,6,10,0.6
don't-when,8,8,16,0.5
for-them,9,4,13,0.3076923076923077
coach-hughes,1,1,2,0.5
investigating-police,2,4,6,0.6666666666666666
like-same,2,1,3,0.3333333333333333
drove-i,2,1,3,0.3333333333333333
book-general,1,1,2,0.5
centre-the,2,2,4,0.5
crime-our,1,1,2,0.5
dinner-refugee,1,1,2,0.5
get-show,3,1,4,0.25
famine-to,2,2,4,0.5
a-to,509,281,790,0.3556962025316456
a-whole,17,14,31,0.45161290322580644
know-think,1,2,3,0.6666666666666666
it-thought,5,4,9,0.4444444444444444
#ashes-2015:,1,1,2,0.5
family-so,3,1,4,0.25
by-man,1,2,3,0.6666666666666666
evacuated-got,1,1,2,0.5
listen-you!,2,1,3,0.3333333333333333
ha-look,4,2,6,0.3333333333333333
get-need,4,1,5,0.2
and-please,6,11,17,0.6470588235294118
attacked-by,3,17,20,0.85
pretty-that's,1,1,2,0.5
the-water,13,7,20,0.35
in-trial,1,2,3,0.6666666666666666
not-well,1,1,2,0.5
deluged-you,2,1,3,0.3333333333333333
hazardous-outlook,3,7,10,0.7
is-picture,1,2,3,0.6666666666666666
a-themed,1,1,2,0.5
flash-power,1,1,2,0.5
ain't-it,3,1,4,0.25
#womens-tote,5,1,6,0.16666666666666666
--fedex,2,2,4,0.5
i-music,6,1,7,0.14285714285714285
and-other,7,3,10,0.3
&amp;-2011,1,1,2,0.5
got-mass,1,1,2,0.5
could-go,2,1,3,0.3333333333333333
enemy-pray,5,1,6,0.16666666666666666
be-don't,16,4,20,0.2
this-your,18,6,24,0.25
cnn-the,1,1,2,0.5
a-pain,5,1,6,0.16666666666666666
an-wreck,3,1,4,0.25
had-not,4,5,9,0.5555555555555556
his-who,5,2,7,0.2857142857142857
death-love,1,1,2,0.5
[black-send,12,5,17,0.29411764705882354
living-my,1,3,4,0.75
responder-the,5,5,10,0.5
#gbbo-on,2,1,3,0.3333333333333333
+-abused+desolate&amp;lost,1,1,2,0.5
player-tunein,1,1,2,0.5
director-the,1,1,2,0.5
tell-we,2,2,4,0.5
any-by,6,4,10,0.4
#lgbt-arson,4,1,5,0.2
i'm-right,6,1,7,0.14285714285714285
all-in,39,23,62,0.3709677419354839
it-well,3,1,4,0.25
her-lovely,1,1,2,0.5
abortion-are,1,1,2,0.5
great-with,7,1,8,0.125
horse...-of,5,3,8,0.375
final-is,1,1,2,0.5
evacuate-would,1,2,3,0.6666666666666666
set-via,1,1,2,0.5
send-this,1,1,2,0.5
brought-i,3,3,6,0.5
history:-in,1,1,2,0.5
how-some,6,2,8,0.25
ha-here,1,1,2,0.5
and-music,4,1,5,0.2
newlywed-thousand,1,1,2,0.5
in-morning,2,2,4,0.5
miner-movie,21,10,31,0.3225806451612903
2013-the,9,4,13,0.3076923076923077
interesting-more,3,1,4,0.25
in-peaceful,1,1,2,0.5
it's-so,6,3,9,0.3333333333333333
rise-up,1,1,2,0.5
interlaken-utc2015-08-05,1,1,2,0.5
project-support,1,1,2,0.5
...-the,25,38,63,0.6031746031746031
detonate-m.o.p.),3,2,5,0.4
hunger-in,1,1,2,0.5
all-want,3,3,6,0.5
#genocide;-etc.,1,4,5,0.8
a-drug,4,1,5,0.2
1-droid,1,1,2,0.5
a-double,3,2,5,0.4
refugee-syrian,4,3,7,0.42857142857142855
building-mmmmmm,1,1,2,0.5
he-in,26,18,44,0.4090909090909091
#otrametlife-is,1,2,3,0.6666666666666666
bring-the,10,9,19,0.47368421052631576
are-burning,9,8,17,0.47058823529411764
according-to,8,5,13,0.38461538461538464
it-piece,4,3,7,0.42857142857142855
#forever-of,4,2,6,0.3333333333333333
glad-wa,1,1,2,0.5
islam-person,1,1,2,0.5
day-fall,1,1,2,0.5
follow-were,1,1,2,0.5
3g-phone,4,3,7,0.42857142857142855
abused+desolate&amp;lost-brutally,1,1,2,0.5
??-blow,1,1,2,0.5
---in,2,1,3,0.3333333333333333
4wd-offroad,5,1,6,0.16666666666666666
anyone-is,1,1,2,0.5
:-day,1,1,2,0.5
destroyed-on,4,1,5,0.2
#somalia--,1,1,2,0.5
for-notice,2,5,7,0.7142857142857143
cigarette-smoke,1,1,2,0.5
#genocide;-people;,1,4,5,0.8
my-no,15,7,22,0.3181818181818182
her-his,13,4,17,0.23529411764705882
survived-to,2,2,4,0.5
in-like,54,25,79,0.31645569620253167
great-off's,1,1,2,0.5
lol-rid,1,1,2,0.5
bell-flood,1,1,2,0.5
soul-will,1,1,2,0.5
lol-so,7,1,8,0.125
a-breaking,30,7,37,0.1891891891891892
and-went,11,11,22,0.5
he-petition,2,1,3,0.3333333333333333
accept-firey,1,1,2,0.5
rescue-to,6,12,18,0.6666666666666666
teen-twister,1,1,2,0.5
to-where,8,4,12,0.3333333333333333
now-u,2,1,3,0.3333333333333333
given-it's,1,1,2,0.5
like-wound,2,1,3,0.3333333333333333
at-rainstorm,2,1,3,0.3333333333333333
bombed-out,2,1,3,0.3333333333333333
of-then,15,4,19,0.21052631578947367
church-of,2,1,3,0.3333333333333333
chase-the,2,1,3,0.3333333333333333
move-war,1,1,2,0.5
at-oh,4,1,5,0.2
don't-upset,1,1,2,0.5
just-whole,6,2,8,0.25
never-think,1,1,2,0.5
/-w,1,1,2,0.5
like-while,2,1,3,0.3333333333333333
food-one,1,1,2,0.5
is-press,1,2,3,0.6666666666666666
heard-i,19,7,26,0.2692307692307692
fact-the,7,8,15,0.5333333333333333
by-ûó,3,1,4,0.25
person-police,1,2,3,0.6666666666666666
jenner-the,1,1,2,0.5
burning-obliterated,1,1,2,0.5
idea-this,2,1,3,0.3333333333333333
don't-got,6,1,7,0.14285714285714285
my-will,30,2,32,0.0625
4-all,1,1,2,0.5
#womens-bag,5,1,6,0.16666666666666666
above-the,5,3,8,0.375
hope-they,2,1,3,0.3333333333333333
have-i'll,4,1,5,0.2
for-now,13,7,20,0.35
in-trying,5,5,10,0.5
in-tonight,5,1,6,0.16666666666666666
can-now,6,1,7,0.14285714285714285
look-way,2,1,3,0.3333333333333333
demolished-got,1,1,2,0.5
emergency-hazardous,1,1,2,0.5
--giant,1,1,2,0.5
--baby,4,2,6,0.3333333333333333
is-opposite,2,3,5,0.6
every-when,2,2,4,0.5
everything.-i,1,2,3,0.6666666666666666
huge-you,1,1,2,0.5
happening-you,1,1,2,0.5
came-with,2,2,4,0.5
cancer-for,2,2,4,0.5
bb4sp-palin,2,1,3,0.3333333333333333
an-emotional,3,1,4,0.25
background-the,2,1,3,0.3333333333333333
god-oh,4,1,5,0.2
in-most,7,9,16,0.5625
innocent-the,2,3,5,0.6
2-kill,1,1,2,0.5
association-rate,1,1,2,0.5
world-ûó,3,1,4,0.25
inside-my,2,2,4,0.5
&amp;-asking,1,1,2,0.5
i-month,4,1,5,0.2
linked-to,1,10,11,0.9090909090909091
a-anymore.,3,1,4,0.25
debt-of,1,1,2,0.5
a-him),4,2,6,0.3333333333333333
mourns-rare,1,1,2,0.5
be-said,5,2,7,0.2857142857142857
burned-ha,1,1,2,0.5
is-train,4,4,8,0.5
#directioners-fan,7,1,8,0.125
once-will,1,1,2,0.5
like-worse,1,2,3,0.6666666666666666
have-of,45,31,76,0.40789473684210525
america-in,2,5,7,0.7142857142857143
a-training,1,1,2,0.5
happens-we,1,1,2,0.5
go-just,5,2,7,0.2857142857142857
mark-the,1,14,15,0.9333333333333333
a-https://t.co/e8dl1lncvu,4,2,6,0.3333333333333333
'protest'-burning,1,2,3,0.6666666666666666
from-save,3,4,7,0.5714285714285714
--rome,1,4,5,0.8
#news-#phone,1,1,2,0.5
#globalwarming!!-inferno,1,1,2,0.5
the-up.,1,6,7,0.8571428571428571
@accionempresa-interest,1,1,2,0.5
effort-the,3,3,6,0.5
a-ever,10,4,14,0.2857142857142857
have-nuclear,1,4,5,0.8
greatest-https://t.co/moll5vd8yd,3,1,4,0.25
a-worry,1,2,3,0.6666666666666666
building-our,1,1,2,0.5
and-buddha,1,1,2,0.5
an-victim,1,1,2,0.5
#world-recognize,1,2,3,0.6666666666666666
(feat.-m.o.p.),2,1,3,0.3333333333333333
in-oak,1,2,3,0.6666666666666666
going-tornado,1,1,2,0.5
a-notice,1,1,2,0.5
thing-with,8,2,10,0.2
it's-story,1,2,3,0.6666666666666666
on-sinking,10,6,16,0.375
hope-when,1,2,3,0.6666666666666666
apc-pdp,2,5,7,0.7142857142857143
building-probably,1,1,2,0.5
know-share,1,2,3,0.6666666666666666
at-station,1,1,2,0.5
didn't-with,2,1,3,0.3333333333333333
head-me,2,1,3,0.3333333333333333
devastation-people,2,1,3,0.3333333333333333
fear-woman,1,1,2,0.5
give-tell,1,1,2,0.5
just-that,24,8,32,0.25
feel-self-image?,5,1,6,0.16666666666666666
horror-the,2,1,3,0.3333333333333333
everything.-is,1,1,2,0.5
by-destroyed,3,1,4,0.25
going-when,3,3,6,0.5
alarm-of,1,2,3,0.6666666666666666
beautiful-save,1,1,2,0.5
know.-to,1,1,2,0.5
blocking-is,1,2,3,0.6666666666666666
natural-this,2,3,5,0.6
body-hobo,7,1,8,0.125
emergency-explosion,1,5,6,0.8333333333333334
blessing-that,5,1,6,0.16666666666666666
5-that,2,1,3,0.3333333333333333
feel-this,2,1,3,0.3333333333333333
of-weird,1,1,2,0.5
according-and,1,2,3,0.6666666666666666
a-daily,5,3,8,0.375
can't-look,1,1,2,0.5
hospital-out,2,2,4,0.5
brother-for,1,1,2,0.5
place-wa,2,1,3,0.3333333333333333
imagine-you,2,1,3,0.3333333333333333
ever-into,1,1,2,0.5
4000-turkish,2,2,4,0.5
[black-hijacking,12,5,17,0.29411764705882354
like-smell,1,1,2,0.5
are-shot,1,1,2,0.5
all-those,2,3,5,0.6
..-in,2,2,4,0.5
'second'-pregnant,1,1,2,0.5
in-preparedness,1,1,2,0.5
totally-wa,1,2,3,0.6666666666666666
blamed-for,3,1,4,0.25
blanket-cree,1,1,2,0.5
but-think,8,3,11,0.2727272727272727
fight-that,1,1,2,0.5
--technology,1,1,2,0.5
/-run,1,1,2,0.5
flag-front,1,1,2,0.5
and-drive,3,3,6,0.5
a-cutting,1,4,5,0.8
8-pin-for,1,1,2,0.5
meet-with,1,2,3,0.6666666666666666
on-two,5,16,21,0.7619047619047619
now-wave,1,2,3,0.6666666666666666
high-spirit,1,1,2,0.5
another-getting,1,1,2,0.5
#world-of,1,1,2,0.5
of-pitch,1,1,2,0.5
some-you,4,5,9,0.5555555555555556
people-use,1,1,2,0.5
of-prevent,2,2,4,0.5
and-show,4,4,8,0.5
community-offensiveûª,3,1,4,0.25
d.b.-known,1,1,2,0.5
one-will,6,3,9,0.3333333333333333
bleeding-but,2,1,3,0.3333333333333333
at-post,1,1,2,0.5
emergency-need,6,1,7,0.14285714285714285
as-my,5,1,6,0.16666666666666666
are-point,1,1,2,0.5
a-there..,1,2,3,0.6666666666666666
engulfed-man,1,1,2,0.5
fight-sir.,2,2,4,0.5
on-west,1,2,3,0.6666666666666666
and-exchange,1,1,2,0.5
car-connector,1,1,2,0.5
as-like,3,1,4,0.25
agreed-for,1,1,2,0.5
into-or,19,2,21,0.09523809523809523
am-don't,2,1,3,0.3333333333333333
is-where,17,6,23,0.2608695652173913
greenway-with,1,1,2,0.5
from-read,2,5,7,0.7142857142857143
of-patience,1,2,3,0.6666666666666666
just-town,1,1,2,0.5
all-if,11,5,16,0.3125
result-the,1,7,8,0.875
the-tv,5,2,7,0.2857142857142857
been-but,10,2,12,0.16666666666666666
death-road.,1,1,2,0.5
will-wont,1,1,2,0.5
arson-for,2,9,11,0.8181818181818182
had-our,1,2,3,0.6666666666666666
could-storm,1,1,2,0.5
a-realise,4,3,7,0.42857142857142855
back-they,2,1,3,0.3333333333333333
added-playlist,11,2,13,0.15384615384615385
the-wildfire,1,40,41,0.975609756097561
21:1023-an,1,1,2,0.5
association-twia,1,1,2,0.5
of-though,2,1,3,0.3333333333333333
america-climate,2,1,3,0.3333333333333333
#god-#terrorism,3,4,7,0.5714285714285714
have-we're,1,1,2,0.5
into-slip,1,2,3,0.6666666666666666
those-we,1,2,3,0.6666666666666666
but-see,8,1,9,0.1111111111111111
all-thrown,1,1,2,0.5
ha-left,1,1,2,0.5
of-true,1,3,4,0.75
after-and,15,23,38,0.6052631578947368
i-mine,3,1,4,0.25
battle-read,1,1,2,0.5
for-police,4,15,19,0.7894736842105263
constant-u,1,1,2,0.5
are-haha,1,1,2,0.5
--20,1,1,2,0.5
:-catastrophe,1,1,2,0.5
a-might,7,3,10,0.3
:p-you,2,1,3,0.3333333333333333
but-zone,1,1,2,0.5
previous-were,1,1,2,0.5
and-crashed,6,8,14,0.5714285714285714
9-the,9,2,11,0.18181818181818182
jax-outlook,1,1,2,0.5
and-quickly,2,6,8,0.75
say-thing,4,2,6,0.3333333333333333
--inside,1,1,2,0.5
in-tell,2,2,4,0.5
31-spring,1,4,5,0.8
a-wa,129,110,239,0.4602510460251046
it-you!,2,1,3,0.3333333333333333
#offers2go-hazardous,1,2,3,0.6666666666666666
a-nothing,8,3,11,0.2727272727272727
hope-just,1,1,2,0.5
actually-good,1,2,3,0.6666666666666666
#hellfire-thinking,2,1,3,0.3333333333333333
fall-they,1,1,2,0.5
holland-to,1,2,3,0.6666666666666666
hellfire-let,4,1,5,0.2
be-who,4,2,6,0.3333333333333333
many-still,1,1,2,0.5
2pcs-led,3,1,4,0.25
even-had,1,4,5,0.8
a-hearing,3,4,7,0.5714285714285714
desolation-to,4,2,6,0.3333333333333333
bit-the,3,4,7,0.5714285714285714
next-of,8,5,13,0.38461538461538464
i-pledge,1,1,2,0.5
in-least,1,21,22,0.9545454545454546
like-nothing,3,3,6,0.5
iran-stadium,1,10,11,0.9090909090909091
and-run,1,5,6,0.8333333333333334
????-one,4,1,5,0.2
can-he,16,1,17,0.058823529411764705
can't-love,2,1,3,0.3333333333333333
killer-to,6,1,7,0.14285714285714285
inner-md,1,4,5,0.8
from-rt,1,5,6,0.8333333333333334
deluge-if,1,1,2,0.5
heartless-until,2,1,3,0.3333333333333333
a-thru,2,2,4,0.5
up-watching,2,2,4,0.5
a-radiation,1,1,2,0.5
can-dan,1,1,2,0.5
five-year,1,2,3,0.6666666666666666
them-we,5,4,9,0.4444444444444444
dead-landslide,1,1,2,0.5
bang-from,13,3,16,0.1875
a-learn,7,1,8,0.125
false-trafford,1,4,5,0.8
24-for,1,1,2,0.5
he-police,1,3,4,0.75
and-up.,4,4,8,0.5
allows-california,2,4,6,0.6666666666666666
damage-will,1,1,2,0.5
it-would,9,11,20,0.55
are-work,6,1,7,0.14285714285714285
ha-natural,2,2,4,0.5
#pbban-@'armageddon,3,1,4,0.25
and-coyote,1,1,2,0.5
back-he,7,1,8,0.125
full-wire,1,1,2,0.5
have-week.,2,1,3,0.3333333333333333
say-weapon,1,2,3,0.6666666666666666
engulfed-the,10,2,12,0.16666666666666666
list.-top,1,1,2,0.5
back-car,1,1,2,0.5
a-banquet,1,1,2,0.5
family-on,4,3,7,0.42857142857142855
????-nigga,5,2,7,0.2857142857142857
in-ross,1,1,2,0.5
and-call,5,2,7,0.2857142857142857
and-stop,7,2,9,0.2222222222222222
any-derail,5,1,6,0.16666666666666666
no-that's,1,1,2,0.5
a-hand,9,3,12,0.25
war-zone,10,6,16,0.375
no-white,1,1,2,0.5
cliff-my,3,3,6,0.5
the-true,1,3,4,0.75
i-wrong,6,3,9,0.3333333333333333
civil-runner,1,1,2,0.5
responder-u,1,1,2,0.5
&amp;-@youtube,4,2,6,0.3333333333333333
of-ran,1,1,2,0.5
--action,1,1,2,0.5
men-on,1,2,3,0.6666666666666666
believe-of,3,4,7,0.5714285714285714
fire-the,32,79,111,0.7117117117117117
heard-in,14,5,19,0.2631578947368421
cruz-ûó,1,1,2,0.5
griefûª-victim,1,4,5,0.8
it-via,3,2,5,0.4
alarm-off,1,3,4,0.75
soon-will,3,1,4,0.25
telling-to,4,1,5,0.2
medieval-the,1,2,3,0.6666666666666666
and-lady,3,2,5,0.4
medium-murder.,1,2,3,0.6666666666666666
of-socialism,2,1,3,0.3333333333333333
a-single,2,1,3,0.3333333333333333
driver-time,1,1,2,0.5
+-in,1,3,4,0.75
around-wa,2,3,5,0.6
nema-openly,2,1,3,0.3333333333333333
got-to,16,7,23,0.30434782608695654
do-every,1,3,4,0.75
heart-your,2,1,3,0.3333333333333333
how-know,13,4,17,0.23529411764705882
nuclear-on,3,13,16,0.8125
and-beer,3,1,4,0.25
death-man,1,1,2,0.5
among-for,2,1,3,0.3333333333333333
game-get,1,1,2,0.5
any-so,4,3,7,0.42857142857142855
death-my,4,1,5,0.2
an-this,7,9,16,0.5625
item-with,1,1,2,0.5
crashed-heard,1,1,2,0.5
internally-stealing,2,1,3,0.3333333333333333
#nursing-emergency,1,1,2,0.5
a-pilot,1,3,4,0.75
everyone-i,15,9,24,0.375
the-weekend,7,1,8,0.125
in-young,2,4,6,0.6666666666666666
mom-sex,1,1,2,0.5
will-year,2,1,3,0.3333333333333333
at-firefighter,1,4,5,0.8
can-evacuate,2,1,3,0.3333333333333333
and-one,35,16,51,0.3137254901960784
course-the,6,2,8,0.25
be-nothing,1,1,2,0.5
didn't-in,7,1,8,0.125
smoke-to,5,4,9,0.4444444444444444
repair-structural,1,1,2,0.5
gabon-somalia,1,1,2,0.5
force-not,2,1,3,0.3333333333333333
at-happened,1,1,2,0.5
humaza.-the,4,2,6,0.3333333333333333
click-on,1,1,2,0.5
'protest'-building,1,2,3,0.6666666666666666
--4x4,6,1,7,0.14285714285714285
news-page,1,1,2,0.5
day-wanna,1,1,2,0.5
aba-pandemonium,8,4,12,0.3333333333333333
2-from,7,7,14,0.5
still-these,1,1,2,0.5
and-wall,2,1,3,0.3333333333333333
make-world,3,1,4,0.25
into-now,2,1,3,0.3333333333333333
out-storm,1,1,2,0.5
emergency-with,4,2,6,0.3333333333333333
guess-i,14,2,16,0.125
director-hike:,1,1,2,0.5
of-we've,2,2,4,0.5
but-well.,1,1,2,0.5
is-n,4,1,5,0.2
it's-said,1,1,2,0.5
house-terrorist,1,1,2,0.5
alien-exterminate,1,1,2,0.5
crashing-the,1,1,2,0.5
and-hearing,1,3,4,0.75
nuclear-over,1,5,6,0.8333333333333334
--flame,4,7,11,0.6363636363636364
etc.-strategy,1,4,5,0.8
death-own,1,1,2,0.5
of-stir,1,4,5,0.8
how-take,2,1,3,0.3333333333333333
#strategicpatience-etc.,1,4,5,0.8
#southdowns-#winter,1,1,2,0.5
my-up.,2,1,3,0.3333333333333333
capture-pakistan,1,1,2,0.5
injured-that's,1,1,2,0.5
out-ross,1,1,2,0.5
what-your,5,2,7,0.2857142857142857
an-nema,2,1,3,0.3333333333333333
chest/torso-of,1,1,2,0.5
day-it,7,5,12,0.4166666666666667
are-chinese,1,1,2,0.5
(twia)-association,1,1,2,0.5
food.-the,1,1,2,0.5
every-someone,1,1,2,0.5
#360wisenews-gem,2,2,4,0.5
storm-their,1,1,2,0.5
in-them,10,5,15,0.3333333333333333
crossed-in,1,1,2,0.5
is-little,3,1,4,0.25
a-few,21,9,30,0.3
disaster-through,2,1,3,0.3333333333333333
&amp;-derail,7,1,8,0.125
about-lead,3,1,4,0.25
a-moment,9,11,20,0.55
being-like,6,1,7,0.14285714285714285
power-the,2,4,6,0.6666666666666666
rioting-think,1,2,3,0.6666666666666666
for-û_,5,5,10,0.5
of-unavoidable,2,1,3,0.3333333333333333
@calum5sos-the,1,3,4,0.75
all-once,1,1,2,0.5
breaking-nearby.,13,3,16,0.1875
5c-phone,1,1,2,0.5
it-worse,5,1,6,0.16666666666666666
near-so,1,1,2,0.5
and-debt,1,1,2,0.5
bagging-body,25,4,29,0.13793103448275862
from-ppl,1,1,2,0.5
at-house,5,2,7,0.2857142857142857
board-new,1,1,2,0.5
get-no,7,4,11,0.36363636363636365
have-yeah,2,2,4,0.5
ha-whirlwind,3,2,5,0.4
and-course,4,1,5,0.2
couple-leisure,2,1,3,0.3333333333333333
in.-say,1,1,2,0.5
=-there,1,1,2,0.5
internal-of,4,1,5,0.2
ha-is,21,13,34,0.38235294117647056
death-than,2,1,3,0.3333333333333333
siren-the,19,5,24,0.20833333333333334
rid-some,1,1,2,0.5
man-news:,1,2,3,0.6666666666666666
i-treat,1,2,3,0.6666666666666666
in-safe,4,1,5,0.2
not-tear,1,1,2,0.5
famine-on,1,1,2,0.5
bombed-with,3,2,5,0.4
a-tough,1,4,5,0.8
non-compliant-on,2,1,3,0.3333333333333333
mishap-research,1,1,2,0.5
course-is,1,1,2,0.5
conference-demolish,4,1,5,0.2
don't-still,7,1,8,0.125
--more,5,31,36,0.8611111111111112
&amp;-make,1,1,2,0.5
5-percent,1,1,2,0.5
appears-just,13,3,16,0.1875
had-head,1,1,2,0.5
in-past,1,5,6,0.8333333333333334
new-now,2,2,4,0.5
an-there's,1,2,3,0.6666666666666666
&amp;-coming,5,4,9,0.4444444444444444
both-the,11,5,16,0.3125
apartment-in,2,4,6,0.6666666666666666
annihilation-via,5,4,9,0.4444444444444444
fish-ornament,2,2,4,0.5
incredible-the,1,1,2,0.5
china-for,2,1,3,0.3333333333333333
meal-obliterated,3,1,4,0.25
sparked-summer,3,1,4,0.25
damage-say,1,1,2,0.5
--there's,1,1,2,0.5
and-shooting,3,3,6,0.5
2-w/heavenly,5,1,6,0.16666666666666666
my-where,5,3,8,0.375
murderer-not,1,1,2,0.5
few-in,3,5,8,0.625
don't-work!,1,1,2,0.5
i-wood,1,1,2,0.5
line-near,1,2,3,0.6666666666666666
community-update,4,1,5,0.2
my-weapon,7,1,8,0.125
my-thought,3,1,4,0.25
dog-in,6,3,9,0.3333333333333333
the-we,111,38,149,0.2550335570469799
how-member,1,1,2,0.5
paint-the,1,2,3,0.6666666666666666
fire-these,1,2,3,0.6666666666666666
the-they're,6,1,7,0.14285714285714285
bush-the,2,8,10,0.8
are-then,6,1,7,0.14285714285714285
pitch-the,4,2,6,0.3333333333333333
japan-war,3,12,15,0.8
ha-no,8,6,14,0.42857142857142855
is-quarantined,1,1,2,0.5
70-after,1,17,18,0.9444444444444444
...-now,1,2,3,0.6666666666666666
can-like,6,1,7,0.14285714285714285
her-in,18,7,25,0.28
an-general,1,1,2,0.5
oops:-to,1,2,3,0.6666666666666666
a-whirlwind,14,5,19,0.2631578947368421
many-mass,2,1,3,0.3333333333333333
man-you're,2,1,3,0.3333333333333333
said-then,1,1,2,0.5
even-season,1,1,2,0.5
????-with,5,1,6,0.16666666666666666
ground-there,1,1,2,0.5
fire-service,1,8,9,0.8888888888888888
can-want,2,1,3,0.3333333333333333
refugee-wowo--===,1,1,2,0.5
jonathan-poll:,3,1,4,0.25
big-it,1,5,6,0.8333333333333334
are-but,20,16,36,0.4444444444444444
#allah-describes,2,1,3,0.3333333333333333
can-man,3,1,4,0.25
another-be,6,1,7,0.14285714285714285
c-130-in,3,30,33,0.9090909090909091
people.-the,1,3,4,0.75
military-of,5,11,16,0.6875
can't-me,8,1,9,0.1111111111111111
agree-is,1,1,2,0.5
of-total,3,6,9,0.6666666666666666
am-when,1,2,3,0.6666666666666666
emergency-you,7,3,10,0.3
ppl-they,1,1,2,0.5
and-obliterate,7,1,8,0.125
certificate-death,2,1,3,0.3333333333333333
at-electrocuted,1,1,2,0.5
me-somehow,1,1,2,0.5
bridge-england,1,1,2,0.5
man-now,2,1,3,0.3333333333333333
change-my,6,3,9,0.3333333333333333
2-also,1,1,2,0.5
at-baby,1,2,3,0.6666666666666666
inside-is,1,2,3,0.6666666666666666
in-there,33,21,54,0.3888888888888889
an-why,6,1,7,0.14285714285714285
#best-iran,1,7,8,0.875
glenn-had,1,1,2,0.5
been-what,2,2,4,0.5
american-so,1,1,2,0.5
going-will,2,3,5,0.6
issue-outlook,1,7,8,0.875
disaster-during,1,1,2,0.5
by-caused,1,18,19,0.9473684210526315
fast-if,1,2,3,0.6666666666666666
false-fire,1,4,5,0.8
murder-you,3,1,4,0.25
bigamist-child,2,1,3,0.3333333333333333
fire-time,1,5,6,0.8333333333333334
??-year,5,1,6,0.16666666666666666
off-when,2,1,3,0.3333333333333333
level-still,2,1,3,0.3333333333333333
for-sister,1,1,2,0.5
but-past,1,2,3,0.6666666666666666
big-the,17,7,24,0.2916666666666667
at-everyone,3,1,4,0.25
collection-read,1,1,2,0.5
flood-hope,2,1,3,0.3333333333333333
catch-one,1,1,2,0.5
for-wonder,2,1,3,0.3333333333333333
city-is,2,4,6,0.6666666666666666
#prebreak-computer,12,5,17,0.29411764705882354
i-tsunami,4,3,7,0.42857142857142855
feel-low,5,1,6,0.16666666666666666
is-yeah,4,2,6,0.3333333333333333
this-whole,5,5,10,0.5
hollywood-trapped,21,10,31,0.3225806451612903
ablaze-outside,1,1,2,0.5
thought-with,2,1,3,0.3333333333333333
each-try,1,1,2,0.5
now-wanna,1,1,2,0.5
more-not,3,2,5,0.4
'the-second,1,2,3,0.6666666666666666
'the-that,2,2,4,0.5
a-tribal,8,4,12,0.3333333333333333
allegiance-and,1,1,2,0.5
#nursing-health,3,1,4,0.25
emergency-plan,6,14,20,0.7
about-friend,3,1,4,0.25
look-war,3,4,7,0.5714285714285714
that-up.,1,1,2,0.5
i'm-off,2,1,3,0.3333333333333333
bite-for,2,1,3,0.3333333333333333
inner-with,1,4,5,0.8
gun-without,1,1,2,0.5
evacuation-is,2,2,4,0.5
sinking-too,1,1,2,0.5
high-of,4,5,9,0.5555555555555556
bell-of,3,1,4,0.25
in-ten,1,3,4,0.75
hello-please,1,1,2,0.5
up-you,34,10,44,0.22727272727272727
can't-is,14,6,20,0.3
chemical-to,8,4,12,0.3333333333333333
are-still,4,4,8,0.5
first-thinking,1,1,2,0.5
7-the,3,4,7,0.5714285714285714
his-room,1,1,2,0.5
our-read,4,1,5,0.2
allegiance-pledge,1,1,2,0.5
in-news!,14,3,17,0.17647058823529413
are-we,21,18,39,0.46153846153846156
on-so,25,6,31,0.1935483870967742
simple-to,2,1,3,0.3333333333333333
people-with,10,6,16,0.375
cleared:incident-silver,1,2,3,0.6666666666666666
flood-i'm,1,2,3,0.6666666666666666
smoke-street,1,1,2,0.5
disaster-like,3,4,7,0.5714285714285714
and-pulling,1,1,2,0.5
bagging-still,1,1,2,0.5
in-light,2,3,5,0.6
hike:-twia,1,1,2,0.5
damage-deal,1,1,2,0.5
guy-when,2,1,3,0.3333333333333333
and-let's,5,1,6,0.16666666666666666
2-my,11,2,13,0.15384615384615385
of-tahoe.,1,1,2,0.5
become-this,1,1,2,0.5
former-hijack,2,2,4,0.5
most-who,4,1,5,0.2
the-turn,8,7,15,0.4666666666666667
#photography-on,1,1,2,0.5
know-way,1,2,3,0.6666666666666666
just-only,1,1,2,0.5
something-that's,1,1,2,0.5
girl-out,2,1,3,0.3333333333333333
most-to,12,3,15,0.2
--brother,1,1,2,0.5
think-watching,1,1,2,0.5
--t...,1,2,3,0.6666666666666666
isn't-there,2,4,6,0.6666666666666666
body-leather,15,1,16,0.0625
screaming-to,2,2,4,0.5
im-not,5,1,6,0.16666666666666666
on-responder,3,3,6,0.5
business-deluged,8,1,9,0.1111111111111111
my-scared,4,3,7,0.42857142857142855
97/georgia-ave,1,4,5,0.8
#ashes-trent,1,1,2,0.5
&amp;-cancer,1,1,2,0.5
came-not,1,2,3,0.6666666666666666
a-break,4,2,6,0.3333333333333333
been-his,4,3,7,0.42857142857142855
so-twice,1,2,3,0.6666666666666666
attack.-the,1,4,5,0.8
station-the,2,1,3,0.3333333333333333
9-pm,2,1,3,0.3333333333333333
a-question,2,3,5,0.6
change.-is,8,4,12,0.3333333333333333
from-what,16,5,21,0.23809523809523808
of-sense,7,2,9,0.2222222222222222
but-never,11,5,16,0.3125
#magginoodle-into,1,2,3,0.6666666666666666
arsonist-restaurant,1,1,2,0.5
don't-ha,3,2,5,0.4
lot-of,24,6,30,0.2
chile-miner,8,1,9,0.1111111111111111
murderous-the,1,5,6,0.8333333333333334
only-while,1,1,2,0.5
2.1a-5c,1,1,2,0.5
#irandeal-nuclear,2,1,3,0.3333333333333333
no-this,9,10,19,0.5263157894736842
---to,4,4,8,0.5
7-eye,1,1,2,0.5
time-year,1,3,4,0.75
and-market,1,1,2,0.5
burning-than,1,2,3,0.6666666666666666
mineral's-the,1,1,2,0.5
and-bomb,3,9,12,0.75
comment-for,8,3,11,0.2727272727272727
affect-of,1,1,2,0.5
blew-up,29,1,30,0.03333333333333333
by-say,1,15,16,0.9375
state-to,5,13,18,0.7222222222222222
at-over,1,8,9,0.8888888888888888
coming-godslove,2,1,3,0.3333333333333333
from-u,5,5,10,0.5
2-while,1,1,2,0.5
far-the,6,8,14,0.5714285714285714
every-for,7,4,11,0.36363636363636365
game-set,1,1,2,0.5
of-thursday,2,7,9,0.7777777777777778
@rightwaystan-building,1,1,2,0.5
chicago-area-gay,5,1,6,0.16666666666666666
if-work,2,1,3,0.3333333333333333
#islam!-think,1,1,2,0.5
#directioners-http://t.co/q2eblokeve,5,1,6,0.16666666666666666
notexplained:-rt,1,1,2,0.5
so-under,1,1,2,0.5
#prebreak-into,4,1,5,0.2
bos-wa,2,2,4,0.5
25-i,2,1,3,0.3333333333333333
pledge-to,1,1,2,0.5
hijacking-send,12,5,17,0.29411764705882354
are-call,3,1,4,0.25
into-me,6,4,10,0.4
have-isn't,1,1,2,0.5
#fettilootch-oppression,3,1,4,0.25
a-sex,6,2,8,0.25
team-to,5,5,10,0.5
and-because,15,13,28,0.4642857142857143
fell-the,2,4,6,0.6666666666666666
sarah-watch,2,1,3,0.3333333333333333
collins-joe,1,1,2,0.5
+-i,4,2,6,0.3333333333333333
bringing-plaguing,4,2,6,0.3333333333333333
emergency-vehicle,1,1,2,0.5
for-tragedy,2,1,3,0.3333333333333333
are-medium,2,1,3,0.3333333333333333
burning-this,3,2,5,0.4
heart-purple,1,1,2,0.5
????-finally,2,1,3,0.3333333333333333
get-i'd,2,1,3,0.3333333333333333
through-wa,1,2,3,0.6666666666666666
feel-is,6,5,11,0.45454545454545453
ass.-be,13,3,16,0.1875
i'll-to,12,1,13,0.07692307692307693
&amp;-w/heavenly,5,1,6,0.16666666666666666
bar-reû_,6,1,7,0.14285714285714285
furious-the,1,1,2,0.5
he-this,9,2,11,0.18181818181818182
here-this,4,2,6,0.3333333333333333
make-you,20,6,26,0.23076923076923078
53inch-fog,6,1,7,0.14285714285714285
a-famous,2,1,3,0.3333333333333333
he-heartless,2,1,3,0.3333333333333333
behind-is,3,1,4,0.25
a-friday,4,2,6,0.3333333333333333
by-red,1,1,2,0.5
heat-when,2,2,4,0.5
parenthood-watch,2,1,3,0.3333333333333333
all-how,5,1,6,0.16666666666666666
on-queen,1,1,2,0.5
building-while,1,2,3,0.6666666666666666
is-will,23,9,32,0.28125
home-into,1,10,11,0.9090909090909091
equal-reward,1,1,2,0.5
if-two,1,1,2,0.5
dead-no,1,1,2,0.5
moment-two,1,1,2,0.5
first-today.,1,1,2,0.5
hijack-plan,5,9,14,0.6428571428571429
devastated-to,1,3,4,0.75
in-tent,1,3,4,0.75
on-why,10,3,13,0.23076923076923078
demolish-you,6,2,8,0.25
#hellfire-piling,2,1,3,0.3333333333333333
a-wall,2,5,7,0.7142857142857143
at-just,10,8,18,0.4444444444444444
--damage,3,5,8,0.625
about-take,1,3,4,0.75
a-part,5,8,13,0.6153846153846154
near-wildfire,1,1,2,0.5
5-~,2,1,3,0.3333333333333333
rainstorm-via,1,1,2,0.5
a-across,3,4,7,0.5714285714285714
me-something,2,1,3,0.3333333333333333
at-violent,1,3,4,0.75
me-out,12,4,16,0.25
and-collided,4,14,18,0.7777777777777778
and-mine,2,1,3,0.3333333333333333
#nestleindia-for,1,2,3,0.6666666666666666
move-southampton,1,2,3,0.6666666666666666
@usatoday-transport,3,4,7,0.5714285714285714
is-job,3,1,4,0.25
know-we,6,3,9,0.3333333333333333
and-chase,2,1,3,0.3333333333333333
smoke-your,2,1,3,0.3333333333333333
a-price,1,2,3,0.6666666666666666
just-look,1,3,4,0.75
daily-mail,1,2,3,0.6666666666666666
army-fan,17,1,18,0.05555555555555555
life-then,2,2,4,0.5
likely-shape,6,1,7,0.14285714285714285
fan-to,7,3,10,0.3
into-just,3,5,8,0.625
about-were,2,2,4,0.5
7-space,1,1,2,0.5
dude-i,1,2,3,0.6666666666666666
possible-with,1,1,2,0.5
say-that's,1,1,2,0.5
a-drowned,4,7,11,0.6363636363636364
plan-we,1,1,2,0.5
great-in,4,6,10,0.6
is-well,4,7,11,0.6363636363636364
'protest'-not,1,2,3,0.6666666666666666
of-riot,9,3,12,0.25
picked!-what,2,1,3,0.3333333333333333
siren-tornado,1,2,3,0.6666666666666666
just-massacre,1,1,2,0.5
by-fire,4,15,19,0.7894736842105263
deluge-to,8,2,10,0.2
new-not,1,3,4,0.75
and-rain,3,13,16,0.8125
blown-up.,2,1,3,0.3333333333333333
is-south,1,2,3,0.6666666666666666
fennovoima-will,2,1,3,0.3333333333333333
have-would,20,6,26,0.23076923076923078
that-tragedy,3,1,4,0.25
by-worth,2,1,3,0.3333333333333333
*-famine,3,1,4,0.25
hellfire-if,4,2,6,0.3333333333333333
there-trapped,2,2,4,0.5
on-this,44,19,63,0.30158730158730157
bridge-is,2,3,5,0.6
come-that,5,1,6,0.16666666666666666
send-would,1,1,2,0.5
like-to,70,20,90,0.2222222222222222
black-like,1,3,4,0.75
and-problem,4,1,5,0.2
dance-in,5,1,6,0.16666666666666666
destruction-with,3,1,4,0.25
is-left,2,6,8,0.75
fire-it,5,13,18,0.7222222222222222
are-top,10,1,11,0.09090909090909091
house-|,1,3,4,0.75
not-rally,1,2,3,0.6666666666666666
story-we,3,1,4,0.25
and-flattened,3,1,4,0.25
gave-it,3,1,4,0.25
my-said,5,6,11,0.5454545454545454
make-or,12,2,14,0.14285714285714285
an-see,1,2,3,0.6666666666666666
at-i'm,13,6,19,0.3157894736842105
now!-until,2,1,3,0.3333333333333333
nude-to,1,1,2,0.5
&amp;-where,3,2,5,0.4
im-is,4,3,7,0.42857142857142855
into-wound,1,2,3,0.6666666666666666
be-had,5,4,9,0.4444444444444444
suffered-with,1,2,3,0.6666666666666666
are-more,11,7,18,0.3888888888888889
of-peak,1,2,3,0.6666666666666666
famine-in,1,3,4,0.75
daughter-war,1,1,2,0.5
bc-don't,2,1,3,0.3333333333333333
error-the,3,1,4,0.25
of-who,9,56,65,0.8615384615384616
do-that's,1,1,2,0.5
--pamela,2,15,17,0.8823529411764706
constant-of,1,1,2,0.5
i'm-see,7,1,8,0.125
continue-the,3,3,6,0.5
'save-the,4,2,6,0.3333333333333333
ask-on,1,1,2,0.5
#otrametlife-direction,1,1,2,0.5
report-the,3,15,18,0.8333333333333334
of-phoenix,3,2,5,0.4
massacre-this,1,1,2,0.5
--why,5,1,6,0.16666666666666666
is-survivor,2,3,5,0.6
police-with,5,8,13,0.6153846153846154
a-here's,3,2,5,0.4
kosciusko-police,1,1,2,0.5
are-via,4,1,5,0.2
structural-the,6,10,16,0.625
flood-that,8,2,10,0.2
cause-person,1,1,2,0.5
in-remains,2,3,5,0.6
it-please,3,1,4,0.25
them-there's,1,1,2,0.5
but-weapon,2,2,4,0.5
--under,2,5,7,0.7142857142857143
#insurance-for,1,1,2,0.5
ink-playing,2,1,3,0.3333333333333333
but-fall,2,3,5,0.6
content-reddit,18,2,20,0.1
just-spider,1,1,2,0.5
sinking-your,8,4,12,0.3333333333333333
bomb-like,1,2,3,0.6666666666666666
declined-population,1,2,3,0.6666666666666666
a-turned,12,6,18,0.3333333333333333
body-you,13,4,17,0.23529411764705882
a-summer?,2,1,3,0.3333333333333333
a-upper,2,2,4,0.5
for-safety,3,1,4,0.25
business-with,20,9,29,0.3103448275862069
if-mass,1,2,3,0.6666666666666666
...-like,3,1,4,0.25
2-burning,2,1,3,0.3333333333333333
into-so,7,1,8,0.125
to-youtube,1,1,2,0.5
back-first,1,2,3,0.6666666666666666
arson-owner,5,1,6,0.16666666666666666
is-nuclear,6,6,12,0.5
there-two,2,2,4,0.5
life-ur,10,2,12,0.16666666666666666
need-of,9,8,17,0.47058823529411764
all-own,2,1,3,0.3333333333333333
arsonist-on,2,1,3,0.3333333333333333
but-fatality,2,1,3,0.3333333333333333
if-instead,1,1,2,0.5
(giant-flame,1,1,2,0.5
a-coming,12,6,18,0.3333333333333333
here-it,5,1,6,0.16666666666666666
on-staff,1,1,2,0.5
but-seeing,1,2,3,0.6666666666666666
that-wholesale,1,1,2,0.5
be-cannot,1,2,3,0.6666666666666666
and-desolate.,2,2,4,0.5
storm-that,1,4,5,0.8
more-worse,2,1,3,0.3333333333333333
ten-their,1,1,2,0.5
finally-i,5,1,6,0.16666666666666666
in-|,4,22,26,0.8461538461538461
on-tell,1,2,3,0.6666666666666666
of-pandemonium,1,1,2,0.5
had-war,1,3,4,0.75
--give,1,2,3,0.6666666666666666
came-the,12,7,19,0.3684210526315789
here-i,6,9,15,0.6
is-uk,1,1,2,0.5
and-now,24,12,36,0.3333333333333333
of-p.o.p.e.,1,1,2,0.5
and-fate,1,1,2,0.5
repatriated-wowo--===,1,1,2,0.5
i-nothing,7,4,11,0.36363636363636365
mass-your,1,4,5,0.8
survivor-the,7,11,18,0.6111111111111112
saturday.-the,1,1,2,0.5
political-to,1,2,3,0.6666666666666666
piling-thinking,2,1,3,0.3333333333333333
dorman-ignition,1,1,2,0.5
how-no,5,1,6,0.16666666666666666
riot-you,4,3,7,0.42857142857142855
it-it!,5,1,6,0.16666666666666666
9:-destroyed,8,1,9,0.1111111111111111
17:52:25-of,1,1,2,0.5
#hampshire-#treeporn,1,1,2,0.5
humaza.-it,2,1,3,0.3333333333333333
nyc-of,1,1,2,0.5
power-read,1,1,2,0.5
and-wound,7,2,9,0.2222222222222222
animal!-told,2,1,3,0.3333333333333333
#baltimore-#undergroundrailraod,1,1,2,0.5
of-up,36,37,73,0.5068493150684932
home-youûªve,4,3,7,0.42857142857142855
prepare-the,3,1,4,0.25
is-with,54,11,65,0.16923076923076924
after-next,1,1,2,0.5
up-would,5,2,7,0.2857142857142857
horse-sign,2,1,3,0.3333333333333333
more-pool,1,1,2,0.5
a-blood,6,9,15,0.6
off-rain,1,1,2,0.5
&amp;-truck,2,4,6,0.6666666666666666
--ask,1,2,3,0.6666666666666666
lab-wake,5,12,17,0.7058823529411765
1.-on,2,3,5,0.6
horror;-https://t.co/rqwuoy1fm4,1,3,4,0.75
best-from,2,1,3,0.3333333333333333
land-wa,9,4,13,0.3076923076923077
keep-u,2,1,3,0.3333333333333333
face-walk,1,1,2,0.5
news-to,8,7,15,0.4666666666666667
he-seen,1,1,2,0.5
turn-wa,1,1,2,0.5
publicizing-world,1,1,2,0.5
ablaze-of,1,3,4,0.75
on-winter,1,1,2,0.5
--2015,2,3,5,0.6
i-one.,3,1,4,0.25
#quote-her,2,1,3,0.3333333333333333
just-while,1,1,2,0.5
my-wa,42,25,67,0.373134328358209
throat-you,2,1,3,0.3333333333333333
--saw,1,3,4,0.75
better-wa,1,2,3,0.6666666666666666
came-tribal,4,2,6,0.3333333333333333
displaced-idp,1,4,5,0.8
end-for,3,2,5,0.4
is-when,23,11,34,0.3235294117647059
bernardino-san,1,1,2,0.5
that's-you,4,4,8,0.5
come-me,4,1,5,0.2
in-never,12,3,15,0.2
into-said,2,1,3,0.3333333333333333
my-ready,1,2,3,0.6666666666666666
for-life,5,8,13,0.6153846153846154
at-out,17,16,33,0.48484848484848486
property-the,11,1,12,0.08333333333333333
in-recycling,1,1,2,0.5
goal.-up,1,1,2,0.5
me-reminds,2,4,6,0.6666666666666666
it-tie,1,2,3,0.6666666666666666
alarm-had,1,1,2,0.5
#phoenix-just,1,1,2,0.5
an-crash,1,1,2,0.5
apc-jonathan,4,7,11,0.6363636363636364
:d-on,1,1,2,0.5
ever-would,1,1,2,0.5
cree-reû_,7,2,9,0.2222222222222222
that-tree,1,7,8,0.875
by-our,6,2,8,0.25
a-woman,20,8,28,0.2857142857142857
at-bottom,1,1,2,0.5
@potus-are,1,1,2,0.5
hair-i,8,4,12,0.3333333333333333
love-you!,2,1,3,0.3333333333333333
after-upheaval,3,3,6,0.5
here-i'm,2,1,3,0.3333333333333333
an-stealing,2,1,3,0.3333333333333333
&amp;-around,2,1,3,0.3333333333333333
:(-so,3,1,4,0.25
after-during,2,2,4,0.5
but-really,10,6,16,0.375
need-stop,4,2,6,0.3333333333333333
it-their,10,2,12,0.16666666666666666
the-tried,8,2,10,0.2
i-knew,3,1,4,0.25
drowned-of,1,5,6,0.8333333333333334
9:-with,8,1,9,0.1111111111111111
combo-lamp,6,1,7,0.14285714285714285
to-voting,1,1,2,0.5
--lightning,4,3,7,0.42857142857142855
about-into,4,2,6,0.3333333333333333
24-by,1,1,2,0.5
3-first,1,1,2,0.5
source-to,1,2,3,0.6666666666666666
left-of,3,6,9,0.6666666666666666
...-together,2,1,3,0.3333333333333333
2015]-funtenna:,12,5,17,0.29411764705882354
an-spirit,2,1,3,0.3333333333333333
do-going,5,3,8,0.375
animal!-now!,2,1,3,0.3333333333333333
'it-the,3,1,4,0.25
--collapse,5,12,17,0.7058823529411765
and-casualty,4,9,13,0.6923076923076923
causing-struck,1,1,2,0.5
evacuate-my,3,1,4,0.25
go-only,1,1,2,0.5
be-bombing,1,2,3,0.6666666666666666
faan-order,1,6,7,0.8571428571428571
in-spider,1,1,2,0.5
[black-computer,12,5,17,0.29411764705882354
dress-the,4,4,8,0.5
these-thing,1,2,3,0.6666666666666666
#quote-who,4,2,6,0.3333333333333333
get-have,14,4,18,0.2222222222222222
is-rt,7,3,10,0.3
america'-cruz,1,1,2,0.5
now-player,1,1,2,0.5
big-girl,1,1,2,0.5
cause-on,2,8,10,0.8
hollywood-starring...,6,4,10,0.4
among-the,3,1,4,0.25
unconfirmed!-wind,13,3,16,0.1875
leader-the,2,1,3,0.3333333333333333
across-this,1,3,4,0.75
tv-u,2,1,3,0.3333333333333333
me-screamed,2,1,3,0.3333333333333333
into-star,1,1,2,0.5
is-stop,4,3,7,0.42857142857142855
cause-that,2,1,3,0.3333333333333333
is-owner,2,1,3,0.3333333333333333
accident-not,1,2,3,0.6666666666666666
#hellfire-in,2,1,3,0.3333333333333333
so-year,2,2,4,0.5
@zak_bagans-a,1,1,2,0.5
batter-of,1,1,2,0.5
mass-stop,1,1,2,0.5
5c-6+,1,1,2,0.5
it.-should,1,1,2,0.5
horrible-reddit's,15,2,17,0.11764705882352941
longs-to,2,2,4,0.5
thunderstorm-to,1,4,5,0.8
air-on,2,17,19,0.8947368421052632
be-or,16,1,17,0.058823529411764705
ha-show,2,1,3,0.3333333333333333
into-turn,2,2,4,0.5
north-with,1,1,2,0.5
association-hike:,1,1,2,0.5
into-today,1,1,2,0.5
is-trauma,5,3,8,0.375
:(-to,1,1,2,0.5
good-the,27,5,32,0.15625
31-injury:i-495,1,4,5,0.8
actually-be,1,1,2,0.5
out-stretcher,1,1,2,0.5
great-time,3,1,4,0.25
get-huge,1,2,3,0.6666666666666666
a-damage,9,7,16,0.4375
and-scandal,1,1,2,0.5
how-of,33,19,52,0.36538461538461536
curved-led,6,1,7,0.14285714285714285
socialism-this,2,1,3,0.3333333333333333
much-today,2,1,3,0.3333333333333333
fleet-with,8,1,9,0.1111111111111111
bomb-there,2,2,4,0.5
a-seriously,2,2,4,0.5
design-for,2,1,3,0.3333333333333333
getting-great,1,1,2,0.5
wa-while,1,5,6,0.8333333333333334
of-tough,1,1,2,0.5
phone-while,5,3,8,0.375
ever-off,1,1,2,0.5
flame-two,1,1,2,0.5
#strategicpatience-internally,1,4,5,0.8
harm-to,16,1,17,0.058823529411764705
but-need,6,2,8,0.25
sunni-they,1,2,3,0.6666666666666666
prophet-the,6,2,8,0.25
is-you'll,1,1,2,0.5
away-be,3,1,4,0.25
is-poor,1,1,2,0.5
shit-you,8,4,12,0.3333333333333333
our-who,1,1,2,0.5
ahead-nuclear,4,2,6,0.3333333333333333
house-one,1,2,3,0.6666666666666666
madinah.-turned,4,2,6,0.3333333333333333
fuck-now,3,1,4,0.25
did-me,3,1,4,0.25
and-state,3,3,6,0.5
'second'-child,1,1,2,0.5
up-work,5,1,6,0.16666666666666666
demonstration-of,1,1,2,0.5
order-to,3,8,11,0.7272727272727273
flood-reû_,6,1,7,0.14285714285714285
ago-look,1,1,2,0.5
following-odeon,1,4,5,0.8
curfew-seen,1,1,2,0.5
i-something,4,4,8,0.5
leave-someone,2,1,3,0.3333333333333333
of-rare,2,1,3,0.3333333333333333
apocalyptic-for,2,3,5,0.6
see-tell,2,1,3,0.3333333333333333
distributed-to,2,1,3,0.3333333333333333
expected-that,2,2,4,0.5
my-someone,5,1,6,0.16666666666666666
#cnn-#quran,3,4,7,0.5714285714285714
our-to,17,13,30,0.43333333333333335
black-space,8,1,9,0.1111111111111111
baby-me,10,1,11,0.09090909090909091
in-treating,1,1,2,0.5
that-totally,4,2,6,0.3333333333333333
football-we,1,1,2,0.5
infamous-of,1,1,2,0.5
instead-u,2,2,4,0.5
worth-you,3,1,4,0.25
@noah_anyname-mass,1,1,2,0.5
the-two,18,20,38,0.5263157894736842
got-i've,2,2,4,0.5
&amp;-danger,3,2,5,0.4
been-phone,8,6,14,0.42857142857142855
single-the,3,3,6,0.5
had-with,5,3,8,0.375
so-than,5,1,6,0.16666666666666666
asked-by,2,1,3,0.3333333333333333
:-after,1,3,4,0.75
#tbt-a,2,1,3,0.3333333333333333
said-yourself,4,2,6,0.3333333333333333
panic-wa,4,1,5,0.2
be-someone,3,2,5,0.4
#phoenix-lizard,1,1,2,0.5
associated-by,1,3,4,0.75
happy-wa,1,1,2,0.5
enormous-the,3,3,6,0.5
if-real,3,1,4,0.25
change-wild,1,1,2,0.5
land-on,1,3,4,0.75
equal-humans!,1,1,2,0.5
#fettilootch-danger,3,1,4,0.25
over-people,6,4,10,0.4
at-i'll,1,2,3,0.6666666666666666
is-now,24,16,40,0.4
chile:-released,4,3,7,0.42857142857142855
just-scare,1,1,2,0.5
live-people,1,1,2,0.5
incredible-of,1,2,3,0.6666666666666666
the-winston,2,1,3,0.3333333333333333
in-med,2,6,8,0.75
(twia)-percent,1,1,2,0.5
lol-one,1,1,2,0.5
1'-new,2,2,4,0.5
firefighter-with,1,1,2,0.5
of-thinking,10,3,13,0.23076923076923078
displaced-openly,2,1,3,0.3333333333333333
'it-a,5,4,9,0.4444444444444444
weapons.-without,1,1,2,0.5
an-into,1,1,2,0.5
hospital-in,1,2,3,0.6666666666666666
ain't-no,5,1,6,0.16666666666666666
alien-annihilation,1,1,2,0.5
lightning-out,1,1,2,0.5
--cladding,3,1,4,0.25
drag-is,1,1,2,0.5
hit-like,3,2,5,0.4
the-together,3,3,6,0.5
pussy-shit,1,1,2,0.5
angry-false,1,4,5,0.8
board-twia,2,2,4,0.5
to-warned,1,2,3,0.6666666666666666
get-song,1,1,2,0.5
after-angry,1,4,5,0.8
annihilation-v,1,1,2,0.5
damage-then,1,1,2,0.5
infamous-known,1,1,2,0.5
nuclear-who,1,2,3,0.6666666666666666
san-wa,1,1,2,0.5
minority-watch,2,1,3,0.3333333333333333
began-to,2,1,3,0.3333333333333333
help-some,2,1,3,0.3333333333333333
so-tell,2,1,3,0.3333333333333333
--people,3,7,10,0.7
illusion-the,1,1,2,0.5
can-sometimes,1,1,2,0.5
--light,18,4,22,0.18181818181818182
#magginoodle-slip,1,2,3,0.6666666666666666
amid-detained,1,1,2,0.5
a-forest,5,17,22,0.7727272727272727
i-people,14,10,24,0.4166666666666667
a-everyone,13,7,20,0.35
read-û_,2,2,4,0.5
have-her,1,2,3,0.6666666666666666
census-elephant,1,1,2,0.5
#thanku-new,2,1,3,0.3333333333333333
another-sinking,1,1,2,0.5
film-the,11,2,13,0.15384615384615385
by-will,8,8,16,0.5
of-use,6,8,14,0.5714285714285714
impact-the,6,1,7,0.14285714285714285
dies..is-her,1,1,2,0.5
are-damn,1,1,2,0.5
bloody-that,1,2,3,0.6666666666666666
any-ur,10,2,12,0.16666666666666666
hd-i,3,1,4,0.25
flame-info/order,1,1,2,0.5
emergency-people,2,1,3,0.3333333333333333
4x4-reû_,6,1,7,0.14285714285714285
4x4-spot,6,1,7,0.14285714285714285
i-played,2,3,5,0.6
bit-if,1,1,2,0.5
hurricane-i,1,2,3,0.6666666666666666
by-woman,1,1,2,0.5
interest-stock,2,1,3,0.3333333333333333
by-date,6,2,8,0.25
room-wa,1,1,2,0.5
&amp;-that,18,6,24,0.25
care.-that,1,1,2,0.5
bridge-my,2,1,3,0.3333333333333333
can-we,11,1,12,0.08333333333333333
do-isn't,2,1,3,0.3333333333333333
bombed-photo,4,1,5,0.2
cost-the,4,5,9,0.5555555555555556
feeling-home,5,3,8,0.375
if-so,14,3,17,0.17647058823529413
of-tide,2,2,4,0.5
flash-in,1,11,12,0.9166666666666666
&amp;-me,8,6,14,0.42857142857142855
and-we,60,16,76,0.21052631578947367
(detonation)-knock,15,5,20,0.25
listen-vote:,2,1,3,0.3333333333333333
#hot-subreddits,4,1,5,0.2
of-summer,8,1,9,0.1111111111111111
just-mad,1,1,2,0.5
atomic-rock,1,2,3,0.6666666666666666
black-them,1,1,2,0.5
attack-human,1,1,2,0.5
an-injury,1,2,3,0.6666666666666666
getting-hit,1,1,2,0.5
--can,7,3,10,0.3
car-his,1,3,4,0.75
be-get,13,1,14,0.07142857142857142
i'm-no,5,1,6,0.16666666666666666
from-got,4,5,9,0.5555555555555556
reû_-s,4,1,5,0.2
at-those,3,2,5,0.4
are-world.,1,1,2,0.5
do-to,64,30,94,0.3191489361702128
cyclone-moulding,1,1,2,0.5
me-through,3,1,4,0.25
it-wrong,6,2,8,0.25
@potus-you,3,3,6,0.5
on-philly,1,4,5,0.8
summer?-this,1,1,2,0.5
didn't-last,1,1,2,0.5
rare-with,2,1,3,0.3333333333333333
for-weighs,1,1,2,0.5
at-decision,1,1,2,0.5
and-even,22,7,29,0.2413793103448276
alarm-my,3,2,5,0.4
a-ûò,3,3,6,0.5
finnish-go,2,1,3,0.3333333333333333
(temporary:300)-xp',3,1,4,0.25
everyone-i'm,2,1,3,0.3333333333333333
a-jealous,1,1,2,0.5
http://t.co/cybksxhf7d-sister,1,1,2,0.5
#humanconsumption-#offers2go,1,2,3,0.6666666666666666
of-real,4,2,6,0.3333333333333333
demolition-seven,1,1,2,0.5
leave-sorry,1,1,2,0.5
his-horse,2,1,3,0.3333333333333333
after-they,3,2,5,0.4
#forever-#reflect,2,1,3,0.3333333333333333
#treeporn-on,1,1,2,0.5
hereûªs-medium,1,1,2,0.5
had-i'm,3,1,4,0.25
i-stop,5,2,7,0.2857142857142857
medium-mohammed,1,1,2,0.5
2015-first,2,1,3,0.3333333333333333
murder?-ty,1,1,2,0.5
????-go,1,1,2,0.5
best-reason,1,1,2,0.5
wa-your,10,3,13,0.23076923076923078
be-supposed,2,1,3,0.3333333333333333
bed-just,3,1,4,0.25
air-of,1,3,4,0.75
no-though.,2,1,3,0.3333333333333333
now-wa,8,4,12,0.3333333333333333
flood-w/heavenly,5,1,6,0.16666666666666666
flood-he,6,1,7,0.14285714285714285
exploded-i,4,2,6,0.3333333333333333
not-there,5,2,7,0.2857142857142857
go-quarantined,15,2,17,0.11764705882352941
last-long,1,1,2,0.5
a-otherwise,1,1,2,0.5
across-in,1,1,2,0.5
fire-up,1,6,7,0.8571428571428571
#bbc-#terrorism,3,4,7,0.5714285714285714
against-the,16,9,25,0.36
after-earlier,1,1,2,0.5
by-worst,1,1,2,0.5
cladding-on,2,1,3,0.3333333333333333
give-the,7,6,13,0.46153846153846156
be-death,3,2,5,0.4
hijacker-weighs,1,1,2,0.5
court-supreme,6,3,9,0.3333333333333333
food-in,5,2,7,0.2857142857142857
http://t.co/cybksxhf7d-rt,2,2,4,0.5
people-talking,1,1,2,0.5
i-past,4,2,6,0.3333333333333333
added-video,11,2,13,0.15384615384615385
murder.-of,1,1,2,0.5
????-been,2,1,3,0.3333333333333333
of-point,3,6,9,0.6666666666666666
can-in.,1,1,2,0.5
in-military,9,11,20,0.55
but-side,1,1,2,0.5
5-apple,2,2,4,0.5
administration-the,1,1,2,0.5
fighting-fire,2,3,5,0.6
in-the...,1,4,5,0.8
a-counter,1,1,2,0.5
away-my,2,2,4,0.5
lightning-storm,2,2,4,0.5
been-me,11,4,15,0.26666666666666666
man-wa,5,6,11,0.5454545454545454
about-you,20,16,36,0.4444444444444444
death-wife,4,2,6,0.3333333333333333
of-willing,1,2,3,0.6666666666666666
--syrian,2,1,3,0.3333333333333333
land-peace,8,4,12,0.3333333333333333
#listen-#radio,1,1,2,0.5
i-tragedy,2,22,24,0.9166666666666666
from-them,4,2,6,0.3333333333333333
by-ur,13,2,15,0.13333333333333333
blood-run,1,1,2,0.5
getting-thing,1,1,2,0.5
mishap-wake,5,12,17,0.7058823529411765
ain't-ppl,1,1,2,0.5
at-crystal,1,1,2,0.5
in-remembering,1,3,4,0.75
like-thing,6,1,7,0.14285714285714285
ha-taking,2,1,3,0.3333333333333333
'there-wa,1,2,3,0.6666666666666666
brown-gov.,1,2,3,0.6666666666666666
father-this,1,1,2,0.5
friday-to,2,4,6,0.6666666666666666
for-searching,1,23,24,0.9583333333333334
8-train,1,1,2,0.5
know-will,5,3,8,0.375
night-wa,3,3,6,0.5
forest-have,2,1,3,0.3333333333333333
to-you.,5,1,6,0.16666666666666666
#winter-a,1,1,2,0.5
via-young,1,1,2,0.5
happening-now,2,1,3,0.3333333333333333
some-wa,7,1,8,0.125
blessing-is,5,1,6,0.16666666666666666
dead-when,1,2,3,0.6666666666666666
blazing-hot,4,1,5,0.2
couple-some,2,1,3,0.3333333333333333
have-last,1,2,3,0.6666666666666666
fire-sound,1,3,4,0.75
--army,7,1,8,0.125
big-their,1,1,2,0.5
on-one,16,9,25,0.36
could-ha,2,1,3,0.3333333333333333
in-must,1,4,5,0.8
covered-terrorist,1,1,2,0.5
library:-yourself,2,2,4,0.5
else-to,3,1,4,0.25
it-police,1,1,2,0.5
guess-is,2,1,3,0.3333333333333333
all-bet,1,1,2,0.5
so-these,5,1,6,0.16666666666666666
drunk-to,3,4,7,0.5714285714285714
did-see,1,3,4,0.75
humans!-saving,2,2,4,0.5
know-up,4,1,5,0.2
like-oh,2,1,3,0.3333333333333333
letûªs-not,3,1,4,0.25
is-volcano,1,2,3,0.6666666666666666
damn-off,1,1,2,0.5
he-we,2,1,3,0.3333333333333333
a-along,1,4,5,0.8
but-ha,13,1,14,0.07142857142857142
in-right,9,10,19,0.5263157894736842
blaze-inside,1,1,2,0.5
my-place,1,1,2,0.5
and-these,8,1,9,0.1111111111111111
**trfc-inj**,2,4,6,0.6666666666666666
a-memorial,2,2,4,0.5
go-if,9,3,12,0.25
and-general,2,2,4,0.5
'a-in,1,1,2,0.5
in-season,5,1,6,0.16666666666666666
a-high,7,5,12,0.4166666666666667
know-make,1,3,4,0.75
currently-the,1,4,5,0.8
building-next,1,1,2,0.5
just-scared,1,1,2,0.5
#business-will,1,1,2,0.5
know-they,7,2,9,0.2222222222222222
hollywood-in,16,6,22,0.2727272727272727
@corleonedaboss-to,1,1,2,0.5
and-land,14,15,29,0.5172413793103449
is-or,28,8,36,0.2222222222222222
emergency-wa,2,2,4,0.5
fact-than,1,1,2,0.5
at-still,6,1,7,0.14285714285714285
collapse-in,2,15,17,0.8823529411764706
by-live,2,1,3,0.3333333333333333
shift-somalia,1,1,2,0.5
and-danger,5,1,6,0.16666666666666666
still-what,1,2,3,0.6666666666666666
me-you,56,2,58,0.034482758620689655
asked-no,1,1,2,0.5
into-with,6,2,8,0.25
city.-epic,1,1,2,0.5
arm-the,4,2,6,0.3333333333333333
if-state,2,1,3,0.3333333333333333
goal-the,2,1,3,0.3333333333333333
and-next,7,4,11,0.36363636363636365
all-panicking,2,1,3,0.3333333333333333
obama-responsible,1,1,2,0.5
5-lightning,2,2,4,0.5
remains-the,1,1,2,0.5
nude-twister,1,1,2,0.5
2nd-on,1,5,6,0.8333333333333334
but-ground,1,1,2,0.5
at-twister,2,2,4,0.5
not-stop,3,2,5,0.4
first-no,4,1,5,0.2
&amp;-come,1,2,3,0.6666666666666666
is:-the,1,2,3,0.6666666666666666
dust-up,1,2,3,0.6666666666666666
bleeding-heart,1,1,2,0.5
@youtube-no,1,1,2,0.5
thats-to,1,1,2,0.5
get-hope,1,1,2,0.5
@usatoday-longer,3,4,7,0.5714285714285714
madinah.-to,4,2,6,0.3333333333333333
and-more,22,13,35,0.37142857142857144
?????-to,1,1,2,0.5
mph-of,1,3,4,0.75
&amp;-health,4,1,5,0.2
it-just,34,14,48,0.2916666666666667
bc-with,1,2,3,0.6666666666666666
have-must,4,2,6,0.3333333333333333
4-how,1,1,2,0.5
a-knew,2,1,3,0.3333333333333333
gonna-this,1,3,4,0.75
case-of,2,4,6,0.6666666666666666
my-on,67,19,86,0.22093023255813954
while-would,1,1,2,0.5
their-to,26,14,40,0.35
gonna-like,4,1,5,0.2
and-support,3,10,13,0.7692307692307693
explode?-the,1,1,2,0.5
enemy-lord,5,1,6,0.16666666666666666
&amp;-yet,1,1,2,0.5
@'armageddon-only,3,1,4,0.25
it.-someone,1,1,2,0.5
hear-their,3,3,6,0.5
a-reshapes,2,2,4,0.5
fire-s,1,1,2,0.5
bounty-hunter,1,5,6,0.8333333333333334
them-what,1,1,2,0.5
wave-will,1,2,3,0.6666666666666666
j.-world,1,1,2,0.5
hope-in,8,5,13,0.38461538461538464
0-about,1,1,2,0.5
meek-ovo,1,1,2,0.5
we're-worth,2,1,3,0.3333333333333333
a-oh,5,1,6,0.16666666666666666
fact-i,6,1,7,0.14285714285714285
just-so,18,3,21,0.14285714285714285
the-yay,1,1,2,0.5
banned-into,15,2,17,0.11764705882352941
from-it,13,11,24,0.4583333333333333
bc-if,1,1,2,0.5
of-stupid,1,1,2,0.5
body-drake,10,1,11,0.09090909090909091
and-climate,3,2,5,0.4
(twia)-the,1,1,2,0.5
everyone-would,3,1,4,0.25
but-late,2,2,4,0.5
a-neighborhood,1,1,2,0.5
big-that,2,2,4,0.5
16-they,2,1,3,0.3333333333333333
be-school,4,1,5,0.2
coming-my,5,2,7,0.2857142857142857
can't-new,1,1,2,0.5
emergency-unit,1,4,5,0.8
do-u,10,3,13,0.23076923076923078
get-let,7,1,8,0.125
how-today,1,1,2,0.5
casualty-to,3,7,10,0.7
did-had,1,1,2,0.5
had-to,41,20,61,0.32786885245901637
!-to,2,3,5,0.6
is-you,52,22,74,0.2972972972972973
and-passing,1,2,3,0.6666666666666666
deal-in,3,5,8,0.625
ben-the,1,2,3,0.6666666666666666
lot-their,2,2,4,0.5
of-scheme,4,1,5,0.2
from-repatriated,1,9,10,0.9
on-report,3,9,12,0.75
...-a,16,20,36,0.5555555555555556
hurricane-the,4,9,13,0.6923076923076923
a-band,2,1,3,0.3333333333333333
and-attacking,1,1,2,0.5
reactor-would,2,1,3,0.3333333333333333
??-fire,1,1,2,0.5
public-warn,2,1,3,0.3333333333333333
in-outside,3,3,6,0.5
damn-don't,1,2,3,0.6666666666666666
navy-newest,4,4,8,0.5
alone-wa,3,2,5,0.4
of-prince,1,3,4,0.75
if-many,2,1,3,0.3333333333333333
amid-christian,1,1,2,0.5
#god-#lies,3,4,7,0.5714285714285714
i-we,24,7,31,0.22580645161290322
i've-still,1,2,3,0.6666666666666666
feel-of,14,4,18,0.2222222222222222
4-i,8,2,10,0.2
??????-hope,2,1,3,0.3333333333333333
anthrax-research,1,1,2,0.5
after-south,1,2,3,0.6666666666666666
#kerricktrial-the,3,4,7,0.5714285714285714
or-to,81,19,100,0.19
like-week,1,1,2,0.5
collapsed-horse,2,1,3,0.3333333333333333
chicago-area-of,5,1,6,0.16666666666666666
riot-white,1,2,3,0.6666666666666666
--major,1,2,3,0.6666666666666666
building-firefighter,2,2,4,0.5
are-losing,1,1,2,0.5
d-is,3,4,7,0.5714285714285714
effort-in,2,1,3,0.3333333333333333
meet-the,5,2,7,0.2857142857142857
&amp;-he,9,5,14,0.35714285714285715
out-really,4,1,5,0.2
dies..is-murder?,1,1,2,0.5
building-burning....,1,1,2,0.5
26-day,1,1,2,0.5
a-against,5,7,12,0.5833333333333334
on-thursday,3,6,9,0.6666666666666666
@potus-by,1,1,2,0.5
dinner-thousand,1,1,2,0.5
many-this,4,2,6,0.3333333333333333
10-of,1,2,3,0.6666666666666666
fire-wanna,1,1,2,0.5
hail-with,2,3,5,0.6
humaza.-people,2,1,3,0.3333333333333333
have-since,3,5,8,0.625
before-for,1,3,4,0.75
bang-this,1,2,3,0.6666666666666666
era-say,1,1,2,0.5
call-to,8,8,16,0.5
go-let,3,3,6,0.5
battleship-sunk,1,1,2,0.5
--blanket,1,1,2,0.5
music-shit,2,2,4,0.5
potential-to,1,1,2,0.5
only-the,31,35,66,0.5303030303030303
my-since,3,1,4,0.25
is-movie,1,1,2,0.5
israel-the,1,1,2,0.5
of-trying,5,2,7,0.2857142857142857
after-lost,1,1,2,0.5
of-the,742,720,1462,0.49247606019151846
been-since,7,3,10,0.3
inside-one,2,2,4,0.5
nearby.-of,13,3,16,0.1875
question-with,1,1,2,0.5
all-damage,2,2,4,0.5
front-time,1,1,2,0.5
a-screamed,8,1,9,0.1111111111111111
at-see,7,1,8,0.125
drag-the,1,1,2,0.5
good-truck,1,1,2,0.5
????-on,6,3,9,0.3333333333333333
ha-killing,1,1,2,0.5
about-why,2,2,4,0.5
landscape-of,2,2,4,0.5
had-use,2,1,3,0.3333333333333333
child-in,11,17,28,0.6071428571428571
out-which,3,1,4,0.25
find-of,5,1,6,0.16666666666666666
describes-up,2,1,3,0.3333333333333333
to-û÷extremely,3,1,4,0.25
reading-top,1,1,2,0.5
#phone-of,1,1,2,0.5
say-via,1,2,3,0.6666666666666666
@-by,1,1,2,0.5
#afterlife-by,4,1,5,0.2
i've-just,2,1,3,0.3333333333333333
can-only,6,2,8,0.25
@stretcher-@towel,5,1,6,0.16666666666666666
ha-one,8,1,9,0.1111111111111111
make-pay',8,1,9,0.1111111111111111
'superhero'-mourns,1,1,2,0.5
estimate-time,1,1,2,0.5
still-will,3,1,4,0.25
bang-i,19,5,24,0.20833333333333334
baby-have,2,1,3,0.3333333333333333
for-keep,6,4,10,0.4
had-think,1,1,2,0.5
gotta-you,1,2,3,0.6666666666666666
just-want,5,1,6,0.16666666666666666
(photos)-in,8,2,10,0.2
the-type.,1,1,2,0.5
4wd-led,5,1,6,0.16666666666666666
beautiful-on,2,2,4,0.5
ago-minute,1,2,3,0.6666666666666666
#refugees-of,1,2,3,0.6666666666666666
for-though,1,2,3,0.6666666666666666
i-town,4,1,5,0.2
sign-this,2,1,3,0.3333333333333333
batting-collapse,1,1,2,0.5
#irandeal-the,3,4,7,0.5714285714285714
him)-prophet,4,2,6,0.3333333333333333
??-hair,2,1,3,0.3333333333333333
chase-weak,1,1,2,0.5
bad-news,1,2,3,0.6666666666666666
like-were,4,2,6,0.3333333333333333
exploded-is,2,1,3,0.3333333333333333
fight-of,1,3,4,0.75
in-mass,1,14,15,0.9333333333333333
3g-this,4,3,7,0.42857142857142855
down-into,1,1,2,0.5
over-run,3,4,7,0.5714285714285714
desire-is,10,2,12,0.16666666666666666
cause-of,7,10,17,0.5882352941176471
a-ass.,28,6,34,0.17647058823529413
$300000-who,1,2,3,0.6666666666666666
dame-of,2,1,3,0.3333333333333333
according-party,1,1,2,0.5
about-i,49,16,65,0.24615384615384617
me-with,34,2,36,0.05555555555555555
get-medium,1,1,2,0.5
gun-video,1,1,2,0.5
&amp;-crashed,1,1,2,0.5
fifth-ink,2,1,3,0.3333333333333333
girl-snowstorm,1,2,3,0.6666666666666666
installation-non-compliant,2,1,3,0.3333333333333333
&amp;-godslove,4,2,6,0.3333333333333333
murder-the,7,15,22,0.6818181818181818
battle-off,1,1,2,0.5
ass.-of,14,4,18,0.2222222222222222
animal!-until,2,1,3,0.3333333333333333
being-cuz,1,1,2,0.5
die-you,3,1,4,0.25
brown-is,2,3,5,0.6
&amp;-republican,8,1,9,0.1111111111111111
--pm,3,1,4,0.25
in-kind,1,2,3,0.6666666666666666
on-riot,4,1,5,0.2
a-affect,2,1,3,0.3333333333333333
been-natural,2,2,4,0.5
from-w/,1,1,2,0.5
hellfire!-not,3,1,4,0.25
my-use,2,1,3,0.3333333333333333
awful-of,1,2,3,0.6666666666666666
dude-my,1,3,4,0.75
im-you,2,1,3,0.3333333333333333
&amp;-because,11,1,12,0.08333333333333333
again-wa,1,2,3,0.6666666666666666
fell-out,2,1,3,0.3333333333333333
for-it's,12,4,16,0.25
how-our,2,2,4,0.5
a-wild,3,6,9,0.6666666666666666
...-but,3,2,5,0.4
next-the,22,13,35,0.37142857142857144
verdict-who,1,2,3,0.6666666666666666
a-crazy,9,5,14,0.35714285714285715
shame-the,3,5,8,0.625
and-shot,4,3,7,0.42857142857142855
&amp;-time,5,2,7,0.2857142857142857
tear-the,3,6,9,0.6666666666666666
annihilation-the,17,9,26,0.34615384615384615
a-|,18,6,24,0.25
going-really,2,1,3,0.3333333333333333
run-then,1,1,2,0.5
cool-that,6,1,7,0.14285714285714285
but-world,5,2,7,0.2857142857142857
die-into,3,1,4,0.25
one-state,1,1,2,0.5
the-wild,15,27,42,0.6428571428571429
now-other,2,1,3,0.3333333333333333
among-ash,1,1,2,0.5
#prophetmuhammad-into,4,2,6,0.3333333333333333
on-point,4,1,5,0.2
#360wisenews-:,2,2,4,0.5
covered-of,2,1,3,0.3333333333333333
all-dust,1,2,3,0.6666666666666666
effect-of,5,9,14,0.6428571428571429
that's-up,1,1,2,0.5
be-wind,13,5,18,0.2777777777777778
national-via,10,6,16,0.375
for-tank,2,1,3,0.3333333333333333
how-one,2,6,8,0.75
chair-over,1,1,2,0.5
http://t.co/zujwuiomb3-lady,3,1,4,0.25
german-of,1,1,2,0.5
light-mining,3,1,4,0.25
have-hour,3,2,5,0.4
of-prompt,2,1,3,0.3333333333333333
.potus-displaced,1,4,5,0.8
baby-my,5,1,6,0.16666666666666666
from-sex,1,1,2,0.5
answer-when,3,1,4,0.25
are-if,20,5,25,0.2
family-is,4,2,6,0.3333333333333333
i'm-past,1,3,4,0.75
my-ride,4,1,5,0.2
in-skin,1,2,3,0.6666666666666666
ass.-but,1,1,2,0.5
i.e.-turned,4,2,6,0.3333333333333333
answer-friend,1,1,2,0.5
guy-i,9,2,11,0.18181818181818182
at-white,3,1,4,0.25
call-with,2,2,4,0.5
????-time,1,1,2,0.5
on-today,6,8,14,0.5714285714285714
of-tale,1,1,2,0.5
#offers2go-after,1,2,3,0.6666666666666666
--line,1,1,2,0.5
move-van,1,2,3,0.6666666666666666
township-used,1,4,5,0.8
for-|,14,4,18,0.2222222222222222
#hampshire-#tree,1,1,2,0.5
he-hit,4,1,5,0.2
olap-the,1,2,3,0.6666666666666666
bad-just,5,1,6,0.16666666666666666
ain't-did,1,2,3,0.6666666666666666
hahah-on,1,1,2,0.5
free-to,8,4,12,0.3333333333333333
in-no.,1,3,4,0.75
for-thank,15,1,16,0.0625
am-not,6,3,9,0.3333333333333333
am-what,3,5,8,0.625
before-me,1,2,3,0.6666666666666666
in-stock,15,6,21,0.2857142857142857
god-when,1,1,2,0.5
just-trying,2,1,3,0.3333333333333333
a-casualties.,2,2,4,0.5
fedex-no,11,15,26,0.5769230769230769
exit-is,1,1,2,0.5
home-when,5,5,10,0.5
by-if,16,4,20,0.2
day-more,6,1,7,0.14285714285714285
#sm-california:,1,1,2,0.5
@www.cbplawyers-non-compliant,1,1,2,0.5
demolished-the,12,2,14,0.14285714285714285
#michelebachman-like,1,1,2,0.5
played-to,3,3,6,0.5
been-company,1,1,2,0.5
of-santa,1,3,4,0.75
it-stab,1,4,5,0.8
never-work,1,1,2,0.5
brought-the,9,2,11,0.18181818181818182
fan-from,1,2,3,0.6666666666666666
forever-the,3,3,6,0.5
anyone-be,1,1,2,0.5
bake-british,1,1,2,0.5
or-you're,3,2,5,0.4
for-hazard,2,1,3,0.3333333333333333
ago-we,2,1,3,0.3333333333333333
in-swallowed,1,24,25,0.96
friend-tell,2,1,3,0.3333333333333333
coach-star,1,1,2,0.5
update-û÷extremely,3,1,4,0.25
how-û_,2,1,3,0.3333333333333333
#pbban-xp',3,1,4,0.25
on-restaurant,1,1,2,0.5
fire-sitting,1,1,2,0.5
really-will,1,2,3,0.6666666666666666
fall-is,5,2,7,0.2857142857142857
car-people,2,1,3,0.3333333333333333
know-shit,1,1,2,0.5
in-others,3,6,9,0.6666666666666666
hijack-transfer,1,2,3,0.6666666666666666
5c-for,1,1,2,0.5
keep-then,2,1,3,0.3333333333333333
down-not,6,2,8,0.25
been-pain,1,1,2,0.5
but-mean,3,2,5,0.4
city-snowstorm,1,2,3,0.6666666666666666
check-coming,3,1,4,0.25
parent-to,4,1,5,0.2
read-this,3,3,6,0.5
--their,2,2,4,0.5
faster-i,1,2,3,0.6666666666666666
going-road,1,1,2,0.5
a-bomb,14,16,30,0.5333333333333333
can-there,1,1,2,0.5
into-may,1,1,2,0.5
actually-to,8,1,9,0.1111111111111111
drowned-like,1,1,2,0.5
say-them,2,1,3,0.3333333333333333
:-lightning,1,1,2,0.5
little-with,3,3,6,0.5
rising-the,2,7,9,0.7777777777777778
a-pakistan.,1,1,2,0.5
on-ran,1,1,2,0.5
most-your,1,3,4,0.75
#usgs--,1,3,4,0.75
appreciated-to,1,1,2,0.5
burning-u,2,1,3,0.3333333333333333
invoices.-the,13,1,14,0.07142857142857142
saw-the,11,4,15,0.26666666666666666
are-detonate,12,1,13,0.07692307692307693
i-tweet,12,2,14,0.14285714285714285
#magginoodle-#nestleindia,1,2,3,0.6666666666666666
#directioners-is,7,1,8,0.125
interlaken-of,1,1,2,0.5
abused+desolate&amp;lost-for,1,1,2,0.5
ambulance-right,1,1,2,0.5
there's-this,1,3,4,0.75
'mudslide'-and,1,1,2,0.5
burned-calorie,3,1,4,0.25
a-dead,11,17,28,0.6071428571428571
have-like,17,5,22,0.22727272727272727
emergency-this,1,1,2,0.5
morning-up,1,1,2,0.5
her-no,3,3,6,0.5
even-your,2,3,5,0.6
have-take,2,1,3,0.3333333333333333
could-that,9,4,13,0.3076923076923077
another-at,5,1,6,0.16666666666666666
into-policy,15,2,17,0.11764705882352941
action-look,3,3,6,0.5
collapsed-for,2,2,4,0.5
picture-this,1,2,3,0.6666666666666666
exploded-it,4,2,6,0.3333333333333333
room-through,1,1,2,0.5
hate-is,6,1,7,0.14285714285714285
????-train,1,1,2,0.5
at-sky,1,1,2,0.5
&gt;-a,3,1,4,0.25
deluge-wa,4,1,5,0.2
look-state,3,3,6,0.5
dan-wa,3,1,4,0.25
#hampshire-a,1,1,2,0.5
colour-shape,6,1,7,0.14285714285714285
man-of,11,13,24,0.5416666666666666
okay-the,13,3,16,0.1875
failure:-structural,1,2,3,0.6666666666666666
....-wa,1,1,2,0.5
own-their,1,1,2,0.5
fast-to,1,3,4,0.75
of-thunder,2,2,4,0.5
now.-of,1,1,2,0.5
equipment-fire,1,1,2,0.5
by-face,1,1,2,0.5
2-will,4,1,5,0.2
centre-international,3,1,4,0.25
@-pm,2,1,3,0.3333333333333333
been-blown,2,1,3,0.3333333333333333
a-between,6,1,7,0.14285714285714285
duty-to,1,1,2,0.5
country-snowstorm,1,2,3,0.6666666666666666
#globalwarming!!-by,1,1,2,0.5
is-pandemonium,2,1,3,0.3333333333333333
by-crash,2,12,14,0.8571428571428571
great-of,7,3,10,0.3
tomorrow-with,3,2,5,0.4
david-in,1,3,4,0.75
cut-doesn't,1,2,3,0.6666666666666666
delivers-without,8,4,12,0.3333333333333333
their-war,1,3,4,0.75
attack-for,3,3,6,0.5
crush-the,5,1,6,0.16666666666666666
month-never,1,1,2,0.5
in-rioting,4,7,11,0.6363636363636364
more-patience,1,1,2,0.5
in-street,3,14,17,0.8235294117647058
know-take,2,2,4,0.5
having-really,1,1,2,0.5
death-may,1,2,3,0.6666666666666666
meant-wom...,2,1,3,0.3333333333333333
:-run,1,1,2,0.5
crashed-it,6,1,7,0.14285714285714285
date-upon,4,2,6,0.3333333333333333
cool-tonight.,1,1,2,0.5
brown-that,2,1,3,0.3333333333333333
at-usa,1,1,2,0.5
know-want,5,1,6,0.16666666666666666
general-new,1,1,2,0.5
one-who,2,2,4,0.5
and-catastrophic,4,10,14,0.7142857142857143
--2,8,6,14,0.42857142857142855
hospital-is,2,1,3,0.3333333333333333
fire.-for,1,2,3,0.6666666666666666
a-profile,1,2,3,0.6666666666666666
all-out?,1,1,2,0.5
into-river,4,1,5,0.2
by-great,3,2,5,0.4
after-into,5,4,9,0.4444444444444444
eye-world,2,1,3,0.3333333333333333
don't-who,4,2,6,0.3333333333333333
it's-survived,2,1,3,0.3333333333333333
like-version,3,1,4,0.25
1-look,1,1,2,0.5
about-in,38,23,61,0.3770491803278688
loop-silver,1,4,5,0.8
help-i'm,1,1,2,0.5
in-put,13,3,16,0.1875
but-more,7,7,14,0.5
cafe-in,2,1,3,0.3333333333333333
his-pregnant,4,2,6,0.3333333333333333
car-crashed,4,1,5,0.2
start-to,14,3,17,0.17647058823529413
the-when,69,43,112,0.38392857142857145
people-sick,1,2,3,0.6666666666666666
anthrax-mishap,5,12,17,0.7058823529411765
put-your,1,3,4,0.75
if-something,2,1,3,0.3333333333333333
at-movie,2,2,4,0.5
building-plane,1,1,2,0.5
these-to,19,3,22,0.13636363636363635
back-know,1,1,2,0.5
giving-me,1,1,2,0.5
flame-the,7,7,14,0.5
and-cool,1,1,2,0.5
bombed-the,6,11,17,0.6470588235294118
risk-to,1,1,2,0.5
in-train,2,35,37,0.9459459459459459
@www.cbplawyers-of,1,1,2,0.5
#pantherattack-blast,3,2,5,0.4
are-here,5,8,13,0.6153846153846154
care-u,3,1,4,0.25
enormous-spirit,1,1,2,0.5
excuse-like,1,1,2,0.5
12-on,1,2,3,0.6666666666666666
#ibooklove-city,1,2,3,0.6666666666666666
read-star,1,1,2,0.5
place-so,2,1,3,0.3333333333333333
camp-the,5,9,14,0.6428571428571429
?-the,8,10,18,0.5555555555555556
comparison-shouting,1,1,2,0.5
food-for,2,1,3,0.3333333333333333
2-u,5,8,13,0.6153846153846154
a-list,5,1,6,0.16666666666666666
way-when,3,3,6,0.5
lady-pdp:,1,1,2,0.5
day-just,3,2,5,0.4
@bradleybrad47-damage,1,1,2,0.5
emergency-nuclear,2,2,4,0.5
best-it's,1,1,2,0.5
and-emotionally,1,1,2,0.5
his-nuclear,1,1,2,0.5
took-wa,2,1,3,0.3333333333333333
daily-of,2,2,4,0.5
replace-to,5,1,6,0.16666666666666666
one-very,1,1,2,0.5
at-pm,3,7,10,0.7
large-rock,1,2,3,0.6666666666666666
on-rescue,1,1,2,0.5
on-today's,1,3,4,0.75
reû_-work,6,1,7,0.14285714285714285
just-rt,1,1,2,0.5
https://t.co/e8dl1lncvu-sign,2,1,3,0.3333333333333333
don't-on,16,2,18,0.1111111111111111
door-my,1,2,3,0.6666666666666666
australia-how,1,2,3,0.6666666666666666
plus-the,3,4,7,0.5714285714285714
a-life,18,25,43,0.5813953488372093
research-wake,1,1,2,0.5
weapon-you're,1,1,2,0.5
board-hike:,2,2,4,0.5
poor.-the,3,1,4,0.25
land-the,5,4,9,0.4444444444444444
dead-life,1,1,2,0.5
being-it's,1,2,3,0.6666666666666666
can-the,60,24,84,0.2857142857142857
evacuate-them,1,1,2,0.5
for-is,69,45,114,0.39473684210526316
a...-utc2015-08-05,1,1,2,0.5
and-dust,1,6,7,0.8571428571428571
are-memory,2,1,3,0.3333333333333333
*-~,2,1,3,0.3333333333333333
#allah-of,5,2,7,0.2857142857142857
have-many,6,4,10,0.4
august-for,3,2,5,0.4
in-these,4,4,8,0.5
survivor-with,1,1,2,0.5
in-neighborhood,1,1,2,0.5
n-the,2,6,8,0.75
dan-hope,2,1,3,0.3333333333333333
blown-but,1,2,3,0.6666666666666666
be-believe,2,1,3,0.3333333333333333
game-this,3,2,5,0.4
#listen--,3,1,4,0.25
am-casualty,1,1,2,0.5
even-only,4,1,5,0.2
forest-one,2,1,3,0.3333333333333333
i-top,9,2,11,0.18181818181818182
300w-fog,6,1,7,0.14285714285714285
discovered-on,3,1,4,0.25
already-his,1,1,2,0.5
headed-is,1,1,2,0.5
girl-of,8,2,10,0.2
honestly-the,1,1,2,0.5
??-@,1,1,2,0.5
a-most,13,9,22,0.4090909090909091
piece-the,3,4,7,0.5714285714285714
last-w/,1,1,2,0.5
again-because,1,1,2,0.5
emergency-that,2,4,6,0.6666666666666666
so-thousand,1,1,2,0.5
account-eyewitness,1,7,8,0.875
be-disaster,2,7,9,0.7777777777777778
listen-we're,2,1,3,0.3333333333333333
haven't-just,1,1,2,0.5
that-used,5,3,8,0.375
my-think,6,1,7,0.14285714285714285
a-we,56,36,92,0.391304347826087
another-we,2,1,3,0.3333333333333333
police-post,3,13,16,0.8125
feel-if,4,1,5,0.2
**trfc-rd,1,4,5,0.8
it-what,18,11,29,0.3793103448275862
came-if,3,1,4,0.25
able-the,1,1,2,0.5
by-report,2,6,8,0.75
centre-false,1,4,5,0.8
truck-work,4,2,6,0.3333333333333333
have-low,1,1,2,0.5
first-single,1,2,3,0.6666666666666666
of-wife,4,3,7,0.42857142857142855
got-not,2,4,6,0.6666666666666666
lol-you,4,1,5,0.2
by-jonathan,2,3,5,0.6
limit-|,8,1,9,0.1111111111111111
3.-in,1,1,2,0.5
want-what,4,3,7,0.42857142857142855
change-of,7,4,11,0.36363636363636365
another-of,8,5,13,0.38461538461538464
broke-in,3,1,4,0.25
centre-enugu,3,1,4,0.25
because-one,3,1,4,0.25
langley-time,1,1,2,0.5
a-wtf,1,1,2,0.5
have-leave,2,2,4,0.5
only-wa,2,5,7,0.7142857142857143
from-summer,2,1,3,0.3333333333333333
hostage-stadium,1,10,11,0.9090909090909091
'save-said,4,2,6,0.3333333333333333
it's-one,4,3,7,0.42857142857142855
being-used,1,3,4,0.75
parking-until,1,1,2,0.5
go-now.,1,1,2,0.5
boy-who,1,1,2,0.5
space-totaling,8,1,9,0.1111111111111111
under-where,2,1,3,0.3333333333333333
/-in,2,1,3,0.3333333333333333
dan-is,1,1,2,0.5
gonna-they're,1,2,3,0.6666666666666666
protect-to,3,1,4,0.25
for-let,4,1,5,0.2
it-unavoidable,2,1,3,0.3333333333333333
into-pile,1,1,2,0.5
ppl-them,2,1,3,0.3333333333333333
be-how,7,3,10,0.3
buildings.-in,1,3,4,0.75
cousin-the,3,1,4,0.25
&amp;-worth,3,1,4,0.25
declined-elephant,1,1,2,0.5
and-angel,1,1,2,0.5
owner-to,8,1,9,0.1111111111111111
america-of,4,4,8,0.5
blocked-he,5,1,6,0.16666666666666666
obliterate-palin,2,1,3,0.3333333333333333
my-what's,2,1,3,0.3333333333333333
and-today.,3,1,4,0.25
be-most,6,1,7,0.14285714285714285
bad-how,4,2,6,0.3333333333333333
are-where,10,5,15,0.3333333333333333
state-u,1,2,3,0.6666666666666666
is-liked,1,1,2,0.5
down-is,6,4,10,0.4
deluge-the,18,5,23,0.21739130434782608
@accionempresa-å¨,2,1,3,0.3333333333333333
building-inspection,1,1,2,0.5
after-end,2,1,3,0.3333333333333333
came-just,1,3,4,0.75
everywhere-this,2,1,3,0.3333333333333333
think-treat,1,1,2,0.5
harm/kid-worth,2,1,3,0.3333333333333333
and-china,2,1,3,0.3333333333333333
fire-former,1,4,5,0.8
bad-don't,3,1,4,0.25
few-there,2,1,3,0.3333333333333333
#??-of,1,1,2,0.5
hollywood-movie,21,10,31,0.3225806451612903
been-is,12,8,20,0.4
did-just,3,1,4,0.25
centre-to,5,2,7,0.2857142857142857
include-of,1,3,4,0.75
alone-just,1,1,2,0.5
ass.-neighbour's,13,3,16,0.1875
but-making,2,2,4,0.5
another-on,4,5,9,0.5555555555555556
invoices.-or,7,1,8,0.125
and-change.,2,1,3,0.3333333333333333
are-tell,2,1,3,0.3333333333333333
a-people;,1,4,5,0.8
good-there's,2,1,3,0.3333333333333333
to-uk,2,2,4,0.5
it-set,2,4,6,0.6666666666666666
charge-the,1,2,3,0.6666666666666666
felt-the,5,7,12,0.5833333333333334
myself-the,7,2,9,0.2222222222222222
over-yourself,1,2,3,0.6666666666666666
is-street,1,2,3,0.6666666666666666
from-å¨,1,1,2,0.5
before-hair,1,1,2,0.5
of-pray,9,1,10,0.1
--kid,1,1,2,0.5
harm/kid-http://t.co/0wratka2jl,2,1,3,0.3333333333333333
this-unavoidable,2,1,3,0.3333333333333333
able-be,4,1,5,0.2
and-change,6,2,8,0.25
to-we'd,1,2,3,0.6666666666666666
#nestleindia-#offers2go,1,2,3,0.6666666666666666
move-way,1,1,2,0.5
president-that,2,2,4,0.5
is-try,6,1,7,0.14285714285714285
fire-video,3,2,5,0.4
me-panicking,1,1,2,0.5
life-that,14,10,24,0.4166666666666667
i-vip,1,1,2,0.5
droid-of,1,1,2,0.5
dutch-in,1,1,2,0.5
may-this,2,3,5,0.6
plane-wa,1,2,3,0.6666666666666666
calamity-not,1,1,2,0.5
his-into,7,2,9,0.2222222222222222
innocent-of,2,2,4,0.5
the-tough,1,2,3,0.6666666666666666
--being,2,5,7,0.7142857142857143
at-only,3,5,8,0.625
fire-red,3,1,4,0.25
around-u,1,1,2,0.5
fuck-sake,1,1,2,0.5
radio:-tunein,1,1,2,0.5
#photography-in,1,2,3,0.6666666666666666
been-by,10,7,17,0.4117647058823529
a-drake,10,1,11,0.09090909090909091
helping-to,2,3,5,0.6
and-truck,3,7,10,0.7
have-well,2,1,3,0.3333333333333333
fell-into,1,1,2,0.5
above-we,1,1,2,0.5
being-burning,1,1,2,0.5
in-today,4,12,16,0.75
fucking-no,3,1,4,0.25
the-wave,11,11,22,0.5
and-survive,10,2,12,0.16666666666666666
(photos)-delivers,7,2,9,0.2222222222222222
strike-to,1,2,3,0.6666666666666666
my-weather,2,1,3,0.3333333333333333
a-w/,3,6,9,0.6666666666666666
about-best,1,1,2,0.5
is-room,2,1,3,0.3333333333333333
another-to,17,10,27,0.37037037037037035
and-ear,1,1,2,0.5
actually-fire,1,1,2,0.5
mountain-on,1,1,2,0.5
magic-the,3,2,5,0.4
@usatoday-for,1,1,2,0.5
smoke-the,6,7,13,0.5384615384615384
#prebreak-2015],12,5,17,0.29411764705882354
#360wisenews-there,2,2,4,0.5
a-human,10,1,11,0.09090909090909091
business-likely,7,1,8,0.125
over-wa,6,6,12,0.5
since-who,1,1,2,0.5
and-sitting,3,1,4,0.25
earthquake-sister,1,1,2,0.5
only-out,4,2,6,0.3333333333333333
dy-on,1,1,2,0.5
on-sinkhole,1,2,3,0.6666666666666666
national-service,10,8,18,0.4444444444444444
general-joe,1,1,2,0.5
25-of,1,5,6,0.8333333333333334
--97/georgia,1,4,5,0.8
all-day,6,2,8,0.25
bathroom-i,1,1,2,0.5
not-want,8,2,10,0.2
heart-of,5,5,10,0.5
date-yourself,4,2,6,0.3333333333333333
that-use,1,2,3,0.6666666666666666
'second'-wife,2,2,4,0.5
my-till,2,1,3,0.3333333333333333
but-end,2,1,3,0.3333333333333333
5-accident,1,1,2,0.5
few-the,15,10,25,0.4
is-omg,1,1,2,0.5
#islam-a,9,5,14,0.35714285714285715
be-than,2,5,7,0.7142857142857143
emergency-shutdown,1,1,2,0.5
earth?-to,1,1,2,0.5
collapse-twitter,2,4,6,0.6666666666666666
got-man,1,1,2,0.5
is-twitter,7,1,8,0.125
material-woman,2,1,3,0.3333333333333333
a-went,12,10,22,0.45454545454545453
two-with,4,3,7,0.42857142857142855
out-up,13,2,15,0.13333333333333333
a-little,28,12,40,0.3
a-ur,6,2,8,0.25
crash-of,1,16,17,0.9411764705882353
blocked-that,5,1,6,0.16666666666666666
a-boy,9,3,12,0.25
all-do,11,2,13,0.15384615384615385
many-why,2,2,4,0.5
her-since,1,3,4,0.75
politics-the,1,3,4,0.75
hand-on,1,1,2,0.5
who-win,4,2,6,0.3333333333333333
and-rescued,4,1,5,0.2
nude-threw,1,1,2,0.5
and-tv,1,2,3,0.6666666666666666
dress-meme,2,1,3,0.3333333333333333
recover-the,1,1,2,0.5
have-new,2,3,5,0.6
shot-tomorrow,2,1,3,0.3333333333333333
a-guy,15,4,19,0.21052631578947367
not-pretty,3,1,4,0.25
ha-people,2,6,8,0.75
already-it's,1,1,2,0.5
casualty-up,2,1,3,0.3333333333333333
delta-on,1,1,2,0.5
#quote-bringing,4,2,6,0.3333333333333333
he-inside,2,1,3,0.3333333333333333
to-today,9,8,17,0.47058823529411764
is-up,37,7,44,0.1590909090909091
with-you,99,15,114,0.13157894736842105
a-community,5,1,6,0.16666666666666666
but-idea,3,2,5,0.4
because-cancel,1,1,2,0.5
anthrax-to,4,13,17,0.7647058823529411
state-upheaval,3,3,6,0.5
dc-the,2,2,4,0.5
planned-watch,2,1,3,0.3333333333333333
on-planned,3,2,5,0.4
kicked-the,2,2,4,0.5
pic-up,1,1,2,0.5
all-terrorism!,1,1,2,0.5
by-people,4,10,14,0.7142857142857143
completely-wasn't,1,1,2,0.5
like-tornado,4,3,7,0.42857142857142855
after-she,3,2,5,0.4
brown-the,4,1,5,0.2
shoulder-tote,15,1,16,0.0625
battle-ship,8,1,9,0.1111111111111111
out-window,1,2,3,0.6666666666666666
we-year.,1,1,2,0.5
after-collided,4,7,11,0.6363636363636364
and-she,16,5,21,0.23809523809523808
rioting-when,1,2,3,0.6666666666666666
multidimensi-olap,1,1,2,0.5
off-would,2,2,4,0.5
those-when,1,2,3,0.6666666666666666
cree-truck,3,1,4,0.25
photo-to,7,2,9,0.2222222222222222
for-seek,7,5,12,0.4166666666666667
history-i,1,3,4,0.75
got-min,1,1,2,0.5
@davidvonderhaar-you,1,1,2,0.5
and-take,14,2,16,0.125
cruz-of,5,1,6,0.16666666666666666
designed-the,1,1,2,0.5
day-over,1,1,2,0.5
obama-the,3,5,8,0.625
and-desolation,11,2,13,0.15384615384615385
is-why,17,15,32,0.46875
charging-it,1,2,3,0.6666666666666666
http://t.co/ydetwgribk-industry,1,1,2,0.5
that-were,5,7,12,0.5833333333333334
arrested-child,2,2,4,0.5
i-there.,2,1,3,0.3333333333333333
on-wasn't,1,2,3,0.6666666666666666
an-next,2,1,3,0.3333333333333333
about-broken,2,1,3,0.3333333333333333
damn-the,4,1,5,0.2
the-wondering,2,1,3,0.3333333333333333
gop-ted,1,1,2,0.5
hike:-rate,1,1,2,0.5
census-declined,1,1,2,0.5
death-more,2,3,5,0.6
i-loose,1,1,2,0.5
can't-how,4,1,5,0.2
like-low,1,1,2,0.5
can-you.,1,1,2,0.5
a-going,27,13,40,0.325
here-on,4,4,8,0.5
life-we,6,1,7,0.14285714285714285
of-she's,3,2,5,0.4
more-the,45,85,130,0.6538461538461539
#hellfire-description,2,1,3,0.3333333333333333
disaster-nuclear,3,17,20,0.85
flame-sms:087809233445,1,1,2,0.5
repair-via,1,1,2,0.5
no-other,2,1,3,0.3333333333333333
brother-http://t.co/cybksxhf7d,1,1,2,0.5
not-obviously,1,1,2,0.5
series-wheel,1,1,2,0.5
ain't-my,1,1,2,0.5
people-those,2,1,3,0.3333333333333333
not-plan,5,1,6,0.16666666666666666
just-lizard,1,1,2,0.5
released-trapped,15,6,21,0.2857142857142857
and-weather,4,4,8,0.5
news-public,1,1,2,0.5
enormous-mountain,1,1,2,0.5
and-demolished,7,3,10,0.3
2pcs-4wd,3,1,4,0.25
by-japanese,3,5,8,0.625
like-thunder,2,2,4,0.5
--with,15,14,29,0.4827586206896552
had-me,6,1,7,0.14285714285714285
good-would,1,1,2,0.5
hike:-of,1,1,2,0.5
in-year.,1,4,5,0.8
#cnn-#terrorism,3,4,7,0.5714285714285714
&amp;-it's,4,6,10,0.6
life-think,4,1,5,0.2
chick-her,1,1,2,0.5
ago-on,2,2,4,0.5
devastation-it,2,1,3,0.3333333333333333
reward-to,1,2,3,0.6666666666666666
on-rain,2,3,5,0.6
60-australia,1,1,2,0.5
one-then,1,2,3,0.6666666666666666
friend-my,14,2,16,0.125
his-life,3,1,4,0.25
campaign-the,6,1,7,0.14285714285714285
strike-tube,2,3,5,0.6
been-realise,8,6,14,0.42857142857142855
????????-the,6,2,8,0.25
nearly-the,5,3,8,0.375
isi-we,1,4,5,0.8
6-apple,1,1,2,0.5
for-too,11,1,12,0.08333333333333333
and-fan,6,3,9,0.3333333333333333
since-that,3,4,7,0.5714285714285714
of-shit,4,2,6,0.3333333333333333
month-next,1,1,2,0.5
angel-in,2,3,5,0.6
but-leave,1,1,2,0.5
by-heart,1,1,2,0.5
@tomcatarts-the,3,2,5,0.4
just-ûò,1,1,2,0.5
be-ready,1,1,2,0.5
flash-there,1,1,2,0.5
hell-is,3,1,4,0.25
and-wave,5,6,11,0.5454545454545454
show-watch,4,1,5,0.2
talking-to,4,4,8,0.5
we-who,4,2,6,0.3333333333333333
/-live,2,3,5,0.6
surah-thinking,2,1,3,0.3333333333333333
amid-anger,1,1,2,0.5
home-man,3,1,4,0.25
evidence-will,1,1,2,0.5
4wd-flood,5,1,6,0.16666666666666666
fight-when,1,4,5,0.8
god-with,3,1,4,0.25
i-last,19,1,20,0.05
board-percent,2,2,4,0.5
a-fine,1,1,2,0.5
arrived-of,2,1,3,0.3333333333333333
because-make,4,1,5,0.2
no-pm:,1,1,2,0.5
rt-world,1,2,3,0.6666666666666666
now-radio:,1,1,2,0.5
example-of,2,2,4,0.5
rt-some,2,1,3,0.3333333333333333
this-true,1,2,3,0.6666666666666666
#afterlife-your,4,1,5,0.2
but-done,3,2,5,0.4
emergency-we,4,2,6,0.3333333333333333
cover-doing,1,1,2,0.5
#-a,2,1,3,0.3333333333333333
real-winston,1,1,2,0.5
ha-train,1,3,4,0.75
#aoms-country,1,2,3,0.6666666666666666
fucking-went,2,2,4,0.5
mad-with,1,1,2,0.5
in-la,2,3,5,0.6
lost-the,3,11,14,0.7857142857142857
kid-on,4,1,5,0.2
italian-were,1,3,4,0.75
let's-of,5,2,7,0.2857142857142857
all-equal,1,1,2,0.5
have-who,7,7,14,0.5
set-so,2,1,3,0.3333333333333333
by-thousand,1,2,3,0.6666666666666666
angel-top,1,1,2,0.5
republican-the,6,1,7,0.14285714285714285
not-worth,1,1,2,0.5
from-prophet,4,2,6,0.3333333333333333
people-when,4,7,11,0.6363636363636364
attack-heart,3,2,5,0.4
being-just,4,1,5,0.2
and-closed,1,5,6,0.8333333333333334
enough-with,2,1,3,0.3333333333333333
next-year,3,3,6,0.5
emergency-our,5,1,6,0.16666666666666666
don't-make,6,4,10,0.4
finally-this,1,1,2,0.5
in-say,9,15,24,0.625
is-nyc,1,2,3,0.6666666666666666
release-to,2,1,3,0.3333333333333333
in-story,5,4,9,0.4444444444444444
and-right,10,7,17,0.4117647058823529
a-the,533,478,1011,0.47279920870425324
energy-nuclear,1,1,2,0.5
mountain-short,1,1,2,0.5
??-kid,2,1,3,0.3333333333333333
an-really,3,1,4,0.25
hurricane-they,2,1,3,0.3333333333333333
i-panicking,15,1,16,0.0625
register-the,1,1,2,0.5
scary-the,2,2,4,0.5
arson-stir,1,4,5,0.8
by-five,1,1,2,0.5
nearby.-news!,13,3,16,0.1875
car-phone,2,1,3,0.3333333333333333
fire-her,1,2,3,0.6666666666666666
war-woman,1,1,2,0.5
out-people,2,1,3,0.3333333333333333
on-security,1,2,3,0.6666666666666666
up-war,1,1,2,0.5
--droid,1,1,2,0.5
my-rioting,1,1,2,0.5
2015-to,3,1,4,0.25
car-it,7,2,9,0.2222222222222222
#ban-and,1,2,3,0.6666666666666666
is-what,27,17,44,0.38636363636363635
of-very,3,7,10,0.7
into-world,7,2,9,0.2222222222222222
cool-the,12,3,15,0.2
in-itûªs,1,2,3,0.6666666666666666
are-been,2,1,3,0.3333333333333333
best-on,2,2,4,0.5
#news-a,3,7,10,0.7
it's-u,8,1,9,0.1111111111111111
leave-people,1,1,2,0.5
a-set,7,6,13,0.46153846153846156
trying-will,1,1,2,0.5
killer-my,6,2,8,0.25
because-you!,2,1,3,0.3333333333333333
fire-spinning,1,1,2,0.5
i-no,40,8,48,0.16666666666666666
3-this,7,1,8,0.125
of-oral,2,3,5,0.6
a-blizzard,6,2,8,0.25
hitting-the,2,2,4,0.5
little-that,3,1,4,0.25
??-because,4,1,5,0.2
mass-white,2,8,10,0.8
going-your,5,1,6,0.16666666666666666
certain-transporting,1,2,3,0.6666666666666666
this-å¨,1,1,2,0.5
2-again,1,1,2,0.5
last-thinking,2,1,3,0.3333333333333333
prophet-upon,4,2,6,0.3333333333333333
animal-power,1,1,2,0.5
i-program,2,1,3,0.3333333333333333
have-pray,1,1,2,0.5
by-how,6,1,7,0.14285714285714285
member-of,5,4,9,0.4444444444444444
in-obama,1,2,3,0.6666666666666666
cruz-gop,1,1,2,0.5
at-which,2,3,5,0.6
for-of,102,110,212,0.5188679245283019
side-there,1,1,2,0.5
a-center,1,2,3,0.6666666666666666
invoices.-stand,6,1,7,0.14285714285714285
roanoke-win,1,2,3,0.6666666666666666
collection-hasbro,1,1,2,0.5
??-least,2,1,3,0.3333333333333333
a-food,7,1,8,0.125
accuses-of,3,1,4,0.25
??-street,1,1,2,0.5
don't-short,1,2,3,0.6666666666666666
of-went,6,2,8,0.25
#usa-to,1,3,4,0.75
going-how,3,1,4,0.25
a-murderer,9,4,13,0.3076923076923077
life-me,4,1,5,0.2
survived-when,2,1,3,0.3333333333333333
annihilation-self,2,1,3,0.3333333333333333
city.-pledge,1,1,2,0.5
for-people,13,14,27,0.5185185185185185
1.4-california:,1,1,2,0.5
anything-don't,1,1,2,0.5
local-police,1,1,2,0.5
can't-fucking,3,2,5,0.4
doesn't-secret,1,2,3,0.6666666666666666
lol-u,2,1,3,0.3333333333333333
off-that,6,4,10,0.4
self-image?-take,9,2,11,0.18181818181818182
across-from,1,3,4,0.75
is-share,1,1,2,0.5
is-set.,1,1,2,0.5
now-tunein,1,1,2,0.5
all-gonna,2,2,4,0.5
out-the,112,41,153,0.2679738562091503
can-up,3,2,5,0.4
2-people,2,2,4,0.5
daughter-in,1,2,3,0.6666666666666666
minute-we,2,2,4,0.5
a-collision,2,10,12,0.8333333333333334
in-wreck.,2,1,3,0.3333333333333333
and-entered,4,1,5,0.2
it's-storm,2,1,3,0.3333333333333333
all-series,1,1,2,0.5
light-will,1,1,2,0.5
all-pretty,3,1,4,0.25
a-watch,12,58,70,0.8285714285714286
this-too,4,1,5,0.2
3-sideline,4,4,8,0.5
at-inundated,1,1,2,0.5
likely-yours,7,1,8,0.125
a-moving,1,1,2,0.5
a-second,2,5,7,0.7142857142857143
look-will,1,2,3,0.6666666666666666
a-fall,33,11,44,0.25
all-nuclear,2,1,3,0.3333333333333333
happening-to,2,1,3,0.3333333333333333
trent-twitter,1,2,3,0.6666666666666666
stabbing-victim,1,4,5,0.8
#allah-#wealth,2,1,3,0.3333333333333333
even-would,3,1,4,0.25
he's-my,1,1,2,0.5
family-too,1,5,6,0.8333333333333334
meeting-service,1,1,2,0.5
if-you're,14,4,18,0.2222222222222222
flying-into,1,1,2,0.5
fear-love,3,1,4,0.25
seems-to,4,1,5,0.2
in-number,2,2,4,0.5
but-move,2,1,3,0.3333333333333333
reminds-to,1,2,3,0.6666666666666666
electrocuted-the,8,3,11,0.2727272727272727
an-fatal,1,10,11,0.9090909090909091
casualty-still,1,1,2,0.5
be-gone,3,1,4,0.25
he-man,6,2,8,0.25
ha-over,2,13,15,0.8666666666666667
to-within,1,1,2,0.5
7-to,4,2,6,0.3333333333333333
a-recorded,1,1,2,0.5
http://t.co/vz1irh0nmm-repair,1,1,2,0.5
like-take,8,2,10,0.2
so-tornado,1,1,2,0.5
fatal-the,3,38,41,0.926829268292683
equal-islam,1,1,2,0.5
again-and,7,1,8,0.125
i-ppl,5,2,7,0.2857142857142857
#humanconsumption-hazardous,1,2,3,0.6666666666666666
from-project,1,2,3,0.6666666666666666
&amp;-3,4,1,5,0.2
in-tragedy,1,14,15,0.9333333333333333
trouble-you,5,4,9,0.4444444444444444
the-tried.,2,1,3,0.3333333333333333
england-for,2,2,4,0.5
&amp;-peaceful,2,1,3,0.3333333333333333
those-you,6,6,12,0.5
fell-head,1,1,2,0.5
dude-for,1,1,2,0.5
in-mentioned,2,1,3,0.3333333333333333
beautiful-morning,1,2,3,0.6666666666666666
exploded-wa,2,3,5,0.6
chile-in,8,1,9,0.1111111111111111
chinaûªs-this,6,1,7,0.14285714285714285
it-now,14,6,20,0.3
building....-i'm,3,3,6,0.5
company-is,2,1,3,0.3333333333333333
being-do,2,1,3,0.3333333333333333
deluged-rise,8,1,9,0.1111111111111111
internet-new,1,2,3,0.6666666666666666
a-oak,1,1,2,0.5
rescue-specially,1,10,11,0.9090909090909091
hijack-southampton,1,2,3,0.6666666666666666
high-little,1,1,2,0.5
#tigers-is,1,1,2,0.5
&amp;-remain,2,1,3,0.3333333333333333
and-get,53,16,69,0.2318840579710145
32-a,1,1,2,0.5
government-to,9,7,16,0.4375
ahead-go,3,3,6,0.5
capture-how,1,1,2,0.5
death-why,1,2,3,0.6666666666666666
blood-of,3,3,6,0.5
about-of,28,17,45,0.37777777777777777
arrived-to,3,1,4,0.25
burning-own,1,1,2,0.5
arm-to,3,2,5,0.4
harm/kid-what,2,1,3,0.3333333333333333
down-wa,1,1,2,0.5
in-moment,1,4,5,0.8
all-other,3,3,6,0.5
????-see,4,2,6,0.3333333333333333
having-so,2,1,3,0.3333333333333333
on-scary,1,1,2,0.5
better-the,12,3,15,0.2
#photography-the,1,2,3,0.6666666666666666
breaking-in,13,4,17,0.23529411764705882
5-and,5,2,7,0.2857142857142857
an-their,3,1,4,0.25
inner-silver,1,4,5,0.8
failed-to,2,2,4,0.5
collided-verdict,1,1,2,0.5
ornament-ship,2,2,4,0.5
to-working,5,4,9,0.4444444444444444
people-watching,1,1,2,0.5
this-when,9,5,14,0.35714285714285715
no-you,31,2,33,0.06060606060606061
instead-like,1,1,2,0.5
action-some,2,2,4,0.5
amazing-is,4,1,5,0.2
dust-sky,1,1,2,0.5
ablaze-shot,1,1,2,0.5
horse-petition!take,1,1,2,0.5
just-like,14,7,21,0.3333333333333333
#ban-#humanconsumption,1,2,3,0.6666666666666666
--crystal,1,1,2,0.5
football-for,2,1,3,0.3333333333333333
hot-take,1,1,2,0.5
i'm-take,3,1,4,0.25
that-year,8,5,13,0.38461538461538464
exit-with,1,4,5,0.8
to-you'll,1,1,2,0.5
bullet-with,1,1,2,0.5
1-like,1,3,4,0.75
fire-shot,1,1,2,0.5
need-voice,2,1,3,0.3333333333333333
my-sunset,1,2,3,0.6666666666666666
america-change.,2,1,3,0.3333333333333333
attack-this,1,1,2,0.5
it's-you,33,5,38,0.13157894736842105
fast-from,1,2,3,0.6666666666666666
a-when,59,53,112,0.4732142857142857
half-of,5,10,15,0.6666666666666666
a-finally,4,1,5,0.2
charge-in,1,6,7,0.8571428571428571
deal-now,1,2,3,0.6666666666666666
a-expected,2,5,7,0.7142857142857143
in-sassy,1,2,3,0.6666666666666666
light-offroad,11,2,13,0.15384615384615385
just-north,1,1,2,0.5
at-australia,3,3,6,0.5
drinking-i'm,1,1,2,0.5
self-image?-why,4,1,5,0.2
add-and,1,1,2,0.5
have-making,2,1,3,0.3333333333333333
an-use,1,4,5,0.8
#ashes-bridge,1,1,2,0.5
he-your,4,1,5,0.2
bill-year,1,1,2,0.5
future-in,5,1,6,0.16666666666666666
and-pepper,1,2,3,0.6666666666666666
--that,10,12,22,0.5454545454545454
but-win,2,1,3,0.3333333333333333
ask-at,1,1,2,0.5
we-will,16,5,21,0.23809523809523808
anything-bc,1,1,2,0.5
every-just,2,1,3,0.3333333333333333
as-the,5,3,8,0.375
and-reason,3,1,4,0.25
#prebreak-[black,12,5,17,0.29411764705882354
collide.-when,1,1,2,0.5
dead-on,2,6,8,0.75
53inch-flood,6,1,7,0.14285714285714285
omg-wa,2,2,4,0.5
there's-will,1,1,2,0.5
detonate-ft.,1,1,2,0.5
collided-over,1,1,2,0.5
control-out,1,3,4,0.75
1986-the,1,1,2,0.5
are-with,54,14,68,0.20588235294117646
for-threat,1,1,2,0.5
#9-is,2,3,5,0.6
government-on,1,4,5,0.8
collapsed-i,6,3,9,0.3333333333333333
for-hour,7,4,11,0.36363636363636365
hiroshima-pilot,1,3,4,0.75
left-time,1,1,2,0.5
each-people,1,2,3,0.6666666666666666
after-great,1,1,2,0.5
people-publicizing,1,1,2,0.5
one-when,7,4,11,0.36363636363636365
death-time,2,1,3,0.3333333333333333
rt-will,5,1,6,0.16666666666666666
--twitter,2,3,5,0.6
ash-trent,1,4,5,0.8
landslide-when,1,3,4,0.75
u-wild,1,1,2,0.5
and-will,62,15,77,0.19480519480519481
them-they,6,6,12,0.5
'if-little,1,1,2,0.5
even-they,2,1,3,0.3333333333333333
blizzard-that,2,1,3,0.3333333333333333
getting-to,11,10,21,0.47619047619047616
had-what,2,2,4,0.5
been-off,3,2,5,0.4
#quote-tornado,2,1,3,0.3333333333333333
&amp;-of,65,23,88,0.26136363636363635
car-if,1,1,2,0.5
first-me,3,3,6,0.5
2-am,1,1,2,0.5
hellfire-in,5,2,7,0.2857142857142857
and-seek,1,1,2,0.5
#news-#truth,3,4,7,0.5714285714285714
#hot-go,4,1,5,0.2
can-someone,3,1,4,0.25
is-plus,1,1,2,0.5
#???????-seismic,1,1,2,0.5
a-help!,2,2,4,0.5
me-on,32,7,39,0.1794871794871795
being-this,5,3,8,0.375
on-trial,1,1,2,0.5
stop-tonto,5,3,8,0.375
little-of,3,5,8,0.625
govt-on,2,4,6,0.6666666666666666
my-within,1,1,2,0.5
just-new,6,2,8,0.25
hijacker-parole,4,11,15,0.7333333333333333
bombed-one,1,1,2,0.5
is-rain,3,2,5,0.4
false-to,1,2,3,0.6666666666666666
drive-road,1,1,2,0.5
family-how,1,1,2,0.5
a-dinner,2,1,3,0.3333333333333333
http://t.co/encmhz6y34-my,5,1,6,0.16666666666666666
--instead,1,1,2,0.5
for-while,9,6,15,0.4
me-thing,10,2,12,0.16666666666666666
displaced-ha,1,2,3,0.6666666666666666
sport-you,1,3,4,0.75
from-help,4,2,6,0.3333333333333333
im-in,8,2,10,0.2
and-prevent,2,1,3,0.3333333333333333
click-to,6,1,7,0.14285714285714285
congress-is,1,1,2,0.5
$300000-civil,1,1,2,0.5
all-set,1,1,2,0.5
is-prime,1,3,4,0.75
and-find,8,3,11,0.2727272727272727
our-you?,1,1,2,0.5
#360wisenews-china's,2,2,4,0.5
in-view,4,4,8,0.5
don't-you.,3,2,5,0.4
&amp;-caused,2,1,3,0.3333333333333333
tv-up,3,1,4,0.25
exploded-over,2,2,4,0.5
don't-of,25,11,36,0.3055555555555556
died-i,3,2,5,0.4
red-the,9,5,14,0.35714285714285715
is-whole,5,5,10,0.5
online-the,3,2,5,0.4
sick-so,1,2,3,0.6666666666666666
to-wont,1,2,3,0.6666666666666666
mineral's-reshapes,1,1,2,0.5
hate-i,14,3,17,0.17647058823529413
keep-now,1,1,2,0.5
and-threat,1,1,2,0.5
could-they,2,2,4,0.5
unconfirmed!-what,13,3,16,0.1875
aircraft-via,1,2,3,0.6666666666666666
obliterate-watch,2,1,3,0.3333333333333333
from-saved,2,2,4,0.5
an-relief,2,1,3,0.3333333333333333
go-the,38,12,50,0.24
from-while,3,1,4,0.25
fire'-the,2,4,6,0.6666666666666666
on-water,1,4,5,0.8
heat-know,1,1,2,0.5
abandoned-of,1,5,6,0.8333333333333334
iran-over,1,2,3,0.6666666666666666
history:-worst,1,1,2,0.5
investigating-train,1,1,2,0.5
so-terrorist,1,1,2,0.5
60-history:,1,1,2,0.5
idps:-meant,2,1,3,0.3333333333333333
fight-save,1,1,2,0.5
burning-just,1,4,5,0.8
house-war,1,3,4,0.75
griefûª-stabbing,1,4,5,0.8
bar-fog,6,1,7,0.14285714285714285
hazardous-to,6,4,10,0.4
in-lightning,1,6,7,0.8571428571428571
an-people,6,7,13,0.5384615384615384
#forest-the,1,1,2,0.5
#farrakhan-is,8,4,12,0.3333333333333333
lunch-the,1,1,2,0.5
drop-to,2,1,3,0.3333333333333333
i-wind,13,6,19,0.3157894736842105
@corleonedaboss-bc,1,1,2,0.5
it-meltdown,1,1,2,0.5
on-|,3,5,8,0.625
of-salt,5,4,9,0.4444444444444444
bicep.-chest/torso,1,1,2,0.5
by-first,2,6,8,0.75
back-collapsed,1,1,2,0.5
and-curfew.,1,1,2,0.5
an-with,13,27,40,0.675
a-escaping,1,2,3,0.6666666666666666
going-survive,1,1,2,0.5
any-train,1,2,3,0.6666666666666666
of-other,6,3,9,0.3333333333333333
on-sport,2,1,3,0.3333333333333333
right-the,31,18,49,0.3673469387755102
on-that's,4,2,6,0.3333333333333333
bathroom-in,2,2,4,0.5
an-girl,1,2,3,0.6666666666666666
from-nigerian,1,10,11,0.9090909090909091
in-sparked,1,2,3,0.6666666666666666
in-win,6,1,7,0.14285714285714285
at-lrt,2,1,3,0.3333333333333333
have-put,2,1,3,0.3333333333333333
fish-wreck,4,2,6,0.3333333333333333
--vehicle,2,1,3,0.3333333333333333
/-the,3,2,5,0.4
boot-officer,2,2,4,0.5
accident-your,3,2,5,0.4
haven't-the,10,1,11,0.09090909090909091
a-target,1,2,3,0.6666666666666666
by-he,13,7,20,0.35
covered-mohammed,1,1,2,0.5
rescued-she,1,1,2,0.5
dorret's-gateau,1,1,2,0.5
a-many,18,24,42,0.5714285714285714
fedex-in,5,11,16,0.6875
fifth-worth,2,1,3,0.3333333333333333
i-smoking,2,2,4,0.5
medium-stop,1,2,3,0.6666666666666666
become-by,1,1,2,0.5
2-like,5,1,6,0.16666666666666666
be-rest,1,1,2,0.5
final-in,2,2,4,0.5
more-tsunami,1,1,2,0.5
white-your,1,1,2,0.5
being-to,32,17,49,0.3469387755102041
of-so,54,19,73,0.2602739726027397
can-match,1,1,2,0.5
it-start,5,6,11,0.5454545454545454
on-state,1,6,7,0.8571428571428571
almost-and,7,6,13,0.46153846153846156
breaking:-for,1,1,2,0.5
around-at,3,2,5,0.4
play-the,23,1,24,0.041666666666666664
for-them.,3,1,4,0.25
building-what,2,4,6,0.6666666666666666
desolation-of,18,3,21,0.14285714285714285
humans!-in,2,2,4,0.5
body-dude,1,1,2,0.5
really-would,1,3,4,0.75
incredible-to,1,1,2,0.5
if-why,2,1,3,0.3333333333333333
all-it's,9,2,11,0.18181818181818182
him-on,2,2,4,0.5
all-see,5,2,7,0.2857142857142857
ago-few,2,1,3,0.3333333333333333
it-where,6,1,7,0.14285714285714285
become-must,1,1,2,0.5
flood-for,1,10,11,0.9090909090909091
about-hellfire!,3,1,4,0.25
account-an,1,2,3,0.6666666666666666
in-international,2,1,3,0.3333333333333333
death-you're,1,1,2,0.5
my-sorrow,1,1,2,0.5
a-formed,1,1,2,0.5
album-is,6,1,7,0.14285714285714285
and-force,3,2,5,0.4
evacuation-faan,1,7,8,0.875
--playing,1,1,2,0.5
created-this,1,1,2,0.5
devastation-help,1,1,2,0.5
about-my,20,5,25,0.2
--every,3,3,6,0.5
family-three,1,2,3,0.6666666666666666
for-office,1,3,4,0.75
harm-you,6,2,8,0.25
burst-the,1,1,2,0.5
4000-refugee,2,2,4,0.5
have-really,4,3,7,0.42857142857142855
go-it,7,6,13,0.46153846153846156
boy-little,2,1,3,0.3333333333333333
after-just,3,4,7,0.5714285714285714
cement-to,1,1,2,0.5
#otrametlife-this,1,2,3,0.6666666666666666
content-or,15,3,18,0.16666666666666666
blanket-knife,1,1,2,0.5
date-in,4,2,6,0.3333333333333333
be-rioting,3,3,6,0.5
description-humaza.,2,1,3,0.3333333333333333
for-insurance,2,1,3,0.3333333333333333
&amp;-disaster.,1,1,2,0.5
i'm-little,2,1,3,0.3333333333333333
#aoms-#ibooklove,1,2,3,0.6666666666666666
city-summer,1,1,2,0.5
bus-the,3,11,14,0.7857142857142857
nuclear-ûò,1,2,3,0.6666666666666666
a-rainstorm,5,10,15,0.6666666666666666
a-feed,3,1,4,0.25
much-now,2,2,4,0.5
some-team,1,1,2,0.5
an-right,3,2,5,0.4
out-update:,1,1,2,0.5
fire-he,1,1,2,0.5
got-mean,1,1,2,0.5
8-had,1,1,2,0.5
sanctions.-secret,1,2,3,0.6666666666666666
i-worry,7,2,9,0.2222222222222222
park-river,5,3,8,0.375
even-yourself,4,2,6,0.3333333333333333
horse...-tonto,5,3,8,0.375
remove-to,2,1,3,0.3333333333333333
demon-my,1,1,2,0.5
apocalypse-top,1,1,2,0.5
park-via,5,4,9,0.4444444444444444
in-poll:,3,1,4,0.25
the-want,37,7,44,0.1590909090909091
making-not,3,1,4,0.25
an-athlete,1,1,2,0.5
my-wave,4,2,6,0.3333333333333333
an-derailed,1,1,2,0.5
donûªt-letûªs,3,1,4,0.25
all-blame,1,1,2,0.5
doe-this,7,1,8,0.125
shit-wa,9,4,13,0.3076923076923077
a-right,12,11,23,0.4782608695652174
for-under,2,1,3,0.3333333333333333
--utc2015-08-05,2,11,13,0.8461538461538461
event-of,3,3,6,0.5
get-use,2,1,3,0.3333333333333333
getting-need,1,1,2,0.5
former-township,1,4,5,0.8
for-response,1,5,6,0.8333333333333334
affect-it,2,1,3,0.3333333333333333
an-doe,1,1,2,0.5
anything.-for,1,1,2,0.5
order-the,7,7,14,0.5
b4-had,1,1,2,0.5
be-by,24,7,31,0.22580645161290322
??????-my,12,2,14,0.14285714285714285
dude-wa,2,2,4,0.5
forest-the,3,24,27,0.8888888888888888
are-stuck,1,1,2,0.5
they-up,4,2,6,0.3333333333333333
been-he,2,4,6,0.6666666666666666
i-lot.,1,1,2,0.5
deluged-with,23,4,27,0.14814814814814814
have-them,6,2,8,0.25
fire-to...,1,1,2,0.5
??-you're,4,1,5,0.2
are-cross,1,1,2,0.5
a-crash,3,36,39,0.9230769230769231
don't-you,46,13,59,0.22033898305084745
enough-it,1,2,3,0.6666666666666666
former-lady,2,2,4,0.5
2-confirmed,1,1,2,0.5
and-her,42,16,58,0.27586206896551724
heart-into,1,1,2,0.5
--aug,3,3,6,0.5
biggest-the,15,3,18,0.16666666666666666
is-myself,2,1,3,0.3333333333333333
6-connector,1,1,2,0.5
survived-who,2,1,3,0.3333333333333333
salt-tonto,5,3,8,0.375
chart-for,2,1,3,0.3333333333333333
--my,7,3,10,0.3
obama-on,1,2,3,0.6666666666666666
police-video,1,2,3,0.6666666666666666
a-taken,5,5,10,0.5
cd-i,1,1,2,0.5
300w-reû_,6,1,7,0.14285714285714285
&amp;-don't,5,1,6,0.16666666666666666
can-my,28,3,31,0.0967741935483871
america-by,1,1,2,0.5
for-humanity,1,1,2,0.5
heart-we,1,1,2,0.5
#ban-unsafe,1,2,3,0.6666666666666666
hero-war,1,1,2,0.5
coyote-lizard,1,1,2,0.5
help-u,4,2,6,0.3333333333333333
islam-reward,1,1,2,0.5
beyond-in,2,1,3,0.3333333333333333
are-nuclear,1,5,6,0.8333333333333334
left-too,1,1,2,0.5
because-work,1,1,2,0.5
follower-in,5,1,6,0.16666666666666666
a-collided,5,13,18,0.7222222222222222
from-rioting,1,1,2,0.5
date-even,4,2,6,0.3333333333333333
disaster-rise,1,1,2,0.5
feel-on,5,3,8,0.375
opposite-reward,1,1,2,0.5
in-without,12,6,18,0.3333333333333333
donûªt-we,3,1,4,0.25
patience-poll:,3,1,4,0.25
@www.cbplawyers-with,1,1,2,0.5
bioterrorism-is,1,1,2,0.5
began-on,1,5,6,0.8333333333333334
he-kid,2,1,3,0.3333333333333333
that-yesterday,2,1,3,0.3333333333333333
#gopdebate-@foxnews,1,1,2,0.5
at-by,8,32,40,0.8
#globalwarming!!-like,1,1,2,0.5
of-vote:,3,1,4,0.25
of-u,40,11,51,0.21568627450980393
dad-the,7,3,10,0.3
be-sport,1,1,2,0.5
#fettilootch-is,3,1,4,0.25
'save-charity.',4,2,6,0.3333333333333333
tornado-with,1,2,3,0.6666666666666666
http://t.co/cybksxhf7d-of,2,3,5,0.6
soldier-the,2,1,3,0.3333333333333333
chief's-to,1,2,3,0.6666666666666666
out-time,3,1,4,0.25
an-history,1,1,2,0.5
mad-world,1,1,2,0.5
river-via,5,4,9,0.4444444444444444
or-top,16,2,18,0.1111111111111111
getting-like,1,3,4,0.75
because-she,1,1,2,0.5
a-body,32,7,39,0.1794871794871795
survived-will,1,1,2,0.5
into-looked,1,1,2,0.5
many-of,9,9,18,0.5
a-health,4,1,5,0.2
the-you.,5,2,7,0.2857142857142857
is-yet.,2,1,3,0.3333333333333333
don't-someone,1,1,2,0.5
'save-him),4,2,6,0.3333333333333333
#amageddon-now,1,1,2,0.5
asked-to,6,1,7,0.14285714285714285
#magginoodle-and,1,2,3,0.6666666666666666
day-is,15,5,20,0.25
how-thousand,2,2,4,0.5
17:52:25-time2015-08-06,1,1,2,0.5
off-siren,2,5,7,0.7142857142857143
lead-think,3,1,4,0.25
hail-storm,1,2,3,0.6666666666666666
body-have,4,1,5,0.2
cree-saw,1,1,2,0.5
all-still,3,1,4,0.25
get-ha,6,3,9,0.3333333333333333
his-whipped,2,1,3,0.3333333333333333
light-reû_,6,1,7,0.14285714285714285
all-it,26,10,36,0.2777777777777778
no-rate,1,1,2,0.5
is-men,1,2,3,0.6666666666666666
i-more,26,5,31,0.16129032258064516
at-twitter,4,3,7,0.42857142857142855
cut-you,1,1,2,0.5
black-so,3,1,4,0.25
reshapes-rock,1,2,3,0.6666666666666666
eyewitness-news,3,1,4,0.25
could-not,3,5,8,0.625
one-panic,1,1,2,0.5
there-think,3,2,5,0.4
have-pain,1,1,2,0.5
from-hail,1,2,3,0.6666666666666666
address-in,1,2,3,0.6666666666666666
droid-hasbro,1,1,2,0.5
blood-like,1,3,4,0.75
brother-to,9,3,12,0.25
#ban-loss,1,2,3,0.6666666666666666
he-while,4,4,8,0.5
school-weighs,1,1,2,0.5
at-explosion,5,10,15,0.6666666666666666
everyone-when,3,2,5,0.4
up-up.,4,1,5,0.2
i-since,9,7,16,0.4375
it-same,6,1,7,0.14285714285714285
a-aftershock,1,2,3,0.6666666666666666
an-so,7,4,11,0.36363636363636365
for-unsafe,1,3,4,0.75
owner-they,1,1,2,0.5
and-are,67,40,107,0.37383177570093457
--full,66,6,72,0.08333333333333333
21:1023-in,1,1,2,0.5
piling-the,6,2,8,0.25
---the,14,2,16,0.125
keep-we,2,3,5,0.6
engulfed-is,5,3,8,0.375
8-pin-car,1,1,2,0.5
it's-the,77,44,121,0.36363636363636365
work-you,8,4,12,0.3333333333333333
ha-since,3,1,4,0.25
hunters.-the,1,3,4,0.75
all-we,13,3,16,0.1875
ready-to,8,9,17,0.5294117647058824
an-were,4,1,5,0.2
to-understand,4,1,5,0.2
don't-tear,1,1,2,0.5
31-exit,1,5,6,0.8333333333333334
how-see,11,4,15,0.26666666666666666
so-today,6,3,9,0.3333333333333333
are-man,2,4,6,0.6666666666666666
did-something,1,2,3,0.6666666666666666
body-faux,12,1,13,0.07692307692307693
destroyed-in,4,6,10,0.6
into-sneak,2,1,3,0.3333333333333333
gone-they,1,5,6,0.8333333333333334
against-ever,1,1,2,0.5
--may,3,1,4,0.25
but-wa,24,19,43,0.4418604651162791
cut-good,1,1,2,0.5
if-it's,13,3,16,0.1875
on-pic,1,1,2,0.5
on-real,1,2,3,0.6666666666666666
car-guy,1,1,2,0.5
...-fall,1,1,2,0.5
is-which,14,13,27,0.48148148148148145
actually-thing,2,1,3,0.3333333333333333
disaster-say,2,1,3,0.3333333333333333
stupid-than,1,1,2,0.5
by-movie,1,3,4,0.75
end-i,6,5,11,0.45454545454545453
a-jack,2,1,3,0.3333333333333333
track-train,1,4,5,0.8
and-earth,4,1,5,0.2
#???????-gabon,1,1,2,0.5
#wealth-would,2,1,3,0.3333333333333333
mass-murderer.,1,4,5,0.8
thinking-up,2,1,3,0.3333333333333333
are-natural,3,1,4,0.25
??????-just,5,1,6,0.16666666666666666
let's-to,2,4,6,0.6666666666666666
people-thousand,1,1,2,0.5
authority-to,1,3,4,0.75
before-out,2,1,3,0.3333333333333333
force-playing,1,1,2,0.5
&amp;-murder,1,2,3,0.6666666666666666
@gerenciatodos-sparked,1,1,2,0.5
this-through,6,1,7,0.14285714285714285
danger-i,6,1,7,0.14285714285714285
a-president,1,3,4,0.75
calgary-transit,1,1,2,0.5
that-you,92,25,117,0.21367521367521367
path-the,1,1,2,0.5
3g-realise,4,3,7,0.42857142857142855
mention-or,3,1,4,0.25
not-say,8,1,9,0.1111111111111111
another-but,1,1,2,0.5
#prebreak-specially,1,7,8,0.875
are-market,15,6,21,0.2857142857142857
flood-ur,10,2,12,0.16666666666666666
talking-wa,2,1,3,0.3333333333333333
petition!take-them!,1,1,2,0.5
casualty-more,2,1,3,0.3333333333333333
of-searching,1,21,22,0.9545454545454546
heat-their,1,1,2,0.5
a-looking,7,1,8,0.125
couple-to,4,2,6,0.3333333333333333
:-burning,1,2,3,0.6666666666666666
a-where,11,11,22,0.5
dryer-the,1,1,2,0.5
taken-they,2,1,3,0.3333333333333333
find-new,1,1,2,0.5
is-worry,2,5,7,0.7142857142857143
down-go,2,2,4,0.5
and-specific,1,1,2,0.5
over-with,5,24,29,0.8275862068965517
school-that,3,2,5,0.4
bash-gop,1,1,2,0.5
to-towards,1,1,2,0.5
his-not,4,1,5,0.2
of-three,2,4,6,0.6666666666666666
all-reward,1,1,2,0.5
displaced-person,1,2,3,0.6666666666666666
now!-whipped,2,1,3,0.3333333333333333
knife-wire,1,1,2,0.5
for-these,4,4,8,0.5
:)-that,1,2,3,0.6666666666666666
sexual-trauma,1,1,2,0.5
gunshot-the,3,4,7,0.5714285714285714
leader-to,2,2,4,0.5
hazard-single,1,1,2,0.5
know-man,5,1,6,0.16666666666666666
@youtube-at,4,2,6,0.3333333333333333
camp-next,2,1,3,0.3333333333333333
a-le,1,1,2,0.5
to-why,28,10,38,0.2631578947368421
be-health.,1,1,2,0.5
from-running,1,2,3,0.6666666666666666
since-to,5,6,11,0.5454545454545454
be-world,3,2,5,0.4
free-responder,1,1,2,0.5
arsonist-burning,1,1,2,0.5
4-i'm,2,1,3,0.3333333333333333
attack-exterminate,1,1,2,0.5
by-extreme,1,1,2,0.5
...-who,3,6,9,0.6666666666666666
how-riot,1,1,2,0.5
and-around,7,9,16,0.5625
engulfed-war,4,2,6,0.3333333333333333
been-keep,1,2,3,0.6666666666666666
most-wound,1,1,2,0.5
australia-collapse,3,3,6,0.5
gone-to,1,9,10,0.9
baby-to,2,3,5,0.6
our-u,5,3,8,0.375
a-beer,2,1,3,0.3333333333333333
crash-is,1,2,3,0.6666666666666666
on-show,3,5,8,0.625
cooper.-notexplained:,1,1,2,0.5
@gerenciatodos-ha,2,1,3,0.3333333333333333
the-unto,1,2,3,0.6666666666666666
is-window,1,1,2,0.5
help-killing,1,1,2,0.5
afghan-in,1,5,6,0.8333333333333334
leave-like,1,1,2,0.5
having-keep,1,1,2,0.5
i-idea,8,2,10,0.2
wa-where,3,2,5,0.4
can-û_,1,1,2,0.5
now-right,11,7,18,0.3888888888888889
it's-world,3,1,4,0.25
hailstorm-it,1,1,2,0.5
colour-stand,7,1,8,0.125
fear-for,7,6,13,0.46153846153846156
anything.-of,1,1,2,0.5
program-to,3,4,7,0.5714285714285714
at-bit,1,1,2,0.5
4km-utc2015-08-05,1,1,2,0.5
just-wave,2,1,3,0.3333333333333333
house-my,4,4,8,0.5
of-walk,2,1,3,0.3333333333333333
7-i,4,2,6,0.3333333333333333
if-someone,2,1,3,0.3333333333333333
hit-say,1,3,4,0.75
he's-i,10,2,12,0.16666666666666666
an-wom...,2,1,3,0.3333333333333333
chemical-simulate,1,4,5,0.8
fire.-wa,1,3,4,0.75
bomb-suicide,4,33,37,0.8918918918918919
aussie-in,1,4,5,0.8
internally-woman,2,1,3,0.3333333333333333
rising-service,1,3,4,0.75
have-need,3,2,5,0.4
city-mountain,1,2,3,0.6666666666666666
short-took,1,1,2,0.5
enemy-that,5,1,6,0.16666666666666666
fall-on,4,1,5,0.2
away-for,2,2,4,0.5
me-to,80,21,101,0.2079207920792079
@'armageddon-not,3,1,4,0.25
and-night,10,6,16,0.375
most-people,3,1,4,0.25
humans!-to,1,1,2,0.5
all-evacuate,3,1,4,0.25
ha-time,8,2,10,0.2
also-i'm,1,1,2,0.5
jealous-so,1,1,2,0.5
am.-up,1,1,2,0.5
careless-how,1,1,2,0.5
if-there,7,2,9,0.2222222222222222
really-second,1,2,3,0.6666666666666666
cast-of,2,1,3,0.3333333333333333
that's-to,13,4,17,0.23529411764705882
a-he,95,27,122,0.22131147540983606
attacking-for,1,1,2,0.5
even-mention,3,1,4,0.25
just-place,1,1,2,0.5
of-strange,1,1,2,0.5
like-rainstorm,2,1,3,0.3333333333333333
air-in,3,29,32,0.90625
a-thought,12,5,17,0.29411764705882354
make-what,2,1,3,0.3333333333333333
in-way,21,7,28,0.25
in-looking,3,1,4,0.25
ash-england,1,1,2,0.5
my-tsunami,3,3,6,0.5
&amp;-harm/kid,2,1,3,0.3333333333333333
hazard-installation,2,1,3,0.3333333333333333
death-don't,1,2,3,0.6666666666666666
all-hail,3,1,4,0.25
#thanku-sister,1,1,2,0.5
up.-you,1,1,2,0.5
believe-don't,1,2,3,0.6666666666666666
change-on,8,4,12,0.3333333333333333
#û_-of,1,1,2,0.5
must-not,2,3,5,0.6
'second'-her,1,2,3,0.6666666666666666
using-weapon,1,1,2,0.5
living-to,2,4,6,0.6666666666666666
60-england,1,1,2,0.5
talk-to,11,1,12,0.08333333333333333
vote:-what,2,1,3,0.3333333333333333
on-right,7,4,11,0.36363636363636365
a-been,56,35,91,0.38461538461538464
gone-this,2,1,3,0.3333333333333333
bath-you,1,2,3,0.6666666666666666
destiny-i,5,1,6,0.16666666666666666
across-all,1,4,5,0.8
#baltimore-#yahistorical,1,1,2,0.5
evacuate-need,1,1,2,0.5
@youtube-the,11,4,15,0.26666666666666666
led-offroad,11,2,13,0.15384615384615385
good-when,4,1,5,0.2
can-harm,3,2,5,0.4
i'll-on,3,1,4,0.25
must-of,4,8,12,0.6666666666666666
have-house,3,5,8,0.625
i've-like,1,2,3,0.6666666666666666
call-me,4,2,6,0.3333333333333333
shadow-the,1,11,12,0.9166666666666666
health-service,6,1,7,0.14285714285714285
went-when,2,1,3,0.3333333333333333
into-went,1,1,2,0.5
a-newlywed,2,1,3,0.3333333333333333
can-with,10,4,14,0.2857142857142857
#worstsummerjob-at,1,1,2,0.5
for-plane,1,2,3,0.6666666666666666
cree-knife,1,1,2,0.5
be-rt,2,1,3,0.3333333333333333
--ft.,1,2,3,0.6666666666666666
#us-in,1,2,3,0.6666666666666666
survive-will,4,2,6,0.3333333333333333
part-really,1,2,3,0.6666666666666666
exploration-to,1,4,5,0.8
emergency-psychiatric,1,1,2,0.5
bath-the,1,1,2,0.5
leather-shoulder,13,1,14,0.07142857142857142
is-said,6,6,12,0.5
=-all,1,1,2,0.5
and-building,14,16,30,0.5333333333333333
of-operation,1,4,5,0.8
fall-the,13,2,15,0.13333333333333333
and-full,7,1,8,0.125
and-going,20,5,25,0.2
#pantherattack-power,3,2,5,0.4
idps:-stealing,2,1,3,0.3333333333333333
a-after,30,81,111,0.7297297297297297
food-via,1,1,2,0.5
blew-in,5,1,6,0.16666666666666666
by-just,4,1,5,0.2
#protectdenaliwolves-emergency,1,1,2,0.5
fail-of,1,1,2,0.5
&amp;-dying,1,1,2,0.5
decision-this,1,1,2,0.5
happened-of,2,4,6,0.6666666666666666
affected-by,1,27,28,0.9642857142857143
how-trent,1,4,5,0.8
abandoned-faan,1,7,8,0.875
--exploration,1,1,2,0.5
a-meeting,2,1,3,0.3333333333333333
deluge-of,17,6,23,0.2608695652173913
beautiful-is,5,1,6,0.16666666666666666
are-will,17,4,21,0.19047619047619047
and-okay.,1,1,2,0.5
gm!-is,5,1,6,0.16666666666666666
not-text,1,1,2,0.5
wild-with,1,4,5,0.8
into-on,10,7,17,0.4117647058823529
latest-u,1,2,3,0.6666666666666666
and-president,1,1,2,0.5
a-came,18,11,29,0.3793103448275862
floods.-is,8,4,12,0.3333333333333333
@youtube-man,1,1,2,0.5
it-landslide,2,1,3,0.3333333333333333
of-plus,2,2,4,0.5
on-senator,1,2,3,0.6666666666666666
for-waiting,2,3,5,0.6
a-any,10,5,15,0.3333333333333333
the-until,11,4,15,0.26666666666666666
her-wa,7,9,16,0.5625
the-trouble,5,4,9,0.4444444444444444
how-thing,1,2,3,0.6666666666666666
man-who,9,5,14,0.35714285714285715
know-went,1,1,2,0.5
survivor-why,1,1,2,0.5
--away,1,1,2,0.5
of-series,3,1,4,0.25
massacre-were,1,1,2,0.5
a-thank,7,2,9,0.2222222222222222
--image,1,5,6,0.8333333333333334
board-rate,3,2,5,0.4
estimate-the,2,6,8,0.75
outdoor-the,2,1,3,0.3333333333333333
getting-wa,2,3,5,0.6
in-police,12,43,55,0.7818181818181819
is-obliterate,3,1,4,0.25
about-bomb,1,2,3,0.6666666666666666
i'm-me,15,4,19,0.21052631578947367
to-we're,3,3,6,0.5
him-to,15,7,22,0.3181818181818182
detained-over,2,1,3,0.3333333333333333
af-and,2,1,3,0.3333333333333333
fast-up,1,1,2,0.5
longer-via,4,4,8,0.5
&amp;-deluge,1,1,2,0.5
emotionally-my,1,2,3,0.6666666666666666
a-opposite,1,1,2,0.5
body-day,2,1,3,0.3333333333333333
a-they,56,18,74,0.24324324324324326
go-my,12,8,20,0.4
dorman-sensor,1,1,2,0.5
these-will,1,1,2,0.5
attack-just,3,3,6,0.5
fire-there,3,10,13,0.7692307692307693
is-only,12,13,25,0.52
good-thought,1,1,2,0.5
city-girl,1,2,3,0.6666666666666666
firefighter-the,1,6,7,0.8571428571428571
and-i've,9,1,10,0.1
dr.-to,1,1,2,0.5
i-scare,2,1,3,0.3333333333333333
alone-of,5,3,8,0.375
request-you,2,1,3,0.3333333333333333
into-one,1,1,2,0.5
love-much,4,1,5,0.2
elephant-of,1,1,2,0.5
is-news,2,2,4,0.5
box-i,3,1,4,0.25
all-went,1,1,2,0.5
able-i'm,1,1,2,0.5
desire-donûªt,8,2,10,0.2
angry-nema,4,2,6,0.3333333333333333
fatal-of,1,41,42,0.9761904761904762
&amp;-1st,1,1,2,0.5
destroy-food,1,1,2,0.5
the-while,16,12,28,0.42857142857142855
my-through,10,3,13,0.23076923076923078
mum-murder?,1,1,2,0.5
always-with,1,1,2,0.5
player-team,1,1,2,0.5
crime-this,1,3,4,0.75
chest/torso-only,1,1,2,0.5
happened-so,1,2,3,0.6666666666666666
doing-pace,1,1,2,0.5
clueless-http://t.co/ydetwgribk,1,1,2,0.5
a-probably,5,2,7,0.2857142857142857
ha-rt,1,1,2,0.5
iran-land,1,10,11,0.9090909090909091
come-don't,3,4,7,0.5714285714285714
campus-to,1,3,4,0.75
??????-here,2,1,3,0.3333333333333333
bombed-just,3,1,4,0.25
definitely-of,2,2,4,0.5
#gilbert23-a,4,2,6,0.3333333333333333
for-run,6,4,10,0.4
is-please,2,3,5,0.6
&amp;-crush,2,1,3,0.3333333333333333
need-there,2,1,3,0.3333333333333333
a-days.,2,2,4,0.5
??????-i,19,6,25,0.24
bang-in,14,4,18,0.2222222222222222
beam-car,3,1,4,0.25
at-emergency,9,13,22,0.5909090909090909
me.-with,6,3,9,0.3333333333333333
humaza.-last,2,1,3,0.3333333333333333
&amp;-all,15,4,19,0.21052631578947367
derail-lord,5,1,6,0.16666666666666666
eye-to,2,3,5,0.6
giant-info/order,1,1,2,0.5
i-thunder,3,5,8,0.625
beam-work,3,1,4,0.25
#bioterror-#rickperry,1,2,3,0.6666666666666666
@emmerdale-a,1,2,3,0.6666666666666666
@business-via,2,1,3,0.3333333333333333
to-without,12,4,16,0.25
crisis-the,1,1,2,0.5
don't-through,1,1,2,0.5
alarm-the,3,10,13,0.7692307692307693
see-totally,1,1,2,0.5
a-milkshake,6,1,7,0.14285714285714285
blood-i'm,2,1,3,0.3333333333333333
change-he,1,1,2,0.5
in-report,1,8,9,0.8888888888888888
--bridge,2,10,12,0.8333333333333334
nu-unit,1,2,3,0.6666666666666666
far-from,1,3,4,0.75
for-know,7,1,8,0.125
insurance-to,1,2,3,0.6666666666666666
angel-to,1,2,3,0.6666666666666666
and-large,1,3,4,0.75
:-at,2,7,9,0.7777777777777778
a-deluge,12,2,14,0.14285714285714285
in-u.s.,1,16,17,0.9411764705882353
area.-not,1,2,3,0.6666666666666666
mine-this,1,1,2,0.5
am-more,2,1,3,0.3333333333333333
failure:-via,1,1,2,0.5
#news-wife,2,1,3,0.3333333333333333
and-should,11,4,15,0.26666666666666666
but-thank,1,1,2,0.5
all-first,4,1,5,0.2
5-phone,2,2,4,0.5
blue-the,4,1,5,0.2
bundled-out,1,1,2,0.5
--m.o.p.),2,1,3,0.3333333333333333
people-using,1,1,2,0.5
'the-to,4,5,9,0.5555555555555556
now-way,3,1,4,0.25
electrocuted-or,1,1,2,0.5
collection-the,1,1,2,0.5
but-take,3,2,5,0.4
mean-say,2,1,3,0.3333333333333333
of-space,1,3,4,0.75
man-wounded,1,2,3,0.6666666666666666
--=,1,1,2,0.5
2015:-bridge,2,3,5,0.6
over-ultimate,1,2,3,0.6666666666666666
swimming-the,1,2,3,0.6666666666666666
for-from,15,32,47,0.6808510638297872
and-major,2,5,7,0.7142857142857143
for-landslide,2,1,3,0.3333333333333333
bang-wa,4,2,6,0.3333333333333333
my-these,1,2,3,0.6666666666666666
evacuated.-the,2,2,4,0.5
deluge-in,3,1,4,0.25
fire-lot,1,1,2,0.5
and-hail,6,7,13,0.5384615384615384
at-world,3,2,5,0.4
earthquake-my,1,1,2,0.5
a-hatchet,2,6,8,0.75
first-so,6,4,10,0.4
my-while,1,2,3,0.6666666666666666
fatality-number,1,1,2,0.5
to-york,1,6,7,0.8571428571428571
#pbban-reason,3,1,4,0.25
??-no,11,3,14,0.21428571428571427
bad-of,6,1,7,0.14285714285714285
angry-idps:,4,2,6,0.3333333333333333
2-is,12,1,13,0.07692307692307693
on-soon,1,1,2,0.5
and-gateau,1,1,2,0.5
i-thing,13,9,22,0.4090909090909091
for-job,2,1,3,0.3333333333333333
it-time,22,6,28,0.21428571428571427
#strategicpatience-displaced,1,4,5,0.8
america-tornado,2,1,3,0.3333333333333333
community-quarantine,4,1,5,0.2
#islam-i.e.,4,2,6,0.3333333333333333
??-on,19,4,23,0.17391304347826086
am-an,3,1,4,0.25
mass-murderer-you,2,1,3,0.3333333333333333
far-he,1,1,2,0.5
after-baby,2,2,4,0.5
beat-got,2,1,3,0.3333333333333333
if-would've,1,1,2,0.5
allow-not,1,1,2,0.5
apollo-m.o.p.),3,2,5,0.4
while-you,9,7,16,0.4375
respond-robert,1,1,2,0.5
about-your,11,4,15,0.26666666666666666
a-hope,13,5,18,0.2777777777777778
city.-p.o.p.e.,1,1,2,0.5
a-derail,4,10,14,0.7142857142857143
about-getting,1,1,2,0.5
lady-the,5,1,6,0.16666666666666666
be-island,1,1,2,0.5
blood-but,1,1,2,0.5
#best-a,13,12,25,0.48
footage-of,1,1,2,0.5
#islam!-do,1,1,2,0.5
#thanku-apocalyptic,2,1,3,0.3333333333333333
#usa-and,1,3,4,0.75
#islam-islam,1,1,2,0.5
specific-the,1,1,2,0.5
i-scared,8,4,12,0.3333333333333333
all-destroy,3,2,5,0.4
detail-on,1,1,2,0.5
find-you,6,2,8,0.25
making-the,12,4,16,0.25
by-kosciusko,1,1,2,0.5
something-the,9,4,13,0.3076923076923077
on-snow,2,1,3,0.3333333333333333
have-least,1,3,4,0.75
is-pick,17,2,19,0.10526315789473684
it-to,150,70,220,0.3181818181818182
if-their,4,2,6,0.3333333333333333
#world-to,2,3,5,0.6
wa-war,6,6,12,0.5
blow-hair,1,1,2,0.5
mountain-reading,1,1,2,0.5
griefûª-in,1,4,5,0.8
a-end,11,7,18,0.3888888888888889
enormous-to,1,1,2,0.5
being-death,2,1,3,0.3333333333333333
commit-the,1,1,2,0.5
building-out,1,4,5,0.8
going-many,1,1,2,0.5
hd-video,1,1,2,0.5
and-weapon,8,4,12,0.3333333333333333
came-destroyed,1,1,2,0.5
over-taking,1,1,2,0.5
be-love,2,3,5,0.6
helping-with,1,2,3,0.6666666666666666
fedex-pathogen,4,6,10,0.6
failure:-integrity,1,1,2,0.5
#best-horrible,4,1,5,0.2
box-can,1,1,2,0.5
bell-to,1,1,2,0.5
homeless-rescued,2,1,3,0.3333333333333333
a-driving,4,6,10,0.6
dare-into,1,1,2,0.5
i-survive,11,3,14,0.21428571428571427
content-reddit's,16,2,18,0.1111111111111111
????-drowning,1,1,2,0.5
been-must,1,4,5,0.8
good-hear,1,1,2,0.5
having-this,4,1,5,0.2
3-not,1,1,2,0.5
#ban-after,1,2,3,0.6666666666666666
invoices.-of,7,1,8,0.125
conference-to,5,1,6,0.16666666666666666
deluged-quiz:,2,1,3,0.3333333333333333
he-which,9,2,11,0.18181818181818182
angry-my,1,1,2,0.5
that-then,5,2,7,0.2857142857142857
body-way,1,1,2,0.5
on-wait,5,1,6,0.16666666666666666
for-search,2,7,9,0.7777777777777778
cost-on,1,1,2,0.5
attack-with,1,2,3,0.6666666666666666
@gerenciatodos-this,1,1,2,0.5
--government,3,1,4,0.25
fuck-just,5,1,6,0.16666666666666666
first-woman,1,2,3,0.6666666666666666
cruz-the,1,1,2,0.5
back-for,8,3,11,0.2727272727272727
31-with,1,4,5,0.8
died-wa,2,3,5,0.6
32-and,1,1,2,0.5
is-she,6,1,7,0.14285714285714285
can-need,7,1,8,0.125
survived-wondering,1,1,2,0.5
don't-shit,1,1,2,0.5
had-in,11,19,30,0.6333333333333333
i-watched,4,2,6,0.3333333333333333
an-don't,3,2,5,0.4
day-their,3,1,4,0.25
fires.-forest,1,4,5,0.8
accident-that,4,3,7,0.42857142857142855
loss-of,3,1,4,0.25
get-mass,1,1,2,0.5
call-you,8,2,10,0.2
like-our,7,1,8,0.125
in-piling,3,1,4,0.25
ii-to,1,1,2,0.5
normal-to,2,2,4,0.5
for-lot.,1,1,2,0.5
military-there,2,1,3,0.3333333333333333
not-outside,1,1,2,0.5
keep-like,1,1,2,0.5
at-ferguson's,2,1,3,0.3333333333333333
burning-he,1,2,3,0.6666666666666666
at-wholesale,1,1,2,0.5
blew-like,1,2,3,0.6666666666666666
american-the,7,14,21,0.6666666666666666
level-rock,1,2,3,0.6666666666666666
be-sign,2,1,3,0.3333333333333333
by-must,1,3,4,0.75
have-him,1,1,2,0.5
had-man,3,1,4,0.25
transport-willing,1,1,2,0.5
my-without,7,2,9,0.2222222222222222
at-leg,1,1,2,0.5
in-stop,2,3,5,0.6
it's-these,1,1,2,0.5
how-wondering,1,1,2,0.5
no-they're,1,1,2,0.5
ha-small,2,1,3,0.3333333333333333
her-still,1,6,7,0.8571428571428571
do-more,4,1,5,0.2
on-through,3,6,9,0.6666666666666666
at-structure,5,1,6,0.16666666666666666
gave-in,1,3,4,0.75
...-old,1,6,7,0.8571428571428571
of-than,18,37,55,0.6727272727272727
range-video,1,1,2,0.5
&amp;-throwing,1,1,2,0.5
another-hand,1,1,2,0.5
the-website,1,1,2,0.5
2-one,1,3,4,0.75
quickly-the,4,4,8,0.5
bloody-why,2,1,3,0.3333333333333333
from-island,1,14,15,0.9333333333333333
i'd-of,8,1,9,0.1111111111111111
fighter-fire,1,3,4,0.75
more-tide,1,1,2,0.5
fair-the,3,1,4,0.25
ferry-over,1,1,2,0.5
i-tornado,1,3,4,0.75
hazard-the,7,3,10,0.3
emergency-u,1,2,3,0.6666666666666666
heart-she,1,1,2,0.5
police-tonight,1,3,4,0.75
all-almost,1,1,2,0.5
hot-over,1,1,2,0.5
of-set,5,4,9,0.4444444444444444
how-people,12,4,16,0.25
no-year,1,1,2,0.5
beautiful-disaster,2,1,3,0.3333333333333333
around-this,1,1,2,0.5
a-didn't,5,4,9,0.4444444444444444
:-you,2,1,3,0.3333333333333333
it-look,17,6,23,0.2608695652173913
just-saw,3,3,6,0.5
god-is,15,7,22,0.3181818181818182
abuse-child,1,1,2,0.5
call-he,1,1,2,0.5
go-life,1,4,5,0.8
abused+desolate&amp;lost-it,1,1,2,0.5
of-world.,1,1,2,0.5
blast-from,13,4,17,0.23529411764705882
it-may,4,3,7,0.42857142857142855
screamed-to,14,1,15,0.06666666666666667
benefit-the,2,1,3,0.3333333333333333
happy-to,4,1,5,0.2
--still,5,3,8,0.375
might-not,1,1,2,0.5
ii-the,1,1,2,0.5
--collapsed,1,1,2,0.5
and-woman,2,2,4,0.5
and-t,1,1,2,0.5
last-yr,1,1,2,0.5
or-yourself,2,1,3,0.3333333333333333
the-thousand,3,5,8,0.625
it-kinda,2,2,4,0.5
#phoenix-a,1,1,2,0.5
level-that,2,1,3,0.3333333333333333
do-in,19,15,34,0.4411764705882353
patience-to,4,11,15,0.7333333333333333
i...-my,1,1,2,0.5
loving-to,1,2,3,0.6666666666666666
letûªs-that,3,1,4,0.25
a-no,40,25,65,0.38461538461538464
at-place,2,3,5,0.6
5-twia,1,1,2,0.5
building-causing,1,1,2,0.5
give-when,1,2,3,0.6666666666666666
drove-in,1,1,2,0.5
devastation-it's,1,1,2,0.5
are-help,2,3,5,0.6
do-donûªt,4,1,5,0.2
guess-trying,1,1,2,0.5
the-tornado,6,12,18,0.6666666666666666
all-bed,1,1,2,0.5
pay'-yours,8,1,9,0.1111111111111111
to-truck,4,5,9,0.5555555555555556
dead-it,5,1,6,0.16666666666666666
have-may,11,33,44,0.75
taking-the,6,2,8,0.25
him-of,6,5,11,0.45454545454545453
okay-this,2,1,3,0.3333333333333333
that-using,1,1,2,0.5
and-waste,2,2,4,0.5
flying-i,1,1,2,0.5
also-wa,1,2,3,0.6666666666666666
a-night,17,2,19,0.10526315789473684
evacuate-in,2,6,8,0.75
have-shit,4,2,6,0.3333333333333333
at-casualty,1,2,3,0.6666666666666666
if-know,15,2,17,0.11764705882352941
--53inch,6,1,7,0.14285714285714285
a-petition,2,5,7,0.7142857142857143
him-when,3,1,4,0.25
post-|,1,2,3,0.6666666666666666
loss-slip,1,2,3,0.6666666666666666
#nowplaying-in,1,1,2,0.5
bn-for,1,1,2,0.5
#womens-new,5,1,6,0.16666666666666666
cliff.-off,3,1,4,0.25
building-cop,1,2,3,0.6666666666666666
flame-u,1,1,2,0.5
that-wouldn't,1,1,2,0.5
in-master,1,1,2,0.5
for-our,9,8,17,0.47058823529411764
more-one,4,6,10,0.6
film-for,8,1,9,0.1111111111111111
evacuation-i,2,2,4,0.5
all-saving,2,2,4,0.5
donûªt-so,7,2,9,0.2222222222222222
and-come,20,4,24,0.16666666666666666
chemical-in,5,9,14,0.6428571428571429
for-meltdown,3,1,4,0.25
hazardous-into,3,3,6,0.5
abandoned-via,1,2,3,0.6666666666666666
a-line,4,12,16,0.75
and-they're,5,2,7,0.2857142857142857
??-were,1,1,2,0.5
#world-in,1,5,6,0.8333333333333334
attack-by,5,5,10,0.5
come-way,1,1,2,0.5
player-the,6,2,8,0.25
attacked-on,1,1,2,0.5
on-team,3,2,5,0.4
on-our,10,7,17,0.4117647058823529
and-sky,2,1,3,0.3333333333333333
my-wow,1,1,2,0.5
biggest-world.,1,1,2,0.5
high-when,3,1,4,0.25
even-then,4,1,5,0.2
we-yours,1,1,2,0.5
gotta-than,1,1,2,0.5
give-to,4,5,9,0.5555555555555556
being-time,1,2,3,0.6666666666666666
carried-the,1,1,2,0.5
infamous-only,1,1,2,0.5
just-what,20,5,25,0.2
one-them,3,1,4,0.25
a-man',2,1,3,0.3333333333333333
mishap-via,1,3,4,0.75
like-played,1,1,2,0.5
a-hailstorm,2,3,5,0.6
me-right,3,3,6,0.5
2-with,12,6,18,0.3333333333333333
like-obliterated,3,1,4,0.25
couple-refugee,3,3,6,0.5
girl-sassy,1,2,3,0.6666666666666666
burned-one,2,1,3,0.3333333333333333
autobiography-ii,1,1,2,0.5
derailed-so,1,2,3,0.6666666666666666
hot-in,8,2,10,0.2
like-real,3,2,5,0.4
go-in,13,8,21,0.38095238095238093
#prebreak-quarantined,4,1,5,0.2
#prophetmuhammad-tribal,4,2,6,0.3333333333333333
in-remember,1,4,5,0.8
are-land,1,1,2,0.5
been-behind,1,1,2,0.5
actual-in,2,1,3,0.3333333333333333
big-from,2,1,3,0.3333333333333333
landslide-rain,1,1,2,0.5
like-over,3,2,5,0.4
county-the,2,3,5,0.6
outside-right,1,1,2,0.5
#bbc-#lies,3,4,7,0.5714285714285714
harm/kid-of,2,1,3,0.3333333333333333
sinking-whole,4,3,7,0.42857142857142855
back-with,7,4,11,0.36363636363636365
old-year,5,3,8,0.375
#???????-exploration,1,1,2,0.5
there-top,1,1,2,0.5
1st-team,1,1,2,0.5
crashed-plane,1,8,9,0.8888888888888888
harm-more,4,1,5,0.2
homeless-in,1,1,2,0.5
mmmmmm-oooh,1,1,2,0.5
i-wish,15,2,17,0.11764705882352941
6-ep,1,1,2,0.5
deluged-yours,9,1,10,0.1
#prebreak-data,12,5,17,0.29411764705882354
1.4-e,1,1,2,0.5
bounty-to,1,3,4,0.75
hot-this,2,1,3,0.3333333333333333
take-this,3,3,6,0.5
collapsed-have,1,1,2,0.5
burning-weak,1,1,2,0.5
building-evacuate,1,2,3,0.6666666666666666
me-sleep,1,1,2,0.5
it-phone,14,3,17,0.17647058823529413
@youtube-liked,34,7,41,0.17073170731707318
53inch-lamp,6,1,7,0.14285714285714285
&amp;-|,1,2,3,0.6666666666666666
#reflect-up,2,1,3,0.3333333333333333
8/6-at,1,2,3,0.6666666666666666
one-survive,1,1,2,0.5
have-used,2,1,3,0.3333333333333333
(photos)-baby,7,2,9,0.2222222222222222
for-running,2,3,5,0.6
didn't-i,12,2,14,0.14285714285714285
power-thunder,1,1,2,0.5
is-wait,5,1,6,0.16666666666666666
face-without,8,3,11,0.2727272727272727
drowning-toddler,1,1,2,0.5
4-go,1,1,2,0.5
droid-war,1,1,2,0.5
#prebreak-banned,4,1,5,0.2
go-it's,6,1,7,0.14285714285714285
hope-that,3,1,4,0.25
#globalwarming!!-burning,1,1,2,0.5
#preparedness-catastrophe.,2,2,4,0.5
sign-to,6,3,9,0.3333333333333333
an-heat,1,2,3,0.6666666666666666
8-pin-charger,1,1,2,0.5
...-england,1,1,2,0.5
have-notice,1,1,2,0.5
is-tomorrow,4,3,7,0.42857142857142855
life-really,1,1,2,0.5
'if-be,1,1,2,0.5
away.-up,1,1,2,0.5
--jacksonville,2,2,4,0.5
2.1a-8-pin,1,1,2,0.5
by-gold,1,2,3,0.6666666666666666
death-some,1,1,2,0.5
is-last,9,3,12,0.25
i-quite,4,1,5,0.2
and-death,11,12,23,0.5217391304347826
@reuters-for,1,1,2,0.5
on-thought,4,1,5,0.2
at-release,1,1,2,0.5
america'-iranian,1,1,2,0.5
from-i'm,6,4,10,0.4
gave-instead,2,1,3,0.3333333333333333
accident-you,3,2,5,0.4
bloomberg-to,1,1,2,0.5
market-the,18,7,25,0.28
elizabeth-santa,1,1,2,0.5
arriving-to,1,2,3,0.6666666666666666
#bookboost-stranded,1,2,3,0.6666666666666666
me-more,3,1,4,0.25
on-school,7,2,9,0.2222222222222222
opinion-that,1,2,3,0.6666666666666666
'first'-'second',1,1,2,0.5
could-would,4,1,5,0.2
and-him,9,4,13,0.3076923076923077
home-they,3,2,5,0.4
be-bush,2,1,3,0.3333333333333333
la-to,1,1,2,0.5
...-via,2,17,19,0.8947368421052632
to-want,83,10,93,0.10752688172043011
cant-will,3,1,4,0.25
any-this,3,1,4,0.25
team-the,12,5,17,0.29411764705882354
dan-into,1,1,2,0.5
planned-to,1,1,2,0.5
make-while,1,2,3,0.6666666666666666
at-blow,1,1,2,0.5
&amp;-old,3,1,4,0.25
so-yall,1,1,2,0.5
died-they,2,4,6,0.6666666666666666
though-to,3,4,7,0.5714285714285714
david-the,3,4,7,0.5714285714285714
her-now,1,1,2,0.5
are-change,2,1,3,0.3333333333333333
#tcot-in,1,1,2,0.5
and-understand,2,1,3,0.3333333333333333
a-anything,1,2,3,0.6666666666666666
hillary-murderer.,1,1,2,0.5
half-when,1,1,2,0.5
after-no,1,4,5,0.8
10th-the,1,2,3,0.6666666666666666
fatality-to,5,7,12,0.5833333333333334
on-video,6,1,7,0.14285714285714285
bc-need,1,2,3,0.6666666666666666
and-drum,2,1,3,0.3333333333333333
chinaûªs-crash,6,1,7,0.14285714285714285
time-truck,1,1,2,0.5
not-police,1,4,5,0.8
court-military,4,3,7,0.42857142857142855
(.90-fte,1,1,2,0.5
are-that's,3,1,4,0.25
explode-might,1,1,2,0.5
me-till,4,2,6,0.3333333333333333
--home,1,37,38,0.9736842105263158
but-obliterated,1,1,2,0.5
heard-thunder,1,1,2,0.5
australia-australiaûªs,1,1,2,0.5
ha-turned,1,1,2,0.5
#gunsense-to,1,1,2,0.5
1.3-of,1,1,2,0.5
#reflect-the,4,2,6,0.3333333333333333
their-year,3,1,4,0.25
in-up,42,68,110,0.6181818181818182
down-fight,1,1,2,0.5
allegiance-city.,1,1,2,0.5
iranian-obama,2,1,3,0.3333333333333333
made-we,2,1,3,0.3333333333333333
just-order,3,1,4,0.25
it-yourself,5,2,7,0.2857142857142857
beat-building,1,1,2,0.5
battle-destroyed,8,1,9,0.1111111111111111
boat-reaû_,3,1,4,0.25
degree-to,1,5,6,0.8333333333333334
at-isn't,1,1,2,0.5
this-to,95,47,142,0.33098591549295775
do-for,11,4,15,0.26666666666666666
omg-though,1,1,2,0.5
offroad-reû_,6,1,7,0.14285714285714285
at-sure,1,2,3,0.6666666666666666
flush-to,1,1,2,0.5
curfew-i,6,1,7,0.14285714285714285
i-p.o.p.e.,1,1,2,0.5
2.1a-6+,1,1,2,0.5
should-tragedy,1,1,2,0.5
**trfc-south,1,2,3,0.6666666666666666
his-is,16,7,23,0.30434782608695654
check-i,8,1,9,0.1111111111111111
fedex-shipping,1,3,4,0.75
been-police,1,1,2,0.5
show-storm,4,4,8,0.5
material-nema,2,2,4,0.5
can-reshapes,1,1,2,0.5
a-worker,1,2,3,0.6666666666666666
can-school,1,1,2,0.5
#ban-slip,1,2,3,0.6666666666666666
fall-to,17,2,19,0.10526315789473684
exploration-in,1,4,5,0.8
--north,2,1,3,0.3333333333333333
a-cup,2,1,3,0.3333333333333333
a-mineral's,2,2,4,0.5
fruit-to,1,1,2,0.5
&amp;-no,6,8,14,0.5714285714285714
are-much,2,1,3,0.3333333333333333
could-until,1,1,2,0.5
after-start,1,2,3,0.6666666666666666
for-target,1,3,4,0.75
be-leave,2,3,5,0.6
never-no,3,1,4,0.25
beautiful-i,1,1,2,0.5
isn't-the,6,11,17,0.6470588235294118
a-gonna,11,5,16,0.3125
4-plan,2,1,3,0.3333333333333333
because-let,2,1,3,0.3333333333333333
rid-to,1,1,2,0.5
and-stuff,2,1,3,0.3333333333333333
thanks-u,2,1,3,0.3333333333333333
--e,2,3,5,0.6
know-should,1,1,2,0.5
of-sanctioned,2,1,3,0.3333333333333333
fan-need,1,1,2,0.5
of-rock,4,4,8,0.5
mohammed-terrorist,1,1,2,0.5
snowstorm-stranded,1,2,3,0.6666666666666666
out-rise,7,1,8,0.125
a-demolished,3,7,10,0.7
'save-giving,4,2,6,0.3333333333333333
#strategicpatience-.potus,1,4,5,0.8
to-town,3,4,7,0.5714285714285714
stretcher-the,4,2,6,0.3333333333333333
mass-to,11,15,26,0.5769230769230769
denali-population,1,1,2,0.5
a-at,91,110,201,0.5472636815920398
that-train,1,6,7,0.8571428571428571
with-won't,3,1,4,0.25
city-from,1,5,6,0.8333333333333334
be-may,14,3,17,0.17647058823529413
bush-that,1,2,3,0.6666666666666666
i-their,6,2,8,0.25
my-real,1,1,2,0.5
fog-light,6,1,7,0.14285714285714285
twister-video,1,1,2,0.5
it.-with,3,2,5,0.4
why-with,4,3,7,0.42857142857142855
like-or,24,2,26,0.07692307692307693
day-no,1,3,4,0.75
but-we're,2,1,3,0.3333333333333333
paper-the,1,1,2,0.5
are-driving,2,1,3,0.3333333333333333
don't-in,32,15,47,0.3191489361702128
do-reason,3,1,4,0.25
saw-you,7,2,9,0.2222222222222222
his-owner,2,1,3,0.3333333333333333
human-self,1,1,2,0.5
rainstorm-the,9,4,13,0.3076923076923077
associated-cladding,2,1,3,0.3333333333333333
hearing-public,1,1,2,0.5
road-they,1,2,3,0.6666666666666666
history-our,2,1,3,0.3333333333333333
kingdom-the,1,1,2,0.5
brutally-to,1,1,2,0.5
2015]-sound,12,5,17,0.29411764705882354
no-that,23,6,29,0.20689655172413793
and...-pdp:,1,1,2,0.5
did-still,2,4,6,0.6666666666666666
for-there,15,3,18,0.16666666666666666
be-guy,4,1,5,0.2
saved-the,1,3,4,0.75
iranian-say,1,2,3,0.6666666666666666
langley-township,1,3,4,0.75
damn-from,1,1,2,0.5
#hot-land,1,7,8,0.875
show-the,20,6,26,0.23076923076923078
and...-jonathan,2,1,3,0.3333333333333333
shit-wanna,1,1,2,0.5
a-estate,2,2,4,0.5
dude-is,1,2,3,0.6666666666666666
here-thing,1,1,2,0.5
i.e.-madinah.,4,2,6,0.3333333333333333
evacuated-from,1,3,4,0.75
child-wife,4,2,6,0.3333333333333333
effect-the,10,8,18,0.4444444444444444
high-what,1,1,2,0.5
hazardous-how,1,2,3,0.6666666666666666
for-saw,2,1,3,0.3333333333333333
curved-offroad,6,1,7,0.14285714285714285
a-knee,1,1,2,0.5
about-meek.,1,1,2,0.5
all-office,1,1,2,0.5
flying-nearly,1,1,2,0.5
fall-hope,4,1,5,0.2
a-humans!,1,1,2,0.5
is-told,3,6,9,0.6666666666666666
?-not,1,1,2,0.5
family-fire,1,4,5,0.8
4wd-boat,5,1,6,0.16666666666666666
ocean-or,2,1,3,0.3333333333333333
be-i'm,14,1,15,0.06666666666666667
and-avoid,4,1,5,0.2
and-who,17,34,51,0.6666666666666666
are-care,2,3,5,0.6
electrocute-that,3,1,4,0.25
and-might,3,2,5,0.4
for-more,7,13,20,0.65
for-much,8,3,11,0.2727272727272727
building-in,5,35,40,0.875
isn't-your,1,1,2,0.5
in-ny,1,1,2,0.5
a-piece,4,11,15,0.7333333333333333
http://t.co/0wratka2jl-vote:,2,1,3,0.3333333333333333
china-of,3,3,6,0.5
meeting-on,1,2,3,0.6666666666666666
all-look,5,1,6,0.16666666666666666
ii-in,2,1,3,0.3333333333333333
&amp;-also,5,1,6,0.16666666666666666
in-suspected,1,5,6,0.8333333333333334
and-tomorrow!,1,1,2,0.5
on-weapon,2,6,8,0.75
burning-read,1,1,2,0.5
food-will,1,1,2,0.5
--medium,1,3,4,0.75
and-you're,18,1,19,0.05263157894736842
dog-is,4,2,6,0.3333333333333333
@starbucks-the,1,1,2,0.5
crash:-there,10,6,16,0.375
mass-up,1,3,4,0.75
break-i'm,1,1,2,0.5
girl-me,2,1,3,0.3333333333333333
for-freak,1,1,2,0.5
of-watch,5,10,15,0.6666666666666666
of-photo,2,1,3,0.3333333333333333
for-say,7,4,11,0.36363636363636365
desolation-in,8,1,9,0.1111111111111111
thx-your,1,2,3,0.6666666666666666
nc-on,1,5,6,0.8333333333333334
you-you.,6,2,8,0.25
kill-|,9,3,12,0.25
i'll-it,6,2,8,0.25
the-those,12,43,55,0.7818181818181819
natural-people,1,1,2,0.5
sound-think,1,1,2,0.5
my-wreck,6,1,7,0.14285714285714285
emergency-service,18,11,29,0.3793103448275862
rule-structural,1,3,4,0.75
every-make,1,1,2,0.5
gonna-i'm,9,1,10,0.1
cruz-ted,5,1,6,0.16666666666666666
everyday-for,1,1,2,0.5
50-of,1,2,3,0.6666666666666666
to-train,9,24,33,0.7272727272727273
#art-#southdowns,1,1,2,0.5
oak-on,1,1,2,0.5
if-mass-murderer,1,1,2,0.5
right-what,4,1,5,0.2
a-driver,2,7,9,0.7777777777777778
block-police,1,1,2,0.5
ago-my,2,1,3,0.3333333333333333
transport-wake,5,12,17,0.7058823529411765
early-to,1,4,5,0.8
siren-to,15,6,21,0.2857142857142857
a-trial,1,1,2,0.5
act-his,2,1,3,0.3333333333333333
face-seen,1,1,2,0.5
money-to,11,4,15,0.26666666666666666
a-here,9,8,17,0.47058823529411764
of-rule,1,1,2,0.5
angry-film,1,4,5,0.8
in-speaking,1,1,2,0.5
at-end,3,2,5,0.4
effect-policy,15,2,17,0.11764705882352941
couple-with,1,1,2,0.5
#thanku-godslove,2,1,3,0.3333333333333333
making-really,1,1,2,0.5
blaze-from,1,2,3,0.6666666666666666
lovely-the,2,1,3,0.3333333333333333
#forever-in,2,1,3,0.3333333333333333
don't-miss,3,1,4,0.25
be-casualty,1,4,5,0.8
to-year.,3,1,4,0.25
dies..is-go,1,1,2,0.5
#forever-describes,2,1,3,0.3333333333333333
die!please-voice,1,1,2,0.5
http://t.co/bbdpnj8xsx-it,2,1,3,0.3333333333333333
and-now.,1,6,7,0.8571428571428571
of-price,2,4,6,0.6666666666666666
arsonist-of,3,1,4,0.25
in-we,37,20,57,0.3508771929824561
america'-ted,1,1,2,0.5
belief-to,2,1,3,0.3333333333333333
all-weather,1,1,2,0.5
ground-one,2,1,3,0.3333333333333333
the-video),1,1,2,0.5
see-u,2,1,3,0.3333333333333333
fatality-investigating,1,1,2,0.5
entire-in,3,3,6,0.5
dead-this,1,5,6,0.8333333333333334
jenner-kendall,1,1,2,0.5
phone-youûªve,4,3,7,0.42857142857142855
a-now!,2,1,3,0.3333333333333333
fire-see,1,2,3,0.6666666666666666
ask-to,3,1,4,0.25
a-picking,3,4,7,0.5714285714285714
burning-have,2,2,4,0.5
do-even,3,1,4,0.25
autobiography-j.,1,1,2,0.5
...-to,16,22,38,0.5789473684210527
(detonation)-standard,7,2,9,0.2222222222222222
bc-when,1,1,2,0.5
dies..is-lovely,1,1,2,0.5
had-we,4,7,11,0.6363636363636364
do-know,9,6,15,0.4
pool-to,2,1,3,0.3333333333333333
realise-while,4,3,7,0.42857142857142855
chance-of,5,8,13,0.6153846153846154
at-drowned,2,3,5,0.6
for-history,1,1,2,0.5
to-tribal,4,2,6,0.3333333333333333
18w-boat,3,1,4,0.25
is-that,99,42,141,0.2978723404255319
run-the,12,10,22,0.45454545454545453
not-rain.,1,1,2,0.5
at-rt,1,5,6,0.8333333333333334
coming-video,2,2,4,0.5
probably-some,1,1,2,0.5
30-a,3,3,6,0.5
&amp;-gm!,5,1,6,0.16666666666666666
how-talk,1,1,2,0.5
conference-international,5,1,6,0.16666666666666666
fifth-of,2,1,3,0.3333333333333333
and-live,10,4,14,0.2857142857142857
at-group,1,3,4,0.75
blow-your,1,1,2,0.5
??????-body,1,1,2,0.5
associated-external,2,1,3,0.3333333333333333
did-from,4,1,5,0.2
fucking-not,5,2,7,0.2857142857142857
know-started,1,1,2,0.5
2015-open,1,1,2,0.5
landslide-on,1,5,6,0.8333333333333334
accident-this,1,2,3,0.6666666666666666
at-within,1,1,2,0.5
&amp;-building,2,6,8,0.75
for-free,4,1,5,0.2
demolished-they,2,1,3,0.3333333333333333
--run,3,2,5,0.4
a-she,22,10,32,0.3125
finally-wa,5,1,6,0.16666666666666666
support-when,1,1,2,0.5
best-of,8,4,12,0.3333333333333333
row-the,2,1,3,0.3333333333333333
an-man,3,1,4,0.25
collide-into,1,2,3,0.6666666666666666
a-record,2,3,5,0.6
head-up,3,1,4,0.25
no-to,53,32,85,0.3764705882352941
found-he,2,2,4,0.5
in-tribal,5,2,7,0.2857142857142857
in-summer,8,8,16,0.5
adult-all,1,1,2,0.5
some-who,1,2,3,0.6666666666666666
a-large,1,2,3,0.6666666666666666
reason-this,1,2,3,0.6666666666666666
feeling-it,4,3,7,0.42857142857142855
and-at,58,56,114,0.49122807017543857
and-what,22,9,31,0.2903225806451613
naved-terrorist,1,3,4,0.75
#jonathanferrell-bicep.,1,1,2,0.5
bus-of,1,7,8,0.875
deluge-on,4,1,5,0.2
iran-modified,1,10,11,0.9090909090909091
electrocuted-is,2,2,4,0.5
with-work,6,1,7,0.14285714285714285
all-show,2,2,4,0.5
--...,10,39,49,0.7959183673469388
15-at,2,8,10,0.8
body-this,5,2,7,0.2857142857142857
&amp;-every,1,1,2,0.5
an-arsonist,2,1,3,0.3333333333333333
the-word,9,10,19,0.5263157894736842
blessing-enemy,5,1,6,0.16666666666666666
by-demolished,2,2,4,0.5
during-the,9,17,26,0.6538461538461539
my-soon,1,1,2,0.5
flood-i,8,2,10,0.2
deluge-i,7,1,8,0.125
is-straight,1,1,2,0.5
panic-there,1,1,2,0.5
of-stuck,1,1,2,0.5
a-wonder,2,3,5,0.6
a-storm.,3,3,6,0.5
derailed-in,3,3,6,0.5
annihilation-human,1,1,2,0.5
fire-gonna,1,1,2,0.5
a-track,2,3,5,0.6
grill-to,7,1,8,0.125
at-security,2,2,4,0.5
emergency-reinstate,1,1,2,0.5
make-need,1,1,2,0.5
a-collide,3,1,4,0.25
good-my,6,1,7,0.14285714285714285
half-in,6,7,13,0.5384615384615384
after-year,6,26,32,0.8125
bagging-dude,1,1,2,0.5
another-what,3,1,4,0.25
2-so,3,2,5,0.4
and-huge,5,2,7,0.2857142857142857
full-lamp,9,2,11,0.18181818181818182
utterly-wa,1,2,3,0.6666666666666666
month-this,1,1,2,0.5
nigerian-refugee,1,11,12,0.9166666666666666
emergency-warning,1,2,3,0.6666666666666666
and-bring,3,1,4,0.25
targeting-ûò,2,1,3,0.3333333333333333
in-she,10,5,15,0.3333333333333333
i-place.,2,1,3,0.3333333333333333
#ashes--,2,2,4,0.5
7-fleet,1,1,2,0.5
tree-your,2,2,4,0.5
daily-it's,1,1,2,0.5
how-me,7,1,8,0.125
300w-4x4,6,1,7,0.14285714285714285
hughes-san,1,1,2,0.5
most-of,15,17,32,0.53125
going-working,1,1,2,0.5
#bbc-#truth,3,4,7,0.5714285714285714
can-forest,2,2,4,0.5
black-full,3,1,4,0.25
accident-omg,3,1,4,0.25
note-on,1,1,2,0.5
for-red,1,2,3,0.6666666666666666
could-really,3,1,4,0.25
brutally-go,1,1,2,0.5
go-via,3,1,4,0.25
are-summer,4,1,5,0.2
is-vest,2,1,3,0.3333333333333333
bomb-it,1,2,3,0.6666666666666666
daughter-into,1,1,2,0.5
down-three,1,2,3,0.6666666666666666
lost-people,1,1,2,0.5
comment-to,9,4,13,0.3076923076923077
die!please-rt,1,1,2,0.5
always-u,2,2,4,0.5
11-in,1,7,8,0.875
ice-in,1,1,2,0.5
the-war,15,51,66,0.7727272727272727
major-the,1,11,12,0.9166666666666666
level-with,3,1,4,0.25
@rexyy-@towel,3,1,4,0.25
come-wanna,2,1,3,0.3333333333333333
&amp;-we're,2,3,5,0.6
fire-should,4,2,6,0.3333333333333333
even-i'm,2,1,3,0.3333333333333333
level-to,8,2,10,0.2
playing-storm,1,1,2,0.5
all-what,1,3,4,0.75
of-talk,2,1,3,0.3333333333333333
1980-rescue,1,8,9,0.8888888888888888
fail-the,1,1,2,0.5
famine-food,1,4,5,0.8
is-suit,2,1,3,0.3333333333333333
from-time,4,4,8,0.5
the-took,8,7,15,0.4666666666666667
an-outside,2,3,5,0.6
i-once,5,1,6,0.16666666666666666
fell-on,3,1,4,0.25
the-worst,9,4,13,0.3076923076923077
new-you,6,1,7,0.14285714285714285
set-this,1,2,3,0.6666666666666666
hiroshima-that,1,5,6,0.8333333333333334
high-you,2,1,3,0.3333333333333333
challenge-to,2,3,5,0.6
australiaûªs-history:,1,1,2,0.5
hit-investigating,1,1,2,0.5
feel-my,11,3,14,0.21428571428571427
in-started,5,2,7,0.2857142857142857
i-nice,3,1,4,0.25
fire-of,16,51,67,0.7611940298507462
into-run,3,4,7,0.5714285714285714
just-show,1,1,2,0.5
he-what,7,2,9,0.2222222222222222
'it's-the,3,12,15,0.8
child-pregnant,2,1,3,0.3333333333333333
first-more,3,2,5,0.4
#handbag-cross,7,1,8,0.125
her-hot,4,1,5,0.2
find-up,2,1,3,0.3333333333333333
got-now,3,1,4,0.25
i'm-sorry,5,1,6,0.16666666666666666
be-life,5,2,7,0.2857142857142857
how-in,22,21,43,0.4883720930232558
be-concerned,1,1,2,0.5
how-upheaval,3,1,4,0.25
certain-stop,1,1,2,0.5
drinking-i,1,1,2,0.5
few-year,1,1,2,0.5
jonathan-on,1,1,2,0.5
don't-give,3,1,4,0.25
bet-that,1,1,2,0.5
cause-in,3,22,25,0.88
really-someone,1,1,2,0.5
:-crash:,2,2,4,0.5
and-deadly,1,1,2,0.5
safe-this,1,1,2,0.5
traffic-up,2,1,3,0.3333333333333333
even-know,2,1,3,0.3333333333333333
be-whole,2,2,4,0.5
film-trafford,1,4,5,0.8
collapse-financial,2,4,6,0.6666666666666666
and-drop,1,3,4,0.75
rainstorm-to,3,1,4,0.25
if-suit,1,1,2,0.5
sick-you,3,1,4,0.25
out-yours,7,1,8,0.125
suicide-will,1,1,2,0.5
ha-last,5,1,6,0.16666666666666666
by-rioting,1,3,4,0.75
back-traditional,1,1,2,0.5
in-zone,4,5,9,0.5555555555555556
around-don't,2,1,3,0.3333333333333333
annihilated-the,11,7,18,0.3888888888888889
nuclear-weapon,2,7,9,0.7777777777777778
#hot-into,4,1,5,0.2
for-info,3,4,7,0.5714285714285714
missing-you,1,1,2,0.5
a-almost,7,4,11,0.36363636363636365
desolation.-some,1,1,2,0.5
bag-shoulder,37,1,38,0.02631578947368421
a-bought,1,2,3,0.6666666666666666
is-time,20,8,28,0.2857142857142857
go-reactor,2,1,3,0.3333333333333333
just-news!,13,3,16,0.1875
3g-it,4,3,7,0.42857142857142855
change-seek,8,3,11,0.2727272727272727
blessing-flood,5,1,6,0.16666666666666666
live:-of,1,1,2,0.5
a-seems,2,4,6,0.6666666666666666
and-people,27,26,53,0.49056603773584906
area-to,3,9,12,0.75
because-were,1,2,3,0.6666666666666666
gonna-on,2,2,4,0.5
let-the,27,3,30,0.1
twister-your,1,2,3,0.6666666666666666
money-what,1,1,2,0.5
be-hi,1,1,2,0.5
i'm-now.,3,1,4,0.25
drowning-on,1,1,2,0.5
after-trying,2,1,3,0.3333333333333333
around-the,17,10,27,0.37037037037037035
is-tried.,2,1,3,0.3333333333333333
be-firey,1,1,2,0.5
to-white,5,2,7,0.2857142857142857
need-world,1,1,2,0.5
him-than,1,1,2,0.5
apocalypse-the,15,9,24,0.375
blessing-of,7,1,8,0.125
on-word,1,7,8,0.875
destroyed-wa,1,1,2,0.5
do-gonna,2,5,7,0.7142857142857143
exit-inner,1,4,5,0.8
bloody-to,8,2,10,0.2
causing-this,1,2,3,0.6666666666666666
so-to,105,29,134,0.21641791044776118
actually-in,3,3,6,0.5
a-hit,19,17,36,0.4722222222222222
and-thunder,7,11,18,0.6111111111111112
&amp;-petition!take,2,2,4,0.5
and-plaguing,2,1,3,0.3333333333333333
a-row,5,1,6,0.16666666666666666
?-this,4,2,6,0.3333333333333333
this-you're,5,1,6,0.16666666666666666
[black-to,12,5,17,0.29411764705882354
cup-in,2,2,4,0.5
arrested-at,1,2,3,0.6666666666666666
fix-to,3,1,4,0.25
than-the,20,42,62,0.6774193548387096
and-w/,3,1,4,0.25
apc-first,2,1,3,0.3333333333333333
mom-my,12,1,13,0.07692307692307693
mountaineering-watch,2,1,3,0.3333333333333333
surprised-this,1,1,2,0.5
is-sure,7,2,9,0.2222222222222222
support-your,4,1,5,0.2
hospital-to,4,4,8,0.5
setting-work,1,1,2,0.5
let's-take,1,1,2,0.5
friend-http://t.co/9nwajli9cr,1,1,2,0.5
fire'-of,3,2,5,0.4
paper-to,2,1,3,0.3333333333333333
abused+desolate&amp;lost-mum,1,1,2,0.5
heart-just,3,2,5,0.4
but-look,2,3,5,0.6
#isis-#truth,3,4,7,0.5714285714285714
accident-at,2,8,10,0.8
bayelsa-poll:,6,2,8,0.25
taking-their,1,1,2,0.5
8-the,6,6,12,0.5
everything-to,10,1,11,0.09090909090909091
engulfed-tribal,4,2,6,0.3333333333333333
new-post,2,2,4,0.5
http://t.co/xssgedsbh4-now,1,1,2,0.5
#hellfire-#reflect,2,1,3,0.3333333333333333
an-collide,1,1,2,0.5
he-him,8,5,13,0.38461538461538464
fifth-harm/kid,2,1,3,0.3333333333333333
source-we,1,1,2,0.5
openly-stealing,2,1,3,0.3333333333333333
@change-forest:,5,3,8,0.375
#southdowns-new,1,1,2,0.5
not-since,1,1,2,0.5
--family,4,4,8,0.5
live-of,4,13,17,0.7647058823529411
petition!take-rt,1,1,2,0.5
another-so,1,1,2,0.5
brisk-burned,1,1,2,0.5
is-open,2,2,4,0.5
have-hell,1,1,2,0.5
devastation-get,1,1,2,0.5
red-light-running,1,3,4,0.75
#afterlife-is,4,1,5,0.2
had-minute,1,2,3,0.6666666666666666
and-he,37,16,53,0.3018867924528302
ben-i,2,1,3,0.3333333333333333
@youtube-festival,1,1,2,0.5
but-their,4,6,10,0.6
?-how,1,1,2,0.5
sure-the,16,4,20,0.2
long-that,2,1,3,0.3333333333333333
got-work.,3,1,4,0.25
is-mass,4,4,8,0.5
--off,2,1,3,0.3333333333333333
detonation-the,3,4,7,0.5714285714285714
i-left,10,2,12,0.16666666666666666
an-near,1,3,4,0.75
hostage-the,5,17,22,0.7727272727272727
anger-over,2,1,3,0.3333333333333333
direction-this,1,2,3,0.6666666666666666
am-but,6,3,9,0.3333333333333333
approves-v...,1,1,2,0.5
#nuclear-this,1,1,2,0.5
same-time,3,1,4,0.25
bang-what,15,3,18,0.16666666666666666
sadly-the,2,4,6,0.6666666666666666
eye-need,1,1,2,0.5
being-see,1,1,2,0.5
and-rescue,5,11,16,0.6875
ambulance-you,3,2,5,0.4
annihilation-u.s,5,3,8,0.375
army-my,17,1,18,0.05555555555555555
ass.-in,14,3,17,0.17647058823529413
minute-the,3,2,5,0.4
not-seen,1,1,2,0.5
and-cake,8,1,9,0.1111111111111111
&amp;-rightways:,1,1,2,0.5
covered-naved,1,1,2,0.5
destruction-from,3,1,4,0.25
cross-tote,16,1,17,0.058823529411764705
an-by,5,6,11,0.5454545454545454
fifth-we're,2,1,3,0.3333333333333333
is-place.,1,1,2,0.5
what-wrong,4,1,5,0.2
&amp;-gay,2,1,3,0.3333333333333333
displaced-strategy,1,4,5,0.8
but-it,56,19,75,0.25333333333333335
and-became,1,2,3,0.6666666666666666
blood-there,1,1,2,0.5
from-on,16,37,53,0.6981132075471698
diamond-on,2,1,3,0.3333333333333333
in-you,139,35,174,0.20114942528735633
fire-last,1,2,3,0.6666666666666666
control-the,2,12,14,0.8571428571428571
it-must,1,1,2,0.5
5-6+,2,2,4,0.5
at-moment,1,1,2,0.5
that-they'll,2,1,3,0.3333333333333333
chief's-hunter,1,3,4,0.75
fire-not,4,3,7,0.42857142857142855
buffer-emergency,1,1,2,0.5
any-ha,1,1,2,0.5
are-home,1,2,3,0.6666666666666666
for-set,7,2,9,0.2222222222222222
mr.-the,1,2,3,0.6666666666666666
--hail,2,1,3,0.3333333333333333
bomb.-the,1,5,6,0.8333333333333334
before-to,6,6,12,0.5
fatality-vega,1,1,2,0.5
landslide-you're,1,1,2,0.5
supposed-you,2,1,3,0.3333333333333333
@-road,1,4,5,0.8
be-is,39,26,65,0.4
after-loss,1,2,3,0.6666666666666666
direction-in,1,1,2,0.5
cook-obliterated,3,1,4,0.25
a-river,6,5,11,0.45454545454545453
hellfire!-to,6,2,8,0.25
appears-i,13,3,16,0.1875
been-i've,21,2,23,0.08695652173913043
connector-for,1,1,2,0.5
against-on,1,4,5,0.8
humans!-reward,1,1,2,0.5
more-there,7,3,10,0.3
forced-to,1,7,8,0.875
final-on,2,2,4,0.5
godslove-rt,2,1,3,0.3333333333333333
by-ebay,16,1,17,0.058823529411764705
pay'-stand,8,1,9,0.1111111111111111
sarah-targeting,2,1,3,0.3333333333333333
good-wa,1,4,5,0.8
an-riot,2,1,3,0.3333333333333333
and-injuries.,2,1,3,0.3333333333333333
had-it,13,11,24,0.4583333333333333
home-way,1,2,3,0.6666666666666666
after-on,10,15,25,0.6
of-tent,1,1,2,0.5
3g-youûªve,4,3,7,0.42857142857142855
by-what,7,4,11,0.36363636363636365
for-getting,6,2,8,0.25
come-with,7,2,9,0.2222222222222222
from-using,1,1,2,0.5
be-giving,4,2,6,0.3333333333333333
down-no,2,1,3,0.3333333333333333
for-worst,1,1,2,0.5
@gerenciatodos-å¨,2,1,3,0.3333333333333333
these-we,1,1,2,0.5
it-we,25,11,36,0.3055555555555556
already-wa,2,2,4,0.5
all-|,4,4,8,0.5
i-this?,1,2,3,0.6666666666666666
hurricane-up,1,1,2,0.5
fire-used,1,4,5,0.8
a-assistance,1,3,4,0.75
&amp;-you.,2,1,3,0.3333333333333333
family-his,1,1,2,0.5
??-pandemonium,1,1,2,0.5
high-with,1,2,3,0.6666666666666666
#preparedness-ultimate,2,2,4,0.5
boy-scout,1,1,2,0.5
metro-the,2,3,5,0.6
enemy-gm!,5,1,6,0.16666666666666666
or-vote,1,1,2,0.5
rescued-water,1,1,2,0.5
at-order,1,8,9,0.8888888888888888
low-quiz:,9,2,11,0.18181818181818182
fear-of,20,11,31,0.3548387096774194
[black-sound,12,5,17,0.29411764705882354
with-would,8,2,10,0.2
cyclone-new,2,1,3,0.3333333333333333
of-there's,5,3,8,0.375
&amp;-shooter,1,1,2,0.5
)-in,1,1,2,0.5
been-to,25,11,36,0.3055555555555556
a-only,23,11,34,0.3235294117647059
safe-the,1,2,3,0.6666666666666666
god-power,1,1,2,0.5
check-my,10,1,11,0.09090909090909091
collided-of,5,3,8,0.375
up-w,1,1,2,0.5
all-drive,1,1,2,0.5
i-kid,16,1,17,0.058823529411764705
coming-on,4,3,7,0.42857142857142855
is-wreck,2,1,3,0.3333333333333333
before-hit,1,5,6,0.8333333333333334
it-trapped,1,1,2,0.5
bb4sp-minority,2,1,3,0.3333333333333333
and-linkury,5,2,7,0.2857142857142857
i-usually,4,1,5,0.2
every-the,18,13,31,0.41935483870967744
(vine-by,3,2,5,0.4
bush-so,1,3,4,0.75
and-suffering,2,1,3,0.3333333333333333
#michelebachman-but,1,1,2,0.5
almost-be,1,1,2,0.5
am-have,3,2,5,0.4
bought-it's,1,1,2,0.5
im-like,3,2,5,0.4
hit-some,1,2,3,0.6666666666666666
any-prepare,2,2,4,0.5
american-an,1,1,2,0.5
:-crater,2,1,3,0.3333333333333333
a-mod,5,2,7,0.2857142857142857
bed-me,2,1,3,0.3333333333333333
minute-when,1,1,2,0.5
listen-playing,2,1,3,0.3333333333333333
make-now,2,2,4,0.5
short-the,9,6,15,0.4
a-angry,4,1,5,0.2
some-would,2,1,3,0.3333333333333333
colour-or,8,1,9,0.1111111111111111
last-old,1,2,3,0.6666666666666666
change-to,21,4,25,0.16
dust-my,4,2,6,0.3333333333333333
of-tragedy,4,14,18,0.7777777777777778
abused+desolate&amp;lost-lovely,1,1,2,0.5
already-he's,1,1,2,0.5
@rightwaystan-failure:,1,1,2,0.5
ever-we,1,1,2,0.5
at-taking,2,4,6,0.6666666666666666
--fire,13,30,43,0.6976744186046512
how-insight,1,1,2,0.5
(temporary:300)-kill,3,1,4,0.25
accept-obliterated,1,1,2,0.5
&amp;-blue,2,3,5,0.6
#hellfire-a,2,1,3,0.3333333333333333
activated-wipp,1,1,2,0.5
#rickperry-make,1,2,3,0.6666666666666666
#freespeech-#reddit,1,1,2,0.5
pitch-to,2,2,4,0.5
an-another,1,1,2,0.5
are-emergency,3,5,8,0.625
for-strike,1,1,2,0.5
man-take,1,1,2,0.5
day-hostage,2,2,4,0.5
ornament-wreck,2,2,4,0.5
apocalypse-back,2,1,3,0.3333333333333333
for-wave,1,2,3,0.6666666666666666
#ashes-australia,1,1,2,0.5
the-trent,1,5,6,0.8333333333333334
family-to,10,64,74,0.8648648648648649
climate-the,9,5,14,0.35714285714285715
disaster-most,1,1,2,0.5
#womens-hobo,5,1,6,0.16666666666666666
islam-to,1,1,2,0.5
'first'-the,1,1,2,0.5
and-probably,7,1,8,0.125
a-sound,28,12,40,0.3
alarm-odeon,1,1,2,0.5
and-hero,3,1,4,0.25
meme-the,12,2,14,0.14285714285714285
a-killed,2,28,30,0.9333333333333333
and-late,5,1,6,0.16666666666666666
seat-with,1,1,2,0.5
been-it's,11,7,18,0.3888888888888889
ambulance-of,4,2,6,0.3333333333333333
#globalwarming!!-soon,1,1,2,0.5
more-police,1,2,3,0.6666666666666666
seek-the,7,1,8,0.125
don't-himself,1,1,2,0.5
rt-this,4,2,6,0.3333333333333333
been-very,3,1,4,0.25
california:-m,2,5,7,0.7142857142857143
burning-pledge,1,1,2,0.5
drown-the,11,1,12,0.08333333333333333
bundled-for,1,1,2,0.5
but-can't,8,1,9,0.1111111111111111
so-stay,2,1,3,0.3333333333333333
got-hot,2,1,3,0.3333333333333333
ball-you,2,2,4,0.5
let's-our,1,2,3,0.6666666666666666
nuclear-reactor,10,14,24,0.5833333333333334
catastrophic-what,1,1,2,0.5
curved-fog,6,1,7,0.14285714285714285
after-officer,3,17,20,0.85
little-one,1,2,3,0.6666666666666666
and-daily,3,1,4,0.25
don't-like,16,4,20,0.2
it-new,12,3,15,0.2
stress-that,2,1,3,0.3333333333333333
is-likely,1,2,3,0.6666666666666666
even-great,1,1,2,0.5
to-wa,67,64,131,0.48854961832061067
they-time,4,2,6,0.3333333333333333
get-new,3,1,4,0.25
2-japan,3,1,4,0.25
building-never,1,1,2,0.5
fast-|,9,3,12,0.25
death-her,7,2,9,0.2222222222222222
caught-time,1,3,4,0.75
a-blue,6,3,9,0.3333333333333333
i-till,4,1,5,0.2
after-ferguson's,2,1,3,0.3333333333333333
above-to,2,1,3,0.3333333333333333
at-said,2,2,4,0.5
infamous-notexplained:,1,1,2,0.5
survive-to,11,4,15,0.26666666666666666
cliff-with,1,1,2,0.5
in-negative,1,1,2,0.5
detonate-the,2,1,3,0.3333333333333333
area.-is,2,3,5,0.6
money-waste,1,1,2,0.5
no-road,1,1,2,0.5
around-is,2,2,4,0.5
charging-of,1,2,3,0.6666666666666666
killed-wa,1,5,6,0.8333333333333334
least-that,2,3,5,0.6
brutally-it,1,1,2,0.5
60-out,1,1,2,0.5
can't-the,24,11,35,0.3142857142857143
in-share,3,1,4,0.25
#islam!-we,1,1,2,0.5
government-have,1,2,3,0.6666666666666666
calm-so,2,1,3,0.3333333333333333
&amp;-hair,2,1,3,0.3333333333333333
tried.-unavoidable,2,1,3,0.3333333333333333
don't-than,1,1,2,0.5
like-them,4,4,8,0.5
phoenix-to,1,2,3,0.6666666666666666
a-iran,6,12,18,0.6666666666666666
--potential,1,1,2,0.5
pathogen-research,1,1,2,0.5
but-them,6,2,8,0.25
action-at,4,5,9,0.5555555555555556
he-life,5,2,7,0.2857142857142857
and...-apocalypse,1,1,2,0.5
bayelsa-hijack,6,9,15,0.6
am-wa,2,1,3,0.3333333333333333
blessing-the,10,2,12,0.16666666666666666
derail-he,5,1,6,0.16666666666666666
now!-|,2,1,3,0.3333333333333333
refugee-wedding,4,1,5,0.2
it-ready,1,1,2,0.5
opposite-terrorism!,1,1,2,0.5
averted:-disaster,1,2,3,0.6666666666666666
a-foot,3,1,4,0.25
a-state,15,21,36,0.5833333333333334
'the-it,4,1,5,0.2
another-it,3,2,5,0.4
collapse-story,3,2,5,0.4
vote:-we're,2,1,3,0.3333333333333333
do-no,5,1,6,0.16666666666666666
attacked-that,3,1,4,0.25
through-to,3,6,9,0.6666666666666666
#directioners-army,7,1,8,0.125
us-with,1,2,3,0.6666666666666666
for-fund,1,2,3,0.6666666666666666
for-injury,6,1,7,0.14285714285714285
bb4sp-obliterate,2,1,3,0.3333333333333333
@'armageddon-for,3,1,4,0.25
could-so,3,6,9,0.6666666666666666
seismic-the,4,2,6,0.3333333333333333
been-into,2,1,3,0.3333333333333333
or-rise,9,1,10,0.1
of-people,34,32,66,0.48484848484848486
anyone-else,4,1,5,0.2
know-someone,1,2,3,0.6666666666666666
1st-would,1,1,2,0.5
crash-on,2,9,11,0.8181818181818182
an-angel,1,1,2,0.5
get-that,23,3,26,0.11538461538461539
threat-to,3,3,6,0.5
apc-on,1,2,3,0.6666666666666666
support-we,1,1,2,0.5
help-your,3,1,4,0.25
and-august,6,5,11,0.45454545454545453
cousin-my,2,1,3,0.3333333333333333
--a,82,73,155,0.47096774193548385
here-some,1,4,5,0.8
better-is,7,1,8,0.125
danger-day,1,1,2,0.5
last-so,5,2,7,0.2857142857142857
to-woke,2,1,3,0.3333333333333333
it-prophet,4,2,6,0.3333333333333333
full-whistle,1,1,2,0.5
dog-they,1,1,2,0.5
brother-is,2,1,3,0.3333333333333333
5-in,15,7,22,0.3181818181818182
for-working,2,2,4,0.5
foot-to,4,1,5,0.2
#hampshire-#southdowns,1,1,2,0.5
a-video),3,1,4,0.25
ash-for,1,1,2,0.5
business-invoices.,6,1,7,0.14285714285714285
from-more,7,3,10,0.3
ha-only,2,2,4,0.5
but-he's,7,1,8,0.125
for-open,2,2,4,0.5
for-hijacker,4,9,13,0.6923076923076923
a-mudslide?,1,1,2,0.5
black-in,5,3,8,0.375
destroy-just,2,1,3,0.3333333333333333
and-others,1,7,8,0.875
only-said,1,3,4,0.75
fashionable-mountaineering,2,1,3,0.3333333333333333
&amp;-accident,2,1,3,0.3333333333333333
atomic-strike,1,1,2,0.5
--former,1,1,2,0.5
across-|,1,3,4,0.75
a-lie,2,3,5,0.6
excuse-with,2,1,3,0.3333333333333333
glad-i,4,2,6,0.3333333333333333
are-quiz:,9,2,11,0.18181818181818182
somalia-take,1,1,2,0.5
do-fast,4,1,5,0.2
exit-the,2,2,4,0.5
(peace-it,4,2,6,0.3333333333333333
in-term,1,1,2,0.5
on-than,6,13,19,0.6842105263157895
it's-we,2,1,3,0.3333333333333333
a-helping,1,1,2,0.5
just-tornado,1,2,3,0.6666666666666666
this-thunderstorm.,1,1,2,0.5
4-of,6,6,12,0.5
i-if,84,17,101,0.16831683168316833
remember-went,1,1,2,0.5
ago-this,4,3,7,0.42857142857142855
up-wanted,2,1,3,0.3333333333333333
crash:-gem,10,6,16,0.375
australiaûªs-england,1,1,2,0.5
mma-of,1,2,3,0.6666666666666666
all-humans!,1,1,2,0.5
a-vest,2,2,4,0.5
it-much,11,2,13,0.15384615384615385
*-calgary,2,1,3,0.3333333333333333
meeting-thursday,1,1,2,0.5
eye-space,8,2,10,0.2
have-rt,1,1,2,0.5
@youtube-a,67,11,78,0.14102564102564102
at-been,9,10,19,0.5263157894736842
be-wow,1,1,2,0.5
i-leaving,1,1,2,0.5
danger-take,1,1,2,0.5
tonto-u.s,5,3,8,0.375
desolation.-lizard,1,1,2,0.5
disaster-war,1,2,3,0.6666666666666666
take-won't,1,1,2,0.5
landslide-the,4,8,12,0.6666666666666666
like-u,13,4,17,0.23529411764705882
building-school,3,3,6,0.5
boat-for,3,12,15,0.8
go-up,5,3,8,0.375
fire.-one,1,1,2,0.5
app-the,2,4,6,0.6666666666666666
government-international,6,1,7,0.14285714285714285
forgot-to,2,1,3,0.3333333333333333
/-blvd,1,3,4,0.75
if-w/,1,1,2,0.5
fire-whole,1,1,2,0.5
blown-by,4,1,5,0.2
police-union,2,1,3,0.3333333333333333
for-tv,2,2,4,0.5
so-wa,28,8,36,0.2222222222222222
sinkhole-the,7,2,9,0.2222222222222222
back-thank,1,1,2,0.5
match-start,2,2,4,0.5
south-that,1,1,2,0.5
eyewitness-on,2,2,4,0.5
16-in,1,4,5,0.8
day-place,1,1,2,0.5
sick-the,7,5,12,0.4166666666666667
flood-spot,8,1,9,0.1111111111111111
many-u,1,1,2,0.5
last-surah,2,1,3,0.3333333333333333
my-shit,8,4,12,0.3333333333333333
have-you're,4,2,6,0.3333333333333333
about-more,4,3,7,0.42857142857142855
a-some,31,14,45,0.3111111111111111
die!please-we,1,1,2,0.5
head-on,13,3,16,0.1875
have-something,4,1,5,0.2
murder.-world,1,1,2,0.5
how-much,5,1,6,0.16666666666666666
(.90-psychiatric,1,1,2,0.5
and-kid,11,4,15,0.26666666666666666
&amp;-govt,3,1,4,0.25
damn-siren,1,3,4,0.75
member-to,1,1,2,0.5
ship-the,8,7,15,0.4666666666666667
country-there,2,2,4,0.5
#prophetmuhammad-which,4,2,6,0.3333333333333333
ha-real,2,1,3,0.3333333333333333
local-to,3,1,4,0.25
the-working,3,2,5,0.4
to-view,4,3,7,0.42857142857142855
ablaze-this,1,1,2,0.5
me-night,2,1,3,0.3333333333333333
movie-saw,1,1,2,0.5
??-now,6,2,8,0.25
bomb-got,1,2,3,0.6666666666666666
close-this,1,1,2,0.5
it-whipped,2,1,3,0.3333333333333333
all-or,5,2,7,0.2857142857142857
doing-ha,2,1,3,0.3333333333333333
of-planned,3,1,4,0.25
#???????-take,1,1,2,0.5
sun-want,1,1,2,0.5
--it,7,7,14,0.5
added-to,14,3,17,0.17647058823529413
sand-the,5,1,6,0.16666666666666666
make-sanctions.,1,2,3,0.6666666666666666
that-those,5,1,6,0.16666666666666666
here-thunder,1,2,3,0.6666666666666666
in-russia,1,4,5,0.8
18w-car,3,1,4,0.25
angry-odeon,1,4,5,0.8
cold-the,6,4,10,0.4
@www.cbplawyers-cladding,1,1,2,0.5
iran-on,1,2,3,0.6666666666666666
1/2-week,1,1,2,0.5
a-catastrophic,4,9,13,0.6923076923076923
#lgbt-of,4,1,5,0.2
giant-sms:087809233445,1,1,2,0.5
the-ûò,8,6,14,0.42857142857142855
for-storm,2,8,10,0.8
emergency-to,17,19,36,0.5277777777777778
flood-from,1,2,3,0.6666666666666666
going-if,9,1,10,0.1
burning-ûó,1,1,2,0.5
are-most,5,1,6,0.16666666666666666
beck/arnley-ignition,1,1,2,0.5
and-collection,1,1,2,0.5
annual-have,1,1,2,0.5
north-to,1,7,8,0.875
news:-the,2,1,3,0.3333333333333333
all-there,7,3,10,0.3
of-p,1,1,2,0.5
why-work,1,1,2,0.5
for-voice,2,1,3,0.3333333333333333
driving-while,1,1,2,0.5
beautiful-wa,1,1,2,0.5
been-your,11,8,19,0.42105263157894735
escape-the,2,1,3,0.3333333333333333
house-via,2,2,4,0.5
#emmerdale-emotional,1,1,2,0.5
could-when,1,1,2,0.5
couple-me,2,1,3,0.3333333333333333
been-some,2,1,3,0.3333333333333333
drop-the,1,1,2,0.5
and-flood,2,7,9,0.7777777777777778
airplane-on,1,16,17,0.9411764705882353
set-their,2,1,3,0.3333333333333333
he-keep,3,4,7,0.5714285714285714
stopped-to,6,1,7,0.14285714285714285
due-the,7,11,18,0.6111111111111112
house-u,1,1,2,0.5
in-islam,2,2,4,0.5
in.-my,1,1,2,0.5
above-i,1,1,2,0.5
#myfitnesspal-of,1,1,2,0.5
have-video,3,1,4,0.25
#lightning-in,2,1,3,0.3333333333333333
blown-the,8,1,9,0.1111111111111111
casualty-when,1,1,2,0.5
man-there,3,1,4,0.25
let-of,5,1,6,0.16666666666666666
my-text,7,2,9,0.2222222222222222
down-first,1,1,2,0.5
why-year,2,1,3,0.3333333333333333
#tree-snowstorm,1,1,2,0.5
a-like,158,64,222,0.2882882882882883
collided-greenway,1,1,2,0.5
a-tonight.,3,1,4,0.25
camping-with,1,1,2,0.5
it-people,14,4,18,0.2222222222222222
(ap)-ûó,1,3,4,0.75
etc-with,1,6,7,0.8571428571428571
crazy-with,1,1,2,0.5
around-me,2,1,3,0.3333333333333333
far-is,8,2,10,0.2
upheaval-year,3,3,6,0.5
inferno-will,1,1,2,0.5
on-you,64,17,81,0.20987654320987653
even-u,1,1,2,0.5
could-time,1,1,2,0.5
bloomberg-in,1,1,2,0.5
are-every,1,4,5,0.8
an-are,3,3,6,0.5
bus-hijacker,4,11,15,0.7333333333333333
isn't-right,1,1,2,0.5
and-his,29,8,37,0.21621621621621623
#terrorism-#truth,3,4,7,0.5714285714285714
on-street,3,9,12,0.75
colour-to,15,2,17,0.11764705882352941
collision-no-inj**,2,3,5,0.6
it-will,19,14,33,0.42424242424242425
demon-i,1,1,2,0.5
my-pandemonium,1,1,2,0.5
by-show,1,2,3,0.6666666666666666
harm/kid-picked!,2,1,3,0.3333333333333333
in-recovery,1,1,2,0.5
in-miner,15,6,21,0.2857142857142857
and-engulfed,5,3,8,0.375
that-which,1,4,5,0.8
like-said,3,1,4,0.25
for-lightning,2,3,5,0.6
??????-got,1,1,2,0.5
after-fire,3,12,15,0.8
believe-here,2,1,3,0.3333333333333333
down-we,2,1,3,0.3333333333333333
scene-world,2,1,3,0.3333333333333333
full-offroad,11,2,13,0.15384615384615385
cook-you're,3,1,4,0.25
in-utter,1,2,3,0.6666666666666666
flush-the,1,2,3,0.6666666666666666
act-|,2,2,4,0.5
hostage-rescue,1,11,12,0.9166666666666666
gotta-in,1,1,2,0.5
mom-to,7,2,9,0.2222222222222222
full-û_,2,2,4,0.5
do-guy,3,1,4,0.25
for-making,5,1,6,0.16666666666666666
http://t.co/xssgedsbh4-of,1,1,2,0.5
&lt;3-be,1,1,2,0.5
move-target,1,2,3,0.6666666666666666
by-devastated,1,1,2,0.5
along-on,1,3,4,0.75
#prebreak-go,4,1,5,0.2
@camilacabello97-screaming,1,1,2,0.5
hour-my,3,1,4,0.25
face-not,1,1,2,0.5
can-that,15,7,22,0.3181818181818182
get-im,1,1,2,0.5
death-on,5,7,12,0.5833333333333334
#news-#tcot,1,1,2,0.5
enormous-top,1,1,2,0.5
8-pregnant,2,1,3,0.3333333333333333
do-people,2,7,9,0.7777777777777778
since-tweet,1,1,2,0.5
#forever-last,2,1,3,0.3333333333333333
his-look,2,2,4,0.5
check-out,21,3,24,0.125
may-thing,1,1,2,0.5
into-it,18,7,25,0.28
don't-take,3,1,4,0.25
dream-in,3,1,4,0.25
love-more,3,1,4,0.25
lot-new,2,1,3,0.3333333333333333
in-wake,11,14,25,0.56
my-walk,1,1,2,0.5
from-interest,2,1,3,0.3333333333333333
been-war,1,2,3,0.6666666666666666
like-twister,1,1,2,0.5
i-sick,2,3,5,0.6
#bookboost-city,1,2,3,0.6666666666666666
catching-just,1,1,2,0.5
at-drake,1,2,3,0.6666666666666666
for-gonna,3,1,4,0.25
a-isi,1,2,3,0.6666666666666666
my-want,19,4,23,0.17391304347826086
from-typhoon,1,1,2,0.5
emergency-will,1,1,2,0.5
season.-will,2,1,3,0.3333333333333333
africa-in,1,2,3,0.6666666666666666
in-photo,2,2,4,0.5
car-wa,3,3,6,0.5
can-keep,3,2,5,0.4
??-do,6,1,7,0.14285714285714285
catastrophe-i,6,2,8,0.25
another-did,1,4,5,0.8
man-when,2,3,5,0.6
abuse-new,1,1,2,0.5
of-thanks,1,2,3,0.6666666666666666
in-went,6,6,12,0.5
point-this,1,4,5,0.8
are-which,2,1,3,0.3333333333333333
multidimensi-to,1,1,2,0.5
always-if,1,1,2,0.5
is-snowstorm,4,2,6,0.3333333333333333
to-wrong,6,1,7,0.14285714285714285
drive-to,4,2,6,0.3333333333333333
d-why,2,2,4,0.5
from-ocean,1,1,2,0.5
loud-me,2,2,4,0.5
police-to,8,11,19,0.5789473684210527
like-rubber,2,1,3,0.3333333333333333
do-sinking,4,1,5,0.2
in-obliterate,1,1,2,0.5
evacuation-via,2,4,6,0.6666666666666666
#islam-#terrorism,3,4,7,0.5714285714285714
centre-illegal,3,1,4,0.25
of-sign,2,6,8,0.75
http://t.co/xssgedsbh4-storm,1,1,2,0.5
of-reason,2,4,6,0.6666666666666666
at-same,1,1,2,0.5
#islam-equal,1,1,2,0.5
down-would,4,1,5,0.2
former-time,1,1,2,0.5
explosion-nu,1,2,3,0.6666666666666666
2-it,10,2,12,0.16666666666666666
and-nothing,5,1,6,0.16666666666666666
being-people,2,1,3,0.3333333333333333
horse-we,1,1,2,0.5
days.-the,1,1,2,0.5
and-fight,4,5,9,0.5555555555555556
5-i,7,1,8,0.125
percent-v...,1,1,2,0.5
and-brought,7,3,10,0.3
a-bs.,1,1,2,0.5
ahead-the,1,2,3,0.6666666666666666
have-life,5,1,6,0.16666666666666666
and-calgary,2,3,5,0.6
before-up,2,2,4,0.5
mourning-û÷politics,1,4,5,0.8
movie-u,1,1,2,0.5
of-shooting,1,8,9,0.8888888888888888
cause-death,1,1,2,0.5
--@,2,5,7,0.7142857142857143
casualties.-people,1,1,2,0.5
concerned-the,8,1,9,0.1111111111111111
...-off,1,1,2,0.5
on-the,262,211,473,0.44608879492600423
more-with,6,1,7,0.14285714285714285
if-more,3,2,5,0.4
allows-bus,3,9,12,0.75
by-ink,2,1,3,0.3333333333333333
300w-lamp,6,1,7,0.14285714285714285
mile-the,3,4,7,0.5714285714285714
21:1023-angel,1,1,2,0.5
i-poor,2,1,3,0.3333333333333333
country-for,1,1,2,0.5
heard-of,15,9,24,0.375
short-spirit,1,1,2,0.5
escape-know,1,2,3,0.6666666666666666
??-now.,1,1,2,0.5
expected-to,1,8,9,0.8888888888888888
fresh-in,1,1,2,0.5
his-up,5,1,6,0.16666666666666666
that-their,5,2,7,0.2857142857142857
????-body,2,1,3,0.3333333333333333
at-trauma,1,2,3,0.6666666666666666
i'm-say,9,1,10,0.1
known-notexplained:,1,1,2,0.5
gave-i,4,1,5,0.2
collapse-video,2,1,3,0.3333333333333333
on-sad.,1,1,2,0.5
in-weather,2,5,7,0.7142857142857143
still-u,2,2,4,0.5
my-share,2,1,3,0.3333333333333333
#hiring!--,6,1,7,0.14285714285714285
time2015-08-06-utc2015-08-05,1,8,9,0.8888888888888888
at-keep,4,1,5,0.2
let-they,3,1,4,0.25
...-out,3,2,5,0.4
likely-or,8,1,9,0.1111111111111111
being-fr,1,1,2,0.5
18w-mining,3,1,4,0.25
an-inside,1,2,3,0.6666666666666666
at-view,1,1,2,0.5
arrested-officer,2,2,4,0.5
ha-storm,1,6,7,0.8571428571428571
the-tuesday,1,2,3,0.6666666666666666
demon-know,1,1,2,0.5
control-donûªt,4,1,5,0.2
god-plaguing,2,1,3,0.3333333333333333
crashed-near,1,3,4,0.75
is-watch,1,5,6,0.8333333333333334
lol-your,2,1,3,0.3333333333333333
by-some,4,4,8,0.5
31-loop,1,4,5,0.8
don't-high,1,2,3,0.6666666666666666
and-ash,1,2,3,0.6666666666666666
mean-which,3,1,4,0.25
used-you,1,2,3,0.6666666666666666
it-really,13,1,14,0.07142857142857142
http://t.co/pyehwodwun-self,1,1,2,0.5
a-fair,2,1,3,0.3333333333333333
life-wa,1,2,3,0.6666666666666666
material-relief,2,2,4,0.5
than-when,4,1,5,0.2
fog-led,6,1,7,0.14285714285714285
in-mac,2,1,3,0.3333333333333333
put-that,4,2,6,0.3333333333333333
even-more,2,1,3,0.3333333333333333
challenged-of,1,1,2,0.5
at-tonight.,1,1,2,0.5
do-time,3,1,4,0.25
in-snowstorm,7,7,14,0.5
detonation-nuclear,1,1,2,0.5
home-razed,1,29,30,0.9666666666666667
#best-#prebreak,17,13,30,0.43333333333333335
chase-want,1,1,2,0.5
here-why,1,1,2,0.5
loud-what,15,3,18,0.16666666666666666
salt-stop,6,4,10,0.4
couple-turkish,4,2,6,0.3333333333333333
bad-in,8,3,11,0.2727272727272727
guess-of,2,1,3,0.3333333333333333
reaû_-work,3,1,4,0.25
for-survived,4,1,5,0.2
end-time,3,1,4,0.25
by-emergency,4,1,5,0.2
been-say,1,1,2,0.5
signed-the,9,1,10,0.1
general-the,3,2,5,0.4
friend-in,6,2,8,0.25
but-sense,2,2,4,0.5
extensive-to,1,1,2,0.5
of-try,4,4,8,0.5
interest-å¨,1,1,2,0.5
missing-the,1,4,5,0.8
fatality-thursday,1,1,2,0.5
be-donûªt,4,1,5,0.2
be-him),4,2,6,0.3333333333333333
now-this,11,2,13,0.15384615384615385
match-wa,1,1,2,0.5
month-the,7,1,8,0.125
on-smoke,2,7,9,0.7777777777777778
cut-last,3,1,4,0.25
were-when,3,15,18,0.8333333333333334
animal-of,1,2,3,0.6666666666666666
is-it.,8,2,10,0.2
catastrophe-to,3,1,4,0.25
happened-that,2,4,6,0.6666666666666666
or-something,2,2,4,0.5
on-which,1,4,5,0.8
gonna-high,1,1,2,0.5
comment-evidence,1,1,2,0.5
riot-world,5,1,6,0.16666666666666666
101:-to,3,1,4,0.25
group-my,1,1,2,0.5
building-street,1,6,7,0.8571428571428571
their-who,3,6,9,0.6666666666666666
@youtube-mod,5,1,6,0.16666666666666666
bioterrorism-fight,3,2,5,0.4
be-want,17,3,20,0.15
and-chair,3,1,4,0.25
house-so,3,1,4,0.25
burning-come,1,1,2,0.5
evacuate.-the,1,2,3,0.6666666666666666
screamed-she,2,1,3,0.3333333333333333
released-starring...,3,2,5,0.4
how-look,7,3,10,0.3
being-cause,1,1,2,0.5
over-wanted,1,1,2,0.5
and-youûªve,4,3,7,0.42857142857142855
blight-that,7,1,8,0.125
did-my,3,2,5,0.4
from-traffic,1,2,3,0.6666666666666666
just-scream,2,1,3,0.3333333333333333
new-they've,1,1,2,0.5
glad-the,4,1,5,0.2
just-literally,3,1,4,0.25
and-suicide,1,4,5,0.8
gotten-have,3,1,4,0.25
content-quarantine,16,2,18,0.1111111111111111
5-when,2,1,3,0.3333333333333333
from-soudelor,1,1,2,0.5
rip-will,1,1,2,0.5
avoid-injury,1,2,3,0.6666666666666666
everyone-want,3,1,4,0.25
'first'-in,1,1,2,0.5
a-coyote,1,1,2,0.5
abused+desolate&amp;lost-murder?,1,1,2,0.5
attack-ur,10,2,12,0.16666666666666666
act-and,1,3,4,0.75
of-wild,6,15,21,0.7142857142857143
it-very,2,7,9,0.7777777777777778
hijack-the,5,3,8,0.375
on-reason,2,1,3,0.3333333333333333
casualty-social,3,1,4,0.25
australia-worst,1,1,2,0.5
how-isn't,2,1,3,0.3333333333333333
desolation.-me,1,1,2,0.5
naved-of,1,2,3,0.6666666666666666
cause-shift,1,4,5,0.8
it-too,5,4,9,0.4444444444444444
team-when,1,1,2,0.5
we-why,8,2,10,0.2
read:-the,1,1,2,0.5
d.b.-image,1,1,2,0.5
fucking-just,8,1,9,0.1111111111111111
he-pray,5,1,6,0.16666666666666666
rt-tsunami,2,2,4,0.5
full-reaû_,6,1,7,0.14285714285714285
you-youûªve,4,3,7,0.42857142857142855
soul-the,6,2,8,0.25
but-usual,1,1,2,0.5
an-army,3,1,4,0.25
brooklyn-in,3,3,6,0.5
material-openly,2,1,3,0.3333333333333333
4th-to,1,1,2,0.5
by-never,1,2,3,0.6666666666666666
a-die!please,2,2,4,0.5
hope-ok,1,1,2,0.5
meant-of,2,1,3,0.3333333333333333
wa-watching,1,3,4,0.75
3-newest,4,4,8,0.5
that-up,28,7,35,0.2
casualty-i,3,3,6,0.5
and-awful,1,2,3,0.6666666666666666
girl-is,4,1,5,0.2
game-would,1,1,2,0.5
blown-of,3,3,6,0.5
business-out,7,2,9,0.2222222222222222
??????-real,1,1,2,0.5
game-time,1,1,2,0.5
i-some,29,26,55,0.4727272727272727
never-their,2,1,3,0.3333333333333333
a-hd,1,1,2,0.5
????????-that,2,2,4,0.5
#islam-person,1,1,2,0.5
rt-there,1,2,3,0.6666666666666666
at-star,8,1,9,0.1111111111111111
my-they,16,4,20,0.2
a-nc,1,3,4,0.75
http://t.co/bbdpnj8xsx-this,2,1,3,0.3333333333333333
a-head,8,4,12,0.3333333333333333
and-low,1,1,2,0.5
anyone-this,4,1,5,0.2
oh-your,1,1,2,0.5
at-for,28,21,49,0.42857142857142855
having-the,12,3,15,0.2
and-walk,1,2,3,0.6666666666666666
after-wtf,1,1,2,0.5
and-thank,7,1,8,0.125
i'm-now,12,1,13,0.07692307692307693
home-it's,2,1,3,0.3333333333333333
displaced-https://t.co/rqwuoy1fm4,1,3,4,0.75
2015]-send,12,5,17,0.29411764705882354
pretty-the,11,1,12,0.08333333333333333
order-out,1,1,2,0.5
few-to,4,4,8,0.5
it-see,10,3,13,0.23076923076923078
drowning-that,1,1,2,0.5
real-video,1,1,2,0.5
idp-is,1,4,5,0.8
bombed-family,1,1,2,0.5
flag-kill,3,1,4,0.25
as-beautiful,1,1,2,0.5
if-yourself,5,3,8,0.375
man-this,2,2,4,0.5
in-injury,9,2,11,0.18181818181818182
piling-would,2,1,3,0.3333333333333333
more-year,1,4,5,0.8
i-whats,1,1,2,0.5
evacuation-on,2,1,3,0.3333333333333333
hi-that,3,2,5,0.4
lung-the,1,1,2,0.5
going-why,2,1,3,0.3333333333333333
blue-of,1,1,2,0.5
and-sorry,5,1,6,0.16666666666666666
it-upon,6,2,8,0.25
derailed-his,1,1,2,0.5
help-my,10,1,11,0.09090909090909091
derailed-will,1,1,2,0.5
dm-me,1,1,2,0.5
body-of,9,19,28,0.6785714285714286
miner-trapped,21,10,31,0.3225806451612903
number-police,1,2,3,0.6666666666666666
#humanconsumption-#magginoodle,1,2,3,0.6666666666666666
a-send,15,10,25,0.4
fleet-space,8,1,9,0.1111111111111111
star-to,4,1,5,0.2
and-day,21,11,32,0.34375
building-day,3,1,4,0.25
drake-hit,1,1,2,0.5
could-much,1,2,3,0.6666666666666666
any-it,4,1,5,0.2
attack-if,1,1,2,0.5
electrocuted-when,1,1,2,0.5
about-u,9,5,14,0.35714285714285715
2-here,1,1,2,0.5
admits-chicago-area,5,1,6,0.16666666666666666
a...-for,2,28,30,0.9333333333333333
for-ûò,2,1,3,0.3333333333333333
find-this,3,1,4,0.25
former-to,5,8,13,0.6153846153846154
it-rain,2,6,8,0.75
war-which,5,2,7,0.2857142857142857
no-storm,1,1,2,0.5
fox-to,1,1,2,0.5
hard-of,3,2,5,0.4
need-still,2,4,6,0.6666666666666666
burning-will,1,4,5,0.8
#farrakhan-her,2,1,3,0.3333333333333333
before-up.,1,1,2,0.5
arrived-the,6,2,8,0.25
danger.-in,5,1,6,0.16666666666666666
??????-you,7,1,8,0.125
are-explosion,1,1,2,0.5
not-social,1,1,2,0.5
focus-is,1,2,3,0.6666666666666666
be-no,13,3,16,0.1875
coyote-just,1,1,2,0.5
of-world,27,12,39,0.3076923076923077
have-plan?,3,1,4,0.25
&amp;-went,2,1,3,0.3333333333333333
a-struck,2,2,4,0.5
called-in,2,10,12,0.8333333333333334
being-doing,1,1,2,0.5
screamed-the,22,1,23,0.043478260869565216
from-like,8,5,13,0.38461538461538464
house-you,9,3,12,0.25
2-taken,1,2,3,0.6666666666666666
collision-on,2,14,16,0.875
:-market,2,2,4,0.5
idea-there,1,2,3,0.6666666666666666
all-wild,1,2,3,0.6666666666666666
minister-the,2,1,3,0.3333333333333333
at-or,11,7,18,0.3888888888888889
bang-my,15,4,19,0.21052631578947367
french-in,1,9,10,0.9
pdp-tension,2,6,8,0.75
me-some,7,1,8,0.125
twia-v...,1,1,2,0.5
i-only,18,5,23,0.21739130434782608
could-me,4,1,5,0.2
s-survival,1,1,2,0.5
history-one,1,1,2,0.5
out-see,7,1,8,0.125
course-for,1,1,2,0.5
and-well.,1,1,2,0.5
is-supposed,1,1,2,0.5
17:52:25-interlaken,1,1,2,0.5
&amp;-picked!,2,1,3,0.3333333333333333
like-skin,1,1,2,0.5
home-while,4,3,7,0.42857142857142855
start-whole,2,3,5,0.6
so-that,45,8,53,0.1509433962264151
#prebreak-stadium,1,7,8,0.875
quarantine-to,6,1,7,0.14285714285714285
a-what's,4,1,5,0.2
over-there,2,2,4,0.5
can't-way,1,1,2,0.5
collided-this,1,1,2,0.5
curfew-were,1,1,2,0.5
collapsed-great,1,1,2,0.5
might-the,13,4,17,0.23529411764705882
can-home,2,1,3,0.3333333333333333
but-drowned,2,1,3,0.3333333333333333
---of,3,3,6,0.5
room-trapped,1,1,2,0.5
for-niece,2,1,3,0.3333333333333333
and-just,71,22,93,0.23655913978494625
on-they,11,11,22,0.5
for-last,3,5,8,0.625
collided-win,1,1,2,0.5
now-you,13,3,16,0.1875
are-rise,7,2,9,0.2222222222222222
in-used,5,9,14,0.6428571428571429
in-transit,2,1,3,0.3333333333333333
break-the,6,2,8,0.25
student-the,6,2,8,0.25
free-so,1,1,2,0.5
evacuated-trafford,1,4,5,0.8
about-think,6,1,7,0.14285714285714285
all-house,1,2,3,0.6666666666666666
oops:-raid,1,2,3,0.6666666666666666
music-not,1,1,2,0.5
by-killed,1,12,13,0.9230769230769231
there-use,2,1,3,0.3333333333333333
apartment-the,3,1,4,0.25
i'm-your,17,2,19,0.10526315789473684
it-lead,7,3,10,0.3
helping-via,1,2,3,0.6666666666666666
in-turkish,1,5,6,0.8333333333333334
of-started,1,1,2,0.5
high-only,1,2,3,0.6666666666666666
america-i,1,1,2,0.5
i-live,4,29,33,0.8787878787878788
hot-to,10,1,11,0.09090909090909091
on-running,2,2,4,0.5
can-in,26,11,37,0.2972972972972973
@usatoday-wake,1,3,4,0.75
life-this,3,3,6,0.5
of-yours,13,2,15,0.13333333333333333
me-reading,1,1,2,0.5
.-but,2,1,3,0.3333333333333333
not-only,10,6,16,0.375
by-come,1,1,2,0.5
by-wa,13,25,38,0.6578947368421053
from-which,4,4,8,0.5
hard-that,3,1,4,0.25
have-water,2,1,3,0.3333333333333333
had-work,2,1,3,0.3333333333333333
#chernobyl-nuclear,1,1,2,0.5
60-with,1,1,2,0.5
wa-worked,1,2,3,0.6666666666666666
2-life,5,1,6,0.16666666666666666
against-how,1,1,2,0.5
--part,5,5,10,0.5
breathing-to,1,1,2,0.5
??-that,15,1,16,0.0625
almost-run,1,1,2,0.5
ship-wa,3,1,4,0.25
project-to,1,1,2,0.5
never-or,5,1,6,0.16666666666666666
high-to,5,4,9,0.4444444444444444
a-violent,9,15,24,0.625
out-they,9,2,11,0.18181818181818182
meal-when,3,1,4,0.25
don't-remember,1,1,2,0.5
because-it,15,4,19,0.21052631578947367
for-like,18,11,29,0.3793103448275862
child-more,2,1,3,0.3333333333333333
evacuate-your,2,1,3,0.3333333333333333
ha-will,16,2,18,0.1111111111111111
diamond-side,1,1,2,0.5
got-keep,1,2,3,0.6666666666666666
there-which,1,1,2,0.5
a-addict,1,1,2,0.5
move-rainstorm,1,1,2,0.5
deluged-self-image?,2,1,3,0.3333333333333333
wild-work,1,1,2,0.5
in-ûò,3,5,8,0.625
can-well,1,1,2,0.5
look-see,1,4,5,0.8
mile-of,4,6,10,0.6
2pcs-work,3,1,4,0.25
recently-the,2,4,6,0.6666666666666666
a-rock,7,12,19,0.631578947368421
on-wall,1,1,2,0.5
@rightwaystan-inspection,1,1,2,0.5
by-those,2,4,6,0.6666666666666666
bounty-try,1,3,4,0.75
do-world,3,1,4,0.25
building-should,1,1,2,0.5
history-in,4,3,7,0.42857142857142855
squad.-to,1,1,2,0.5
the-ultimate,1,1,2,0.5
and-mix,2,2,4,0.5
in-philippine,1,3,4,0.75
heart-i'm,2,1,3,0.3333333333333333
news-refugee,2,1,3,0.3333333333333333
material-of,2,2,4,0.5
a-youth,1,4,5,0.8
come-smoke,1,1,2,0.5
/-collision-no,2,3,5,0.6
homeless-with,1,1,2,0.5
have-out,10,4,14,0.2857142857142857
on-stuff,1,1,2,0.5
bar-of,6,1,7,0.14285714285714285
a-simulate,1,6,7,0.8571428571428571
because-ppl,1,1,2,0.5
burning-while,2,2,4,0.5
it-mass,3,2,5,0.4
battle-by,1,1,2,0.5
and-many,9,2,11,0.18181818181818182
against-in,3,5,8,0.625
word-young,1,1,2,0.5
????????-i,5,1,6,0.16666666666666666
closed.-the,1,2,3,0.6666666666666666
but-is,37,30,67,0.44776119402985076
i-member,1,1,2,0.5
die!please-petition!take,1,1,2,0.5
a-bloody,9,4,13,0.3076923076923077
for-haha,1,1,2,0.5
had-of,21,11,32,0.34375
1-from,1,1,2,0.5
about-first,1,1,2,0.5
fan-my,17,1,18,0.05555555555555555
**trfc-st,1,1,2,0.5
a-city,5,17,22,0.7727272727272727
and-don't,31,13,44,0.29545454545454547
--see,1,1,2,0.5
nuclear-u,1,2,3,0.6666666666666666
first-with,4,5,9,0.5555555555555556
two-were,1,10,11,0.9090909090909091
car-got,2,2,4,0.5
if-release,1,1,2,0.5
home-on,8,13,21,0.6190476190476191
maybe-up,2,1,3,0.3333333333333333
be-burning,2,6,8,0.75
i-now.,5,1,6,0.16666666666666666
and-open,6,2,8,0.25
and-zone,3,1,4,0.25
doe-you?,1,1,2,0.5
&amp;-we,10,7,17,0.4117647058823529
old-the,15,9,24,0.375
great-it's,1,1,2,0.5
of-red,1,1,2,0.5
stand-the,22,1,23,0.043478260869565216
'the--,2,1,3,0.3333333333333333
combo-spot,8,1,9,0.1111111111111111
that-the,244,120,364,0.32967032967032966
how-only,1,1,2,0.5
account-and,1,2,3,0.6666666666666666
amid-over,2,1,3,0.3333333333333333
1-star,1,2,3,0.6666666666666666
put-u,4,1,5,0.2
and-west,1,3,4,0.75
the-window,4,4,8,0.5
a-treat,2,1,3,0.3333333333333333
don't-way,3,3,6,0.5
#1-to,1,2,3,0.6666666666666666
hellfire-yourself,4,2,6,0.3333333333333333
100%-of,1,1,2,0.5
burning-police,1,2,3,0.6666666666666666
at-there,2,5,7,0.7142857142857143
of-via,31,24,55,0.43636363636363634
are-only,4,2,6,0.3333333333333333
girl-i,13,4,17,0.23529411764705882
former-truck,1,3,4,0.75
man-way,1,2,3,0.6666666666666666
situation-to,1,2,3,0.6666666666666666
and-collapse.,1,1,2,0.5
other-when,1,1,2,0.5
like-your,22,7,29,0.2413793103448276
in-japanese,1,7,8,0.875
lizard-the,1,1,2,0.5
should-think,3,3,6,0.5
little-see,1,2,3,0.6666666666666666
and-fatalities.,1,1,2,0.5
the-whole,13,19,32,0.59375
of-scream,7,2,9,0.2222222222222222
they-treat,1,2,3,0.6666666666666666
#allah-piling,2,1,3,0.3333333333333333
for-new,25,12,37,0.32432432432432434
death-|,1,3,4,0.75
in-with,65,45,110,0.4090909090909091
i'm-want,5,1,6,0.16666666666666666
is-until,6,2,8,0.25
building-chase,1,1,2,0.5
it's-please,2,2,4,0.5
watch-with,1,1,2,0.5
harm-of,9,1,10,0.1
how-man,2,1,3,0.3333333333333333
so-you,59,14,73,0.1917808219178082
response-trauma,1,1,2,0.5
cyclone-football,1,1,2,0.5
humans!-person,1,1,2,0.5
a-her.,1,2,3,0.6666666666666666
for-program,3,2,5,0.4
suffer-the,2,1,3,0.3333333333333333
act-he,2,1,3,0.3333333333333333
gonna-with,2,2,4,0.5
18w-cree,3,1,4,0.25
off-we,1,3,4,0.75
faced-secret,1,2,3,0.6666666666666666
is-shame,1,2,3,0.6666666666666666
annual-first,1,1,2,0.5
there-this,10,4,14,0.2857142857142857
it's-or,18,1,19,0.05263157894736842
like-predict,2,1,3,0.3333333333333333
and-time,24,11,35,0.3142857142857143
humaza.-piling,2,1,3,0.3333333333333333
collapse-when,1,1,2,0.5
all-event,1,1,2,0.5
in-pile,1,1,2,0.5
an-just,5,2,7,0.2857142857142857
hat-send,12,5,17,0.29411764705882354
look-world,2,1,3,0.3333333333333333
out-used,1,1,2,0.5
got-worse,2,1,3,0.3333333333333333
face-for,5,1,6,0.16666666666666666
for-strong,2,3,5,0.6
are-cause,3,2,5,0.4
all-person,1,1,2,0.5
a-by,93,119,212,0.5613207547169812
the-yourselves,1,1,2,0.5
know-ross,1,1,2,0.5
by-vehicle,2,1,3,0.3333333333333333
be-yourself,4,2,6,0.3333333333333333
&amp;-exploded,2,1,3,0.3333333333333333
are-may,1,2,3,0.6666666666666666
2-????,1,1,2,0.5
god-her,2,2,4,0.5
one-two,1,6,7,0.8571428571428571
(temporary:300)-only,3,1,4,0.25
electronic-watch,2,1,3,0.3333333333333333
glorious-the,4,2,6,0.3333333333333333
??-big,1,1,2,0.5
sue-the,2,26,28,0.9285714285714286
be-them,6,3,9,0.3333333333333333
#jonathanferrell-#kerricktrial,1,1,2,0.5
did-you,17,6,23,0.2608695652173913
all-work,2,1,3,0.3333333333333333
anything-so,3,1,4,0.25
hobo-http://t.co/zujwuiomb3,3,1,4,0.25
people-support,1,1,2,0.5
the-time.,5,8,13,0.6153846153846154
the-trauma,8,10,18,0.5555555555555556
one-train,1,2,3,0.6666666666666666
forest-only,1,2,3,0.6666666666666666
#usa-from,1,1,2,0.5
st-to,2,1,3,0.3333333333333333
a-tom,1,1,2,0.5
a-hosting,1,2,3,0.6666666666666666
#ban-into,1,2,3,0.6666666666666666
angry-wom...,4,2,6,0.3333333333333333
climate-i,1,1,2,0.5
and-deal,5,2,7,0.2857142857142857
#cnn-#truth,3,4,7,0.5714285714285714
hour-this,1,3,4,0.75
reason-should,3,1,4,0.25
an-medical,1,1,2,0.5
association-percent,1,1,2,0.5
end-wa,1,1,2,0.5
21:1023-mountain,1,1,2,0.5
poor-the,6,5,11,0.45454545454545453
department-rn,1,1,2,0.5
:-chevrolet,1,1,2,0.5
emergency-simulate,1,4,5,0.8
like-reason,1,1,2,0.5
a-sad.,1,1,2,0.5
others-with,2,3,5,0.6
7-via,2,1,3,0.3333333333333333
old-who,1,28,29,0.9655172413793104
#reflect-#wealth,2,1,3,0.3333333333333333
israel-not,1,1,2,0.5
done-wa,2,1,3,0.3333333333333333
and-tornado,7,5,12,0.4166666666666667
and-two,7,17,24,0.7083333333333334
beam-cree,3,1,4,0.25
&amp;-attack,8,1,9,0.1111111111111111
careful-hellfire,4,1,5,0.2
epilepsy-with,2,1,3,0.3333333333333333
court-in,1,3,4,0.75
destiny-lord,5,1,6,0.16666666666666666
ever-he,2,1,3,0.3333333333333333
airplane-i,2,2,4,0.5
panic!-the,6,1,7,0.14285714285714285
building-have,2,4,6,0.6666666666666666
newlywed-of,2,2,4,0.5
fast-flag,3,1,4,0.25
swansea-van,1,2,3,0.6666666666666666
loud-not,1,1,2,0.5
hope-is,3,5,8,0.625
fire-u,1,3,4,0.75
disaster-much,1,1,2,0.5
this-watch,1,25,26,0.9615384615384616
a-tsunami,4,1,5,0.2
an-thought,1,1,2,0.5
by-soon,5,1,6,0.16666666666666666
computer-wave,12,5,17,0.29411764705882354
centre-film,1,4,5,0.8
2015]-hat,12,5,17,0.29411764705882354
didn't-if,1,1,2,0.5
new-people,3,2,5,0.4
out-whole,2,1,3,0.3333333333333333
a-u,43,23,66,0.3484848484848485
fun-i,3,1,4,0.25
england-out,1,1,2,0.5
in-inside,1,4,5,0.8
how-survive,4,4,8,0.5
&amp;-will,10,5,15,0.3333333333333333
after-or,3,1,4,0.25
crazy-wa,2,1,3,0.3333333333333333
elizabeth-the,1,1,2,0.5
ha-water,1,1,2,0.5
deal-from,2,2,4,0.5
happy-much,1,1,2,0.5
donûªt-even,3,1,4,0.25
#usgs-m,1,3,4,0.75
@change-national,10,6,16,0.375
body-still,1,1,2,0.5
@'armageddon-kill,3,1,4,0.25
derail-tonight's,1,1,2,0.5
long-of,7,2,9,0.2222222222222222
$300000-on,1,1,2,0.5
crack-in,2,1,3,0.3333333333333333
cannot-this,1,1,2,0.5
he-need,1,2,3,0.6666666666666666
by-expected,1,3,4,0.75
&amp;-act,2,1,3,0.3333333333333333
have-|,1,2,3,0.6666666666666666
evacuated.-to,2,1,3,0.3333333333333333
away-out,1,1,2,0.5
storm-with,1,8,9,0.8888888888888888
donûªt-let,4,1,5,0.2
stephen-the,2,2,4,0.5
transformation-v,1,1,2,0.5
back-gateau,1,1,2,0.5
all-your,11,7,18,0.3888888888888889
--daily,2,5,7,0.7142857142857143
the-then,39,10,49,0.20408163265306123
an-to,55,14,69,0.2028985507246377
are-those,2,6,8,0.75
battle-black,8,1,9,0.1111111111111111
for-show,3,1,4,0.25
all-will,9,3,12,0.25
just-word,1,1,2,0.5
last-nyc,1,1,2,0.5
fire-following,1,5,6,0.8333333333333334
infamous-rt,1,1,2,0.5
keep-what,2,1,3,0.3333333333333333
to-turned,7,2,9,0.2222222222222222
everyone-up,2,2,4,0.5
doe-mass,1,3,4,0.75
flattened-that,5,1,6,0.16666666666666666
a-loving,4,2,6,0.3333333333333333
war-you,6,4,10,0.4
wa-year,7,11,18,0.6111111111111112
getting-just,1,2,3,0.6666666666666666
should-that,5,3,8,0.375
and-price,2,1,3,0.3333333333333333
calm-in,1,2,3,0.6666666666666666
chemical-nu,1,2,3,0.6666666666666666
calorie-doing,1,1,2,0.5
of-project,1,4,5,0.8
had-or,4,2,6,0.3333333333333333
a-blown,11,3,14,0.21428571428571427
got-her,6,1,7,0.14285714285714285
don't-state,1,1,2,0.5
lab-pathogen,2,2,4,0.5
i-totally,7,4,11,0.36363636363636365
rain-the,10,9,19,0.47368421052631576
a-avalanche,5,2,7,0.2857142857142857
annihilated-get,2,1,3,0.3333333333333333
international-structure,4,1,5,0.2
@youtube-mike,2,1,3,0.3333333333333333
he's-people,1,1,2,0.5
being-philippine,1,1,2,0.5
the-wanted,7,2,9,0.2222222222222222
well-your,1,1,2,0.5
attacking-in,2,1,3,0.3333333333333333
and-apocalypse,1,2,3,0.6666666666666666
fire-option,1,1,2,0.5
didn't-that,3,1,4,0.25
business-make,8,1,9,0.1111111111111111
eye-from,2,1,3,0.3333333333333333
are-different,1,1,2,0.5
i-through,7,4,11,0.36363636363636365
'protest'-and,1,2,3,0.6666666666666666
issue-of,5,2,7,0.2857142857142857
that-wow,4,1,5,0.2
except-it,2,1,3,0.3333333333333333
for-meeting,1,2,3,0.6666666666666666
to-too,13,6,19,0.3157894736842105
are-foot,2,1,3,0.3333333333333333
the-wa,133,127,260,0.48846153846153845
--word,3,1,4,0.25
away-i,8,2,10,0.2
cold-in,1,1,2,0.5
blast-to,13,4,17,0.23529411764705882
any-saw,1,1,2,0.5
a-ball,7,1,8,0.125
is-this,88,48,136,0.35294117647058826
force-radio:,1,1,2,0.5
i-watch,17,1,18,0.05555555555555555
#ems-#paramedic,1,1,2,0.5
it-were,8,5,13,0.38461538461538464
after-kid,2,1,3,0.3333333333333333
he-shot.,1,1,2,0.5
headed-to,1,6,7,0.8571428571428571
day-there,1,2,3,0.6666666666666666
not-that,45,13,58,0.22413793103448276
it's-shit,2,1,3,0.3333333333333333
of-send,1,2,3,0.6666666666666666
ha-nuclear,2,3,5,0.6
japan-wwii,3,1,4,0.25
of-sadly,1,2,3,0.6666666666666666
how-out,3,3,6,0.5
get-got,1,1,2,0.5
--for,25,36,61,0.5901639344262295
allegiance-the,2,2,4,0.5
actually-it,3,2,5,0.4
a-queen,1,1,2,0.5
...-most,1,2,3,0.6666666666666666
an-since,1,1,2,0.5
are-ball,1,1,2,0.5
we-while,1,1,2,0.5
'the-you,4,1,5,0.2
arrived-meat-loving,2,1,3,0.3333333333333333
1-battle,1,2,3,0.6666666666666666
for-truck,3,3,6,0.5
boy-to,2,5,7,0.7142857142857143
is-road,3,2,5,0.4
about-who,3,3,6,0.5
over-widespread,2,2,4,0.5
doe-that,5,4,9,0.4444444444444444
death-with,3,4,7,0.5714285714285714
came-which,4,3,7,0.42857142857142855
end-family,1,1,2,0.5
everything-when,1,1,2,0.5
literally-you,4,1,5,0.2
be-during,1,2,3,0.6666666666666666
people-since,1,3,4,0.75
is-them,9,1,10,0.1
#iphone-more,1,3,4,0.75
latest-the,9,15,24,0.625
2-of,22,8,30,0.26666666666666666
but-year,6,1,7,0.14285714285714285
course-to,5,1,6,0.16666666666666666
cladding-hazard,2,1,3,0.3333333333333333
omg-the,3,2,5,0.4
for-way,5,1,6,0.16666666666666666
00:52:25-1.4,1,1,2,0.5
associated-of,2,1,3,0.3333333333333333
#handbag-hobo,5,1,6,0.16666666666666666
if-in,34,16,50,0.32
on-up,26,17,43,0.3953488372093023
hunk-snowstorm,1,2,3,0.6666666666666666
horrible-or,15,2,17,0.11764705882352941
in-info,3,1,4,0.25
and-casualties.,1,1,2,0.5
look-when,5,4,9,0.4444444444444444
is-research,1,1,2,0.5
&amp;-ground,1,1,2,0.5
not-our,6,3,9,0.3333333333333333
mishap-of,6,15,21,0.7142857142857143
plan-that,1,2,3,0.6666666666666666
actually-from,3,1,4,0.25
get-on,25,6,31,0.1935483870967742
bang-be,13,3,16,0.1875
a-his,48,15,63,0.23809523809523808
god-this,2,2,4,0.5
abused+desolate&amp;lost-to,1,1,2,0.5
content-your,2,1,3,0.3333333333333333
no-reported,1,1,2,0.5
2-it's,4,1,5,0.2
activity-the,2,1,3,0.3333333333333333
crush-like,1,2,3,0.6666666666666666
rule-the,9,3,12,0.25
happened-idk,1,1,2,0.5
lightning-reshape,2,2,4,0.5
into-screamed,1,1,2,0.5
i-keep,13,2,15,0.13333333333333333
down-for,3,3,6,0.5
date-set,1,1,2,0.5
of-united,2,2,4,0.5
bloody-they,1,1,2,0.5
in-prevent,3,1,4,0.25
#insurance-on,1,1,2,0.5
any-are,2,1,3,0.3333333333333333
bomb.-is,2,3,5,0.6
impact-on,3,1,4,0.25
down-have,2,1,3,0.3333333333333333
low-the,13,5,18,0.2777777777777778
an-rt:,1,1,2,0.5
murder.-publicizing,1,1,2,0.5
are-white,2,2,4,0.5
get-u,14,3,17,0.17647058823529413
@change-service,5,3,8,0.375
do-my,12,1,13,0.07692307692307693
could-it's,1,1,2,0.5
hereûªs-the,1,2,3,0.6666666666666666
and-syrian,1,1,2,0.5
right-still,1,1,2,0.5
in-nice,1,1,2,0.5
catastrophe.-to,5,1,6,0.16666666666666666
don't-his,2,2,4,0.5
for-ultimate,2,2,4,0.5
a-let,23,7,30,0.23333333333333334
day-wa,4,1,5,0.2
interlaken-time2015-08-06,1,1,2,0.5
in-lady,5,2,7,0.2857142857142857
no-they,11,4,15,0.26666666666666666
happens?-when,1,1,2,0.5
can-stab,1,1,2,0.5
risk-the,2,4,6,0.6666666666666666
#nuclear-#us,1,1,2,0.5
day-last,1,1,2,0.5
of-unprecedented,1,1,2,0.5
affected-of,1,28,29,0.9655172413793104
first-not,2,2,4,0.5
before-on,2,4,6,0.6666666666666666
accidentally-to,2,1,3,0.3333333333333333
hijack-van,1,2,3,0.6666666666666666
are-stock,15,6,21,0.2857142857142857
served-who,1,1,2,0.5
of-that,113,54,167,0.32335329341317365
and-glad,3,1,4,0.25
let-u,5,3,8,0.375
but-read,1,1,2,0.5
month-set,1,1,2,0.5
still-world,3,3,6,0.5
are-thought,3,1,4,0.25
because-truck,1,1,2,0.5
fire-setting,1,3,4,0.75
him)-the,4,2,6,0.3333333333333333
a-petition!take,2,2,4,0.5
apc-hijack,4,7,11,0.6363636363636364
dad-on,3,1,4,0.25
threw-twister,1,1,2,0.5
scary-that,1,1,2,0.5
don't-too,2,1,3,0.3333333333333333
and...-to,3,2,5,0.4
and-rained.,1,1,2,0.5
#islam-is,4,2,6,0.3333333333333333
ever-everyone,1,1,2,0.5
can-his,3,1,4,0.25
face-off,1,1,2,0.5
although-the,1,1,2,0.5
well-with,1,2,3,0.6666666666666666
heard-on,2,1,3,0.3333333333333333
#art-the,3,1,4,0.25
it-letûªs,7,3,10,0.3
able-from,1,1,2,0.5
at-illegal,4,1,5,0.2
photo-this,1,3,4,0.75
bc-i'm,3,1,4,0.25
for-trump,1,1,2,0.5
in-yr,3,8,11,0.7272727272727273
and-mean,3,2,5,0.4
a-america,2,4,6,0.6666666666666666
like-may,4,2,6,0.3333333333333333
always-thing,1,1,2,0.5
november-the,2,2,4,0.5
burning-more,2,3,5,0.6
hate-the,2,1,3,0.3333333333333333
&amp;-why,3,1,4,0.25
tell-them,2,1,3,0.3333333333333333
#best-content,4,1,5,0.2
band-family,2,1,3,0.3333333333333333
the-us.,13,3,16,0.1875
a-mad,5,1,6,0.16666666666666666
#best-funtenna:,12,5,17,0.29411764705882354
banquet-instead,1,1,2,0.5
heat-than,1,1,2,0.5
guy-he,11,6,17,0.35294117647058826
by-lawton,1,1,2,0.5
no-these,4,1,5,0.2
oak-snowstorm,1,1,2,0.5
jonathan-move,1,1,2,0.5
sarah-ûò,2,1,3,0.3333333333333333
course-i,4,2,6,0.3333333333333333
the-traumatised,10,3,13,0.23076923076923078
and-guess,4,1,5,0.2
just-when,9,4,13,0.3076923076923077
on-you're,5,2,7,0.2857142857142857
not-whether,1,2,3,0.6666666666666666
community-promise,4,1,5,0.2
across-came,1,1,2,0.5
#freespeech-reddit,1,1,2,0.5
collapse-correction:,5,2,7,0.2857142857142857
julian-of,1,1,2,0.5
--kit,3,1,4,0.25
i-would,37,7,44,0.1590909090909091
demolish-enugu,5,1,6,0.16666666666666666
could-off,2,1,3,0.3333333333333333
#fettilootch-#slanglucci,3,1,4,0.25
in-too,9,4,13,0.3076923076923077
electrocuted-got,3,2,5,0.4
everywhere-of,3,2,5,0.4
5-news,2,1,3,0.3333333333333333
start-truck,1,1,2,0.5
fire-people,1,4,5,0.8
a-well.,3,3,6,0.5
my-woke,2,2,4,0.5
couple-hour,2,1,3,0.3333333333333333
#handbag-#womens,5,1,6,0.16666666666666666
but-fuck,1,1,2,0.5
in-political,1,1,2,0.5
awful-the,1,5,6,0.8333333333333334
#autoinsurance-industry,1,1,2,0.5
my-near,1,1,2,0.5
&amp;-out.,1,2,3,0.6666666666666666
north-on,3,4,7,0.5714285714285714
are-off,2,3,5,0.6
me-much,3,1,4,0.25
and-deep,2,1,3,0.3333333333333333
3-of,6,5,11,0.45454545454545453
the-user,1,3,4,0.75
all-an,9,4,13,0.3076923076923077
??-oh,1,1,2,0.5
of-totally,2,1,3,0.3333333333333333
go-start,1,1,2,0.5
a-prophet,4,2,6,0.3333333333333333
than-until,1,1,2,0.5
a-fear,12,17,29,0.5862068965517241
sit-to,3,1,4,0.25
demon-they,1,1,2,0.5
i'm-wondering,1,1,2,0.5
among-england,1,1,2,0.5
from-into,2,5,7,0.7142857142857143
ca-the,1,3,4,0.75
:p-so,1,1,2,0.5
building-inside,2,1,3,0.3333333333333333
for-reason,12,3,15,0.2
1-a,9,7,16,0.4375
a-fighter,1,2,3,0.6666666666666666
a-scared,5,3,8,0.375
can-or,7,2,9,0.2222222222222222
time-today.,1,1,2,0.5
catastrophe.-is,2,2,4,0.5
my-there,11,2,13,0.15384615384615385
in-trump,1,2,3,0.6666666666666666
it-weapon,2,2,4,0.5
@gerenciatodos-hunt...,1,1,2,0.5
up-went,5,3,8,0.375
just-street,1,1,2,0.5
i-rule,1,1,2,0.5
from-keep,2,2,4,0.5
him-say,3,1,4,0.25
have-michael,2,1,3,0.3333333333333333
a-catastrophe,8,1,9,0.1111111111111111
in-were,7,38,45,0.8444444444444444
god-now,1,1,2,0.5
communication-the,1,1,2,0.5
force-in,2,3,5,0.6
the-through,14,6,20,0.3
--st,2,5,7,0.7142857142857143
banned-new,15,2,17,0.11764705882352941
that-via,2,2,4,0.5
director-percent,1,1,2,0.5
do-throwing,1,1,2,0.5
in-men,4,19,23,0.8260869565217391
i-with,101,14,115,0.12173913043478261
in-yeah,2,1,3,0.3333333333333333
'we-to,3,1,4,0.25
lightning-see,2,1,3,0.3333333333333333
economic-is,1,1,2,0.5
in-sorrow,1,1,2,0.5
??-the,65,13,78,0.16666666666666666
and-cloud,1,1,2,0.5
larger-the,3,1,4,0.25
shot-the,9,4,13,0.3076923076923077
and-build,3,1,4,0.25
for-price,1,1,2,0.5
and-police,7,8,15,0.5333333333333333
is-using,1,1,2,0.5
department-the,6,2,8,0.25
rise-stand,8,1,9,0.1111111111111111
#islam-#truth,3,4,7,0.5714285714285714
truck-up,2,2,4,0.5
bargain-this,2,1,3,0.3333333333333333
apocalyptic-my,1,1,2,0.5
apparently-i,3,2,5,0.4
dead-via,1,2,3,0.6666666666666666
from-wall,1,1,2,0.5
doe-wa,1,1,2,0.5
back-want,5,1,6,0.16666666666666666
--icymi,2,2,4,0.5
bioterror-to,5,14,19,0.7368421052631579
call-it,2,3,5,0.6
...-band,2,1,3,0.3333333333333333
he-now!,2,1,3,0.3333333333333333
is-medium,3,4,7,0.5714285714285714
know-or,6,2,8,0.25
http://t.co/encmhz6y34-pick,5,1,6,0.16666666666666666
in-washington,2,5,7,0.7142857142857143
#gilbert23-petition!take,1,1,2,0.5
by-predict,1,1,2,0.5
he-make,6,1,7,0.14285714285714285
??-it,27,4,31,0.12903225806451613
a-starter,1,1,2,0.5
#freespeech-now,1,1,2,0.5
class-in,3,2,5,0.4
get-would,7,2,9,0.2222222222222222
repair-rightways:,1,1,2,0.5
detonation-watch,2,1,3,0.3333333333333333
bit-of,2,7,9,0.7777777777777778
face-to,12,3,15,0.2
i'm-who,2,1,3,0.3333333333333333
got-it,17,6,23,0.2608695652173913
gonna-of,2,1,3,0.3333333333333333
said-you,8,1,9,0.1111111111111111
bridge-of,1,4,5,0.8
house-i'm,1,1,2,0.5
i'm-nothing,5,2,7,0.2857142857142857
for-trent,1,1,2,0.5
be-devastated,1,2,3,0.6666666666666666
one-take,2,2,4,0.5
any-just,2,3,5,0.6
be-fire,11,10,21,0.47619047619047616
down-know,1,1,2,0.5
blown-i,4,5,9,0.5555555555555556
'save-half,4,2,6,0.3333333333333333
#prophetmuhammad-to,4,2,6,0.3333333333333333
be-hurricane,3,1,4,0.25
shift-to,4,8,12,0.6666666666666666
9:-fleet,8,1,9,0.1111111111111111
still-up,3,3,6,0.5
derail-in,1,11,12,0.9166666666666666
--go,2,1,3,0.3333333333333333
a-future,1,2,3,0.6666666666666666
in-sound,4,1,5,0.2
--firefighter,1,1,2,0.5
added-i,13,3,16,0.1875
it-totally,2,1,3,0.3333333333333333
death-maybe,1,1,2,0.5
ship-with,8,1,9,0.1111111111111111
dan-i,2,1,3,0.3333333333333333
#best-#hot,17,13,30,0.43333333333333335
--free,4,1,5,0.2
#farrakhan-he,2,1,3,0.3333333333333333
doe-time,2,2,4,0.5
ink-it,2,1,3,0.3333333333333333
fully-i,1,2,3,0.6666666666666666
drag-me,2,1,3,0.3333333333333333
for-pû_,1,1,2,0.5
gun-to,4,2,6,0.3333333333333333
office-the,5,4,9,0.4444444444444444
been-fact,1,1,2,0.5
sure-there,3,1,4,0.25
on-world,2,3,5,0.6
cop-like,2,1,3,0.3333333333333333
gonna-up,4,2,6,0.3333333333333333
.-:,1,1,2,0.5
just-screamed,10,2,12,0.16666666666666666
share-they,1,1,2,0.5
had-nearly,1,1,2,0.5
&amp;-in,41,37,78,0.47435897435897434
just-scene,1,1,2,0.5
building-ooh...,1,1,2,0.5
return-whirlwind,1,2,3,0.6666666666666666
??????-tomorrow,2,1,3,0.3333333333333333
car-driving,2,2,4,0.5
an-short,1,2,3,0.6666666666666666
not-still,5,2,7,0.2857142857142857
site-to,3,4,7,0.5714285714285714
for-next,2,4,6,0.6666666666666666
a-faster,1,2,3,0.6666666666666666
#afterlife-careful,4,1,5,0.2
by-playing,3,1,4,0.25
blocked-of,5,2,7,0.2857142857142857
invoices.-to,13,2,15,0.13333333333333333
be-curfew,2,1,3,0.3333333333333333
i-weapon,13,2,15,0.13333333333333333
2-would,1,3,4,0.75
even-hellfire,4,2,6,0.3333333333333333
at-feel,3,1,4,0.25
i-rioting,2,5,7,0.7142857142857143
mourns-of,2,1,3,0.3333333333333333
lamp-spot,6,1,7,0.14285714285714285
god-he,3,1,4,0.25
take-whole,1,2,3,0.6666666666666666
a-that?,2,2,4,0.5
#amageddon-will,1,1,2,0.5
cross-over,4,1,5,0.2
back-came,1,1,2,0.5
&amp;-are,5,7,12,0.5833333333333334
it's-made,2,1,3,0.3333333333333333
a-evacuation,2,5,7,0.7142857142857143
mineral's-strike,1,1,2,0.5
car-they,3,1,4,0.25
associated-installation,2,1,3,0.3333333333333333
make-u,2,1,3,0.3333333333333333
chase-real,1,1,2,0.5
a-there.,3,1,4,0.25
of-tonto,5,3,8,0.375
her-ty,1,1,2,0.5
fashionable-water-resistant,2,1,3,0.3333333333333333
scene-the,5,10,15,0.6666666666666666
and-political,1,1,2,0.5
after-have,2,7,9,0.7777777777777778
a-must,12,7,19,0.3684210526315789
a-turn,4,4,8,0.5
land-madinah.,8,4,12,0.3333333333333333
a-giant,4,12,16,0.75
@change-stop,5,4,9,0.4444444444444444
demolished-to,7,1,8,0.125
can-care,2,1,3,0.3333333333333333
go-you,9,7,16,0.4375
all-they,18,5,23,0.21739130434782608
good-in,9,2,11,0.18181818181818182
probably-why,1,1,2,0.5
she-still,2,1,3,0.3333333333333333
apocalypse-reading,1,1,2,0.5
by-general,2,1,3,0.3333333333333333
it-some,14,3,17,0.17647058823529413
be-still,8,2,10,0.2
a-ûó,3,4,7,0.5714285714285714
evacuated-false,1,4,5,0.8
curfew-time,1,1,2,0.5
??-get,7,2,9,0.2222222222222222
one-wonder.,1,1,2,0.5
palin-watch,2,1,3,0.3333333333333333
faced-from,1,1,2,0.5
a-storm,15,44,59,0.7457627118644068
rare-toddler,2,1,3,0.3333333333333333
soudelor-typhoon,1,17,18,0.9444444444444444
and-waiting,1,1,2,0.5
each-other,1,1,2,0.5
because-http://t.co/0wratka2jl,2,1,3,0.3333333333333333
be-you,57,8,65,0.12307692307692308
home-that,5,3,8,0.375
player-playing,1,2,3,0.6666666666666666
just-worry,1,1,2,0.5
...-crash,2,6,8,0.75
on-whole,8,6,14,0.42857142857142855
hope-leaving,1,1,2,0.5
day-his,1,1,2,0.5
gun-no,1,1,2,0.5
explosion-wa,1,1,2,0.5
if-man,2,2,4,0.5
those-who,5,24,29,0.8275862068965517
maybe-other,1,1,2,0.5
at-responder,1,2,3,0.6666666666666666
'the-movie,6,5,11,0.45454545454545453
created-of,2,1,3,0.3333333333333333
at-say,3,8,11,0.7272727272727273
some-those,1,1,2,0.5
like-someone,4,2,6,0.3333333333333333
'the-i'm,1,1,2,0.5
2-police,3,10,13,0.7692307692307693
cree-survival,1,1,2,0.5
over-that,6,4,10,0.4
http://t.co/0wratka2jl-listen,2,1,3,0.3333333333333333
#jonathanferrell-that,1,1,2,0.5
coyote-some,1,1,2,0.5
got-week,1,1,2,0.5
--30,3,3,6,0.5
a-normal,2,4,6,0.6666666666666666
off-on,6,6,12,0.5
full-led,12,2,14,0.14285714285714285
it-without,2,1,3,0.3333333333333333
everything-in,4,1,5,0.2
destroy-that,2,2,4,0.5
have-these,2,1,3,0.3333333333333333
in-sorry,3,1,4,0.25
traumatised-wa,3,2,5,0.4
death-party,1,1,2,0.5
an-û_,1,1,2,0.5
i've-life,1,1,2,0.5
drunk-when,3,2,5,0.4
passing-to,3,2,5,0.4
injuries.-what,1,1,2,0.5
do-thing,3,1,4,0.25
bc-we,2,2,4,0.5
car-on,5,14,19,0.7368421052631579
1-fire,1,2,3,0.6666666666666666
anything-we,5,1,6,0.16666666666666666
none-wa,2,1,3,0.3333333333333333
#sm-#usgs,1,2,3,0.6666666666666666
at-upheaval,4,3,7,0.42857142857142855
body-purse,11,1,12,0.08333333333333333
breaking:-the,1,2,3,0.6666666666666666
be-little,3,2,5,0.4
a-huge,7,17,24,0.7083333333333334
he-tribal,4,2,6,0.3333333333333333
building-video,1,3,4,0.75
run-up,2,2,4,0.5
of-refugee,2,7,9,0.7777777777777778
got-school,2,1,3,0.3333333333333333
#pbban-not,3,1,4,0.25
hungry-so,2,1,3,0.3333333333333333
see-top,1,1,2,0.5
ain't-bagging,1,1,2,0.5
&amp;-just,8,4,12,0.3333333333333333
mention-not,4,2,6,0.3333333333333333
in-w/o,1,1,2,0.5
a-stress,4,2,6,0.3333333333333333
or-well,1,1,2,0.5
--bioterror,3,1,4,0.25
offensiveûª-û÷extremely,3,1,4,0.25
--country,2,1,3,0.3333333333333333
in-point,1,2,3,0.6666666666666666
????????-on,1,1,2,0.5
be-new,8,2,10,0.2
eye-on,2,1,3,0.3333333333333333
are-performing,1,1,2,0.5
county-report,2,1,3,0.3333333333333333
in-min,4,1,5,0.2
flood-like,1,2,3,0.6666666666666666
5-8-pin,2,2,4,0.5
...-60,1,1,2,0.5
a-mudslide',3,2,5,0.4
a-terrorist,3,19,22,0.8636363636363636
he-run,5,3,8,0.375
if-just,8,1,9,0.1111111111111111
of-storm.,3,1,4,0.25
baby-in,10,4,14,0.2857142857142857
please-rt,2,1,3,0.3333333333333333
a-pulling,1,1,2,0.5
actually-just,2,2,4,0.5
&amp;-want,3,2,5,0.4
a-hat,13,5,18,0.2777777777777778
1.-the,1,3,4,0.75
#michelebachman-accept,1,1,2,0.5
from-through,1,1,2,0.5
blood-no,1,1,2,0.5
i-ok,4,5,9,0.5555555555555556
apocalypse-mountain,1,1,2,0.5
big-like,2,4,6,0.6666666666666666
on-opinion,1,2,3,0.6666666666666666
like-little,5,1,6,0.16666666666666666
displaced-out,1,1,2,0.5
at-must,1,1,2,0.5
sad-the,1,6,7,0.8571428571428571
dangerous-of,5,1,6,0.16666666666666666
bag-when,1,1,2,0.5
and-lone,1,1,2,0.5
loud-to,21,7,28,0.25
change-it,5,1,6,0.16666666666666666
fixed-for,1,1,2,0.5
at-condo,1,1,2,0.5
exactly-i,1,2,3,0.6666666666666666
designed-to,3,1,4,0.25
detonate-to,7,2,9,0.2222222222222222
a-true,4,3,7,0.42857142857142855
a-open,7,2,9,0.2222222222222222
for-mean,2,1,3,0.3333333333333333
from-lot,1,4,5,0.8
drum-i'm,1,1,2,0.5
love-why,5,1,6,0.16666666666666666
security-|,1,2,3,0.6666666666666666
#islam-the,1,1,2,0.5
at-sandstorm,1,1,2,0.5
catastrophe.-prepare,2,2,4,0.5
other-up,2,1,3,0.3333333333333333
lie-people,1,1,2,0.5
follow-to,3,1,4,0.25
lightning-rock,2,3,5,0.6
mû_-will,1,1,2,0.5
bigger-is,1,2,3,0.6666666666666666
hospital-my,1,1,2,0.5
be-you!,4,1,5,0.2
faced-lab,1,2,3,0.6666666666666666
#best-and,1,7,8,0.875
always-be,7,1,8,0.125
hear-is,1,5,6,0.8333333333333334
i'm-like,16,5,21,0.23809523809523808
avalanche-for,2,1,3,0.3333333333333333
potential-specimen,1,1,2,0.5
??-don't,9,3,12,0.25
5-red-light,1,1,2,0.5
seeing-wa,1,1,2,0.5
a-way.,3,1,4,0.25
of-sa,2,1,3,0.3333333333333333
battle-power,1,1,2,0.5
for-them!,2,1,3,0.3333333333333333
my-still,14,5,19,0.2631578947368421
kit-the,1,2,3,0.6666666666666666
like-missing,2,1,3,0.3333333333333333
hey-of,3,1,4,0.25
texas-the,1,6,7,0.8571428571428571
&amp;-miss,1,2,3,0.6666666666666666
in-thank,1,4,5,0.8
:-industry,2,1,3,0.3333333333333333
in.-were,1,1,2,0.5
but-least,3,1,4,0.25
letûªs-to,6,2,8,0.25
cannot-it,1,1,2,0.5
military-work,1,2,3,0.6666666666666666
summer-you,1,1,2,0.5
5-game,2,1,3,0.3333333333333333
at-loud,2,1,3,0.3333333333333333
at-international,4,1,5,0.2
aka-one,1,1,2,0.5
it-wildfire,1,2,3,0.6666666666666666
do-is,11,9,20,0.45
about-from,3,2,5,0.4
dy-i,1,1,2,0.5
bagging-you,1,1,2,0.5
forgiven-not,1,1,2,0.5
it's-survive,2,1,3,0.3333333333333333
oil-take,1,1,2,0.5
--wounded,1,5,6,0.8333333333333334
didn't-it,8,1,9,0.1111111111111111
of-rt:,1,1,2,0.5
extra-is,1,2,3,0.6666666666666666
not-please,1,1,2,0.5
and-omg,6,1,7,0.14285714285714285
and-were,17,15,32,0.46875
much-so,30,3,33,0.09090909090909091
and-like,77,36,113,0.3185840707964602
at-south,1,5,6,0.8333333333333334
heat-i,7,5,12,0.4166666666666667
a-homeless,4,2,6,0.3333333333333333
averted:-with,1,2,3,0.6666666666666666
die!please-help!,1,1,2,0.5
that-worst,1,2,3,0.6666666666666666
it-shit,5,4,9,0.4444444444444444
flame-on,3,3,6,0.5
patience-tension,3,6,9,0.6666666666666666
@bradleybrad47-it,2,1,3,0.3333333333333333
he-out.,1,1,2,0.5
sound-wave,12,5,17,0.29411764705882354
drive-on,1,3,4,0.75
bloody-but,2,2,4,0.5
a-monster,3,1,4,0.25
he's-put,2,1,3,0.3333333333333333
a-wed,1,1,2,0.5
how-really,3,1,4,0.25
bird-to,1,1,2,0.5
&amp;-fifth,2,1,3,0.3333333333333333
area.-in,3,3,6,0.5
hellfire-it,6,2,8,0.25
21:1023-to,1,1,2,0.5
area.-gunshot,1,1,2,0.5
for-obama,1,85,86,0.9883720930232558
?-day,1,1,2,0.5
still-today,1,8,9,0.8888888888888888
i-what's,2,1,3,0.3333333333333333
&amp;-new,8,5,13,0.38461538461538464
and-little,3,3,6,0.5
reporting-the,1,3,4,0.75
him)-upon,4,2,6,0.3333333333333333
in-worth,1,1,2,0.5
13-at,2,6,8,0.75
fighting-that,2,1,3,0.3333333333333333
at-eye,8,1,9,0.1111111111111111
15-the,3,2,5,0.4
and-cup,2,1,3,0.3333333333333333
cinema-trafford,1,4,5,0.8
all-made,3,1,4,0.25
be-evacuated.,1,1,2,0.5
answer-on,2,1,3,0.3333333333333333
harm-i,13,6,19,0.3157894736842105
reading-took,1,1,2,0.5
silent-the,1,1,2,0.5
leave-or,1,2,3,0.6666666666666666
#gbbo-with,2,2,4,0.5
me-that,34,6,40,0.15
land-u,1,1,2,0.5
how-not,9,3,12,0.25
3-it,3,3,6,0.5
down-me,9,3,12,0.25
4-by,3,4,7,0.5714285714285714
he-pulled,1,1,2,0.5
day-u,1,1,2,0.5
--temple,1,15,16,0.9375
insurer-texas,6,1,7,0.14285714285714285
go-have,1,1,2,0.5
to-tragedy,3,15,18,0.8333333333333334
look-u,6,1,7,0.14285714285714285
going-than,1,2,3,0.6666666666666666
been-ha,30,26,56,0.4642857142857143
exploded-of,4,2,6,0.3333333333333333
helicopter-on,1,2,3,0.6666666666666666
hike:-texas,1,1,2,0.5
accidentally-off,1,2,3,0.6666666666666666
him-piece,1,1,2,0.5
down-electrical,1,3,4,0.75
believe-not,1,1,2,0.5
white-you,2,2,4,0.5
help-plant,1,1,2,0.5
??-in,21,2,23,0.08695652173913043
out-water,1,1,2,0.5
movie-on,2,3,5,0.6
enugu-to,7,1,8,0.125
my-tornado,4,1,5,0.2
pathogen-will,4,2,6,0.3333333333333333
been-had,2,4,6,0.6666666666666666
idp-strategy,1,4,5,0.8
lab-make,1,2,3,0.6666666666666666
how-pakistan,1,1,2,0.5
can-so,20,3,23,0.13043478260869565
like-room,2,1,3,0.3333333333333333
in-rubble,2,2,4,0.5
my-peace,1,2,3,0.6666666666666666
2015-summer,1,1,2,0.5
#directioners-for,8,1,9,0.1111111111111111
dead-is,6,8,14,0.5714285714285714
it-tell,2,1,3,0.3333333333333333
in-name,2,5,7,0.7142857142857143
panicking-to,9,1,10,0.1
causing-in,2,2,4,0.5
last-while,1,1,2,0.5
at-it.,1,1,2,0.5
be-blizzard,1,1,2,0.5
9:-involving,8,1,9,0.1111111111111111
dead-one,1,1,2,0.5
i-thunderstorm,2,1,3,0.3333333333333333
do-much,1,2,3,0.6666666666666666
at-strike,3,2,5,0.4
just-on,27,21,48,0.4375
burning....-i'm,3,3,6,0.5
joe-lightning,1,1,2,0.5
scream-the,5,5,10,0.5
totally-when,3,2,5,0.4
adult-in,3,2,5,0.4
japan-the,1,36,37,0.972972972972973
'first'-8,1,1,2,0.5
disaster-gunman,1,2,3,0.6666666666666666
evacuation-so,1,1,2,0.5
a-bit,3,5,8,0.625
percent-windstorm,1,1,2,0.5
a-mean,5,4,9,0.4444444444444444
rioting-there,1,2,3,0.6666666666666666
u-video,3,3,6,0.5
people-still,5,1,6,0.16666666666666666
horrible-whole,4,3,7,0.42857142857142855
and-olap,1,2,3,0.6666666666666666
case-you,2,2,4,0.5
death-pregnant,2,1,3,0.3333333333333333
approves-director,1,1,2,0.5
heading-to,1,2,3,0.6666666666666666
&amp;-dog,1,1,2,0.5
anything-isn't,1,1,2,0.5
during-over,1,1,2,0.5
#womens-body,5,1,6,0.16666666666666666
put-wa,1,1,2,0.5
for-ran,2,1,3,0.3333333333333333
actually-i,6,4,10,0.4
are-just,11,7,18,0.3888888888888889
are-hand,3,1,4,0.25
but-hear,1,1,2,0.5
for-nw,1,3,4,0.75
a-point,1,4,5,0.8
browser-linkury,5,2,7,0.2857142857142857
got-he,2,1,3,0.3333333333333333
100-and,1,1,2,0.5
8-a,1,5,6,0.8333333333333334
hey-in,3,1,4,0.25
at-could,6,5,11,0.45454545454545453
according-mom,1,1,2,0.5
by-system,1,2,3,0.6666666666666666
aba-delivers,9,4,13,0.3076923076923077
petition-told,2,1,3,0.3333333333333333
in-trauma,7,3,10,0.3
like-poor,1,1,2,0.5
are-is,25,22,47,0.46808510638297873
for-guy,5,1,6,0.16666666666666666
bout-to,3,2,5,0.4
out-school,2,1,3,0.3333333333333333
my-operation,1,1,2,0.5
see-where,2,1,3,0.3333333333333333
use-when,4,1,5,0.2
power-war,1,2,3,0.6666666666666666
#modi-&amp;,1,2,3,0.6666666666666666
always-up,8,1,9,0.1111111111111111
u-up,10,2,12,0.16666666666666666
#newsintweets--,1,2,3,0.6666666666666666
of-rather,4,1,5,0.2
just-omg,1,1,2,0.5
#world-wake,1,1,2,0.5
injury-on,4,2,6,0.3333333333333333
christian-to,1,1,2,0.5
of-traffic,3,1,4,0.25
all-danger,1,1,2,0.5
on-snowstorm,3,1,4,0.25
2015-|,1,1,2,0.5
any-no,1,3,4,0.75
a-morning,4,4,8,0.5
in-trouble,7,2,9,0.2222222222222222
group-of,4,12,16,0.75
leave-their,1,1,2,0.5
answer-the,3,5,8,0.625
in-method,1,1,2,0.5
hellfire!-letûªs,3,1,4,0.25
--tsunami,3,4,7,0.5714285714285714
bless-in,1,1,2,0.5
just-who,2,3,5,0.6
banned-effect,15,2,17,0.11764705882352941
sound-where,1,2,3,0.6666666666666666
emergency-up,5,1,6,0.16666666666666666
dr.-in,1,1,2,0.5
evacuate-one,1,1,2,0.5
film-following,1,4,5,0.8
a-slowly,1,2,3,0.6666666666666666
of-some,21,24,45,0.5333333333333333
a-man,30,27,57,0.47368421052631576
and-update:,2,2,4,0.5
me-song,4,1,5,0.2
before-who,1,1,2,0.5
more-plan,3,1,4,0.25
everything-red,1,1,2,0.5
blocked-is,5,2,7,0.2857142857142857
family-those,1,21,22,0.9545454545454546
couple-water-resistant,2,1,3,0.3333333333333333
cherokee-the,1,1,2,0.5
#prebreak-or,4,1,5,0.2
a-getting,16,8,24,0.3333333333333333
earthquake-rt,2,3,5,0.6
is-test,2,1,3,0.3333333333333333
better-that,7,1,8,0.125
http://t.co/vz1irh0nmm-integrity,1,1,2,0.5
game?-the,2,2,4,0.5
i-understand,7,1,8,0.125
crazy-the,8,3,11,0.2727272727272727
4x4-led,6,1,7,0.14285714285714285
can-you're,1,1,2,0.5
one-watching,3,2,5,0.4
flood-with,2,2,4,0.5
mishap-transport,5,12,17,0.7058823529411765
mass-the,16,23,39,0.5897435897435898
#isis-#islam,3,4,7,0.5714285714285714
chinese-the,1,1,2,0.5
it-picture,1,2,3,0.6666666666666666
burn-gonna,1,1,2,0.5
on-view,2,3,5,0.6
but-something,5,1,6,0.16666666666666666
and-better,7,1,8,0.125
+-people,3,1,4,0.25
air-have,2,1,3,0.3333333333333333
by-dead,1,3,4,0.75
this-u,6,6,12,0.5
about-even,5,1,6,0.16666666666666666
follower-for,2,1,3,0.3333333333333333
here-just,3,1,4,0.25
a-horror;,1,4,5,0.8
firey-inferno,1,1,2,0.5
can-plan,2,1,3,0.3333333333333333
not-your,8,4,12,0.3333333333333333
i-maybe,4,1,5,0.2
ha-that's,2,1,3,0.3333333333333333
can-injury,1,2,3,0.6666666666666666
kid-parent,1,1,2,0.5
days.-in,1,2,3,0.6666666666666666
from-man,5,7,12,0.5833333333333334
blown-is,5,1,6,0.16666666666666666
loose-my,1,1,2,0.5
a-t...,1,7,8,0.875
ave-silver,1,4,5,0.8
it's-love,2,2,4,0.5
a-give,6,3,9,0.3333333333333333
by-early,2,1,3,0.3333333333333333
a-step,2,2,4,0.5
electrocuted-omg,1,1,2,0.5
to-trump,3,2,5,0.4
demolish-house,1,1,2,0.5
hollywood-miner,21,10,31,0.3225806451612903
in-please,4,4,8,0.5
on-we,16,21,37,0.5675675675675675
at-tomorrow,1,2,3,0.6666666666666666
fire-survival,1,1,2,0.5
some-will,2,3,5,0.6
#sm-m,1,2,3,0.6666666666666666
sister-to,5,3,8,0.375
i-upset,2,1,3,0.3333333333333333
by-nearly,1,1,2,0.5
#islam!-anything,1,1,2,0.5
of-person,10,4,14,0.2857142857142857
are-or,14,6,20,0.3
best-would,1,1,2,0.5
even-wall,1,1,2,0.5
car-off,2,1,3,0.3333333333333333
and-remove,5,3,8,0.375
dont-of,1,1,2,0.5
part-worst,1,1,2,0.5
to-university,2,2,4,0.5
flood-in,6,33,39,0.8461538461538461
seismic-survey,1,1,2,0.5
missing-tsunami,1,1,2,0.5
but-football,1,1,2,0.5
in-wreck,3,4,7,0.5714285714285714
fire-had,1,3,4,0.75
her.-the,3,1,4,0.25
the-toddler,1,1,2,0.5
had-up,3,5,8,0.625
some-something,1,1,2,0.5
#prebreak-1980,1,7,8,0.875
pretty-to,4,1,5,0.2
half-him),4,2,6,0.3333333333333333
hit-that,1,1,2,0.5
in-may,7,7,14,0.5
thunder-wa,1,1,2,0.5
maybe-them,2,1,3,0.3333333333333333
over-your,3,1,4,0.25
can't-this,6,3,9,0.3333333333333333
annihilation-world,1,1,2,0.5
a-via,13,12,25,0.48
find-look,1,1,2,0.5
because-know,2,1,3,0.3333333333333333
just-through,1,2,3,0.6666666666666666
an-during,1,1,2,0.5
building-leave,1,2,3,0.6666666666666666
charged-his,4,2,6,0.3333333333333333
--00:52:25,1,1,2,0.5
half-to,4,3,7,0.42857142857142855
screaming-the,12,5,17,0.29411764705882354
or-some,1,2,3,0.6666666666666666
flattened-in,5,1,6,0.16666666666666666
already-there,1,1,2,0.5
--summer,2,4,6,0.6666666666666666
going-what,2,3,5,0.6
in-stage,1,1,2,0.5
into-way,1,1,2,0.5
robert-to,1,1,2,0.5
so-weapon,2,1,3,0.3333333333333333
ha-kill,1,1,2,0.5
saying-you,2,1,3,0.3333333333333333
heat-this,2,3,5,0.6
me-their,2,1,3,0.3333333333333333
forgot-i,3,1,4,0.25
the-vote,5,2,7,0.2857142857142857
no-pretty,2,3,5,0.6
are-going,8,3,11,0.2727272727272727
an-bath,1,1,2,0.5
meet-when,1,1,2,0.5
u-want,5,2,7,0.2857142857142857
could-with,5,2,7,0.2857142857142857
gonna-there,2,1,3,0.3333333333333333
please-so,2,2,4,0.5
into-she,5,2,7,0.2857142857142857
history:-out,1,1,2,0.5
considering-the,1,3,4,0.75
he's-his,5,3,8,0.375
and-community,3,1,4,0.25
and-weak,1,1,2,0.5
2015]-data,12,5,17,0.29411764705882354
and-grew,1,1,2,0.5
ass.-my,13,3,16,0.1875
for-their,9,6,15,0.4
look-to,20,13,33,0.3939393939393939
in-public,2,2,4,0.5
/-e,2,2,4,0.5
injury-my,4,1,5,0.2
gunshot-only,1,1,2,0.5
been-many,1,1,2,0.5
up-year,1,2,3,0.6666666666666666
look-some,2,2,4,0.5
9:-eye,8,1,9,0.1111111111111111
description-surah,2,1,3,0.3333333333333333
do-getting,2,2,4,0.5
new-up,6,1,7,0.14285714285714285
down-set,1,1,2,0.5
back-why,2,1,3,0.3333333333333333
@change-tonto,5,3,8,0.375
didn't-hit,1,1,2,0.5
hunt...-å¨,1,1,2,0.5
terrorism!-the,1,1,2,0.5
state-united,4,4,8,0.5
bar-led,8,1,9,0.1111111111111111
about-fact,1,1,2,0.5
here-that,1,3,4,0.75
barely-to,1,1,2,0.5
a-fell,3,2,5,0.4
is-these,3,2,5,0.4
a-hijack,3,10,13,0.7692307692307693
california-school,3,6,9,0.6666666666666666
but-few,4,2,6,0.3333333333333333
bush-to,2,3,5,0.6
17:52:25-e,1,1,2,0.5
by-external,1,1,2,0.5
it-said,10,6,16,0.375
seat-the,5,1,6,0.16666666666666666
my-screamed,14,2,16,0.125
@spencers-thunder,1,2,3,0.6666666666666666
save-sign,3,2,5,0.4
route-to,5,2,7,0.2857142857142857
and-cliff,8,1,9,0.1111111111111111
about-now,3,1,4,0.25
going-house,1,1,2,0.5
&amp;-storm,3,3,6,0.5
life-you,12,8,20,0.4
or-portland,1,1,2,0.5
from-road,1,1,2,0.5
of-they,30,14,44,0.3181818181818182
he-i,39,11,50,0.22
greatest-is,3,1,4,0.25
head-off,1,2,3,0.6666666666666666
toe-you,1,1,2,0.5
a-as,10,1,11,0.09090909090909091
of-prompted,1,3,4,0.75
car-with,4,8,12,0.6666666666666666
day-got,4,1,5,0.2
bagging-meek.,1,1,2,0.5
a-lot,33,6,39,0.15384615384615385
likely-pay',7,1,8,0.125
and-displaced,3,2,5,0.4
making-this,3,1,4,0.25
happening-the,5,8,13,0.6153846153846154
made-on,3,1,4,0.25
annihilated-were,2,1,3,0.3333333333333333
of-one,47,36,83,0.43373493975903615
literally-might,1,1,2,0.5
day-get,8,2,10,0.2
ha-she's,2,1,3,0.3333333333333333
the-yorker,3,6,9,0.6666666666666666
and-food,7,1,8,0.125
double-the,3,1,4,0.25
in-my,136,53,189,0.2804232804232804
fell-over,1,1,2,0.5
low-with,6,3,9,0.3333333333333333
had-too,1,1,2,0.5
wa-wild,3,2,5,0.4
--train,1,11,12,0.9166666666666666
active-up,1,1,2,0.5
#world-pres:,1,2,3,0.6666666666666666
right-sitting,1,1,2,0.5
my-stopped,3,1,4,0.25
hazardous-the,8,3,11,0.2727272727272727
a-block,4,1,5,0.2
at-them,2,2,4,0.5
but-it.,9,3,12,0.25
of-radio:,1,1,2,0.5
6+-charger,1,1,2,0.5
man-you,11,2,13,0.15384615384615385
#business-reddit,1,1,2,0.5
is-option,1,1,2,0.5
is-service,4,1,5,0.2
9-to,1,1,2,0.5
a-listed,3,1,4,0.25
#reddit-reddit,2,1,3,0.3333333333333333
battle-of,9,2,11,0.18181818181818182
all-n,1,2,3,0.6666666666666666
a-windstorm,3,1,4,0.25
equipment-in,2,2,4,0.5
quite-wa,1,1,2,0.5
death-two,1,1,2,0.5
suicide-there,1,1,2,0.5
know-other,1,2,3,0.6666666666666666
office-thanks,1,1,2,0.5
realise-youûªve,4,3,7,0.42857142857142855
apocalypse-but,1,1,2,0.5
a-piling,4,1,5,0.2
one-survived,1,2,3,0.6666666666666666
alone-to,7,1,8,0.125
days.-for,1,1,2,0.5
in-source,1,2,3,0.6666666666666666
a-upon,11,3,14,0.21428571428571427
bus-dead,1,4,5,0.8
#world-multidimensi,1,1,2,0.5
choking-of,1,1,2,0.5
library:-prepare,2,2,4,0.5
it's-on,17,7,24,0.2916666666666667
there-you,22,1,23,0.043478260869565216
4-but,3,2,5,0.4
internet-is,1,1,2,0.5
brown-ûò,2,1,3,0.3333333333333333
how-to,65,25,90,0.2777777777777778
publicizing-stop,1,1,2,0.5
don't-they,13,5,18,0.2777777777777778
completely-to,3,1,4,0.25
disaster-me,1,3,4,0.75
project-we,1,1,2,0.5
hellfire-so,4,1,5,0.2
this-year,7,5,12,0.4166666666666667
collapse.-you,2,1,3,0.3333333333333333
but-me.,2,3,5,0.6
got-up,9,4,13,0.3076923076923077
daughter-or,1,1,2,0.5
feel-would,4,1,5,0.2
12000-cameroon,1,11,12,0.9166666666666666
almost-time,2,2,4,0.5
like-me.,3,3,6,0.5
#genocide;-internally,1,4,5,0.8
hail-new,1,2,3,0.6666666666666666
about-without,1,1,2,0.5
medium-terrorist,1,1,2,0.5
is-what's,2,2,4,0.5
me-still,4,3,7,0.42857142857142855
cheese-prompt,1,1,2,0.5
now-service,1,3,4,0.75
#faroeislands-take,1,2,3,0.6666666666666666
emerges-in,1,1,2,0.5
#aoms-girl,1,2,3,0.6666666666666666
their-they,7,7,14,0.5
accident.-i,1,1,2,0.5
meeting-the,1,2,3,0.6666666666666666
boat-with,2,1,3,0.3333333333333333
of-train,4,39,43,0.9069767441860465
??-why,7,1,8,0.125
just-piece,1,1,2,0.5
if-next,1,3,4,0.75
burning-rt,2,1,3,0.3333333333333333
not-they,15,5,20,0.25
9:-ship,8,1,9,0.1111111111111111
alarm-trafford,1,1,2,0.5
is-piece,1,7,8,0.875
content-new,16,2,18,0.1111111111111111
in-stadium,4,30,34,0.8823529411764706
#best-c-130,1,7,8,0.875
i-say,17,5,22,0.22727272727272727
her-on,15,4,19,0.21052631578947367
when-won,1,1,2,0.5
also-of,11,6,17,0.35294117647058826
trial-with,1,1,2,0.5
be-up,18,5,23,0.21739130434782608
against-just,1,1,2,0.5
kit-knife,1,1,2,0.5
--tank,1,2,3,0.6666666666666666
of-too,12,4,16,0.25
of-to,308,244,552,0.4420289855072464
brought-will,1,1,2,0.5
land-modified,1,10,11,0.9090909090909091
international-to,5,1,6,0.16666666666666666
in-those,1,8,9,0.8888888888888888
aug-the,1,1,2,0.5
it's-out,14,1,15,0.06666666666666667
panicking-that,2,1,3,0.3333333333333333
be-heat,1,5,6,0.8333333333333334
@business-to,1,1,2,0.5
lizard-some,1,1,2,0.5
????-girl,1,1,2,0.5
@nytimes-via,1,1,2,0.5
anthrax-no,5,11,16,0.6875
i-in,231,106,337,0.314540059347181
for-lie,1,1,2,0.5
lie-little,1,1,2,0.5
than-think,1,1,2,0.5
annihilated-of,5,3,8,0.375
instead-wedding,1,1,2,0.5
storm-to,6,20,26,0.7692307692307693
matter-the,3,2,5,0.4
live:-on,1,1,2,0.5
hostage-of,2,10,12,0.8333333333333334
created-to,1,1,2,0.5
all-off,5,5,10,0.5
god-thank,2,3,5,0.6
baby-incase,1,1,2,0.5
no-pathogen,5,2,7,0.2857142857142857
...-australiaûªs,1,1,2,0.5
i-posted,1,1,2,0.5
charging-or,1,1,2,0.5
palin-women!,2,1,3,0.3333333333333333
on-planet,1,1,2,0.5
but-into,5,2,7,0.2857142857142857
damage-on,3,9,12,0.75
like-without,3,1,4,0.25
literally-of,8,1,9,0.1111111111111111
is-single,1,1,2,0.5
reading-spirit,1,1,2,0.5
her-she,12,5,17,0.29411764705882354
?-are,2,1,3,0.3333333333333333
a-found,3,2,5,0.4
gun-mayhem!,1,1,2,0.5
lung-to,1,2,3,0.6666666666666666
along-you,1,1,2,0.5
but-living,1,1,2,0.5
got-i,52,12,64,0.1875
ha-murderer,1,1,2,0.5
blew-see,2,1,3,0.3333333333333333
'the-starring...,3,2,5,0.4
emergency-more,1,1,2,0.5
#amageddon-#freespeech,1,1,2,0.5
change-comment,6,3,9,0.3333333333333333
siren-they're,2,1,3,0.3333333333333333
coming-http://t.co/cybksxhf7d,2,3,5,0.6
keep-whipped,2,1,3,0.3333333333333333
look-take,3,4,7,0.5714285714285714
'if-panic,1,1,2,0.5
#prebreak-hostage,1,7,8,0.875
short-top,2,1,3,0.3333333333333333
#foodscare-#humanconsumption,1,2,3,0.6666666666666666
00:52:25-of,1,1,2,0.5
#aoms-sassy,1,2,3,0.6666666666666666
make-say,2,1,3,0.3333333333333333
it-there,12,9,21,0.42857142857142855
hospital-me,1,1,2,0.5
might-what,1,1,2,0.5
video-with,3,1,4,0.25
deep-it,1,3,4,0.75
not-part,1,1,2,0.5
catastrophe-review,1,1,2,0.5
over-world,2,3,5,0.6
get-yesterday.,1,1,2,0.5
hobo-leather,7,1,8,0.125
of-rid,3,1,4,0.25
crash-that,1,4,5,0.8
--strike,1,1,2,0.5
any-be,4,1,5,0.2
the-wow.,2,2,4,0.5
by-up,6,28,34,0.8235294117647058
but-predict,3,1,4,0.25
love-whole,2,1,3,0.3333333333333333
avalanche-the,5,1,6,0.16666666666666666
#jonathanferrell-is,2,2,4,0.5
are-steve,1,1,2,0.5
never-with,1,1,2,0.5
believe-is,6,2,8,0.25
devastated-of,1,6,7,0.8571428571428571
ha-very,4,1,5,0.2
or-who,12,2,14,0.14285714285714285
daughter-i,1,2,3,0.6666666666666666
??-here,1,1,2,0.5
of-syrian,2,3,5,0.6
change.-he,2,1,3,0.3333333333333333
coming-rt,3,2,5,0.4
at-one,8,10,18,0.5555555555555556
on-rainstorm,2,2,4,0.5
get-out,9,2,11,0.18181818181818182
look-would,1,2,3,0.6666666666666666
from-sw,2,1,3,0.3333333333333333
nearly-of,1,2,3,0.6666666666666666
saw-u,2,1,3,0.3333333333333333
not-off,2,1,3,0.3333333333333333
@accionempresa-stock,1,1,2,0.5
#art-#treeporn,1,1,2,0.5
learn-your,1,1,2,0.5
.potus-etc.,1,4,5,0.8
--power,1,4,5,0.8
electrocuted-of,2,4,6,0.6666666666666666
everyone-there,1,1,2,0.5
nuclear-to,10,22,32,0.6875
out-picked,1,1,2,0.5
--out,9,3,12,0.25
fifth-http://t.co/0wratka2jl,2,1,3,0.3333333333333333
couple-sun.,1,1,2,0.5
#lgbt-owner,4,1,5,0.2
new-still,1,2,3,0.6666666666666666
told-wa,1,1,2,0.5
drown-my,4,1,5,0.2
stand-will,4,1,5,0.2
kendall-the,1,1,2,0.5
more-to,29,42,71,0.5915492957746479
thing-to,14,8,22,0.36363636363636365
could-if,9,1,10,0.1
#cnn-#isis,3,4,7,0.5714285714285714
get-like,16,1,17,0.058823529411764705
of-past,3,3,6,0.5
bayelsa-jonathan,6,9,15,0.6
concert-my,1,1,2,0.5
ever-it's,2,1,3,0.3333333333333333
right-some,1,1,2,0.5
climate-god,2,1,3,0.3333333333333333
congress-of,1,1,2,0.5
attack-me,1,1,2,0.5
meltdown-of,3,2,5,0.4
way-which,1,4,5,0.8
60-australiaûªs,1,1,2,0.5
inferno-predict,1,1,2,0.5
??????-they,1,1,2,0.5
the-train,5,43,48,0.8958333333333334
destiny-ur,10,2,12,0.16666666666666666
will-with,26,6,32,0.1875
are-something,2,1,3,0.3333333333333333
and-flooding,1,8,9,0.8888888888888888
a-them,19,7,26,0.2692307692307692
get-guy,3,1,4,0.25
??-faux,2,1,3,0.3333333333333333
be-seeing,2,1,3,0.3333333333333333
ha-mom,2,1,3,0.3333333333333333
picked!-playing,2,1,3,0.3333333333333333
blown-little,1,1,2,0.5
do-look,1,2,3,0.6666666666666666
reason-xp',3,1,4,0.25
around-myself,1,1,2,0.5
charity.'-in,4,2,6,0.3333333333333333
know-where,4,3,7,0.42857142857142855
hearing-i,2,1,3,0.3333333333333333
china-russia,1,1,2,0.5
black-white,4,3,7,0.42857142857142855
it-small,1,1,2,0.5
hair-of,3,1,4,0.25
some-time,2,1,3,0.3333333333333333
her-me,9,1,10,0.1
haha-kid,1,1,2,0.5
mma-order,1,2,3,0.6666666666666666
a-live,8,3,11,0.2727272727272727
are-since,2,1,3,0.3333333333333333
and-roof,2,2,4,0.5
actual-the,4,1,5,0.2
gone-i,1,3,4,0.75
#preparedness-for,2,2,4,0.5
believe-hi,1,1,2,0.5
and-uk,1,1,2,0.5
and-http://t.co/bbdpnj8xsx,2,1,3,0.3333333333333333
august-you,1,1,2,0.5
driven-with,1,1,2,0.5
--reason,4,1,5,0.2
gt-moulding,2,1,3,0.3333333333333333
have-never,3,2,5,0.4
#magginoodle-#offers2go,1,2,3,0.6666666666666666
or-shape,9,1,10,0.1
due-my,2,2,4,0.5
perhaps-should,3,1,4,0.25
flood-this,1,1,2,0.5
#god-truth...,3,4,7,0.5714285714285714
fire-still,3,1,4,0.25
evacuate-their,1,1,2,0.5
out-suicide,1,2,3,0.6666666666666666
direction-http://t.co/encmhz6y34,5,1,6,0.16666666666666666
i-or,43,8,51,0.1568627450980392
appears-my,13,3,16,0.1875
catastrophe-is,3,1,4,0.25
bomb-would,1,1,2,0.5
faulty-in,1,1,2,0.5
are-get,7,1,8,0.125
do-of,31,12,43,0.27906976744186046
day-he,3,1,4,0.25
list-of,5,1,6,0.16666666666666666
at-condition,1,5,6,0.8333333333333334
??-it's,8,1,9,0.1111111111111111
fire-hill,1,1,2,0.5
i'm-weapon,6,1,7,0.14285714285714285
always-an,2,1,3,0.3333333333333333
burning-but,7,4,11,0.36363636363636365
driving-the,2,3,5,0.6
arrived-ha,3,1,4,0.25
tsunami-u,2,3,5,0.6
obliterated-predict,1,1,2,0.5
the-who,38,60,98,0.6122448979591837
over-take,1,1,2,0.5
population-the,9,2,11,0.18181818181818182
but-were,2,3,5,0.6
ig-it,1,1,2,0.5
(peace-if,4,2,6,0.3333333333333333
threat-with,1,1,2,0.5
2015:-out,1,1,2,0.5
car-so,3,1,4,0.25
added-just,3,1,4,0.25
it-natural,3,5,8,0.625
a-your,78,24,102,0.23529411764705882
led-truck,4,1,5,0.2
#genocide;-is,1,4,5,0.8
eyewitness-show,1,1,2,0.5
a-landing,1,6,7,0.8571428571428571
of-story,8,14,22,0.6363636363636364
doing-want,1,1,2,0.5
a-beautiful,14,5,19,0.2631578947368421
2.1a-for,1,1,2,0.5
american-by,1,2,3,0.6666666666666666
langley-used,1,2,3,0.6666666666666666
around-your,2,2,4,0.5
60-bundled,1,1,2,0.5
fire-near,1,8,9,0.8888888888888888
something-your,4,1,5,0.2
losing-of,2,1,3,0.3333333333333333
it's-though,1,1,2,0.5
in-made,8,4,12,0.3333333333333333
couple-detonation,2,1,3,0.3333333333333333
hit-police,1,1,2,0.5
new-prepare,1,1,2,0.5
them-up,2,2,4,0.5
scared-wa,3,1,4,0.25
panic!-to,3,2,5,0.4
currently-to,2,2,4,0.5
because-fifth,2,1,3,0.3333333333333333
...the-at,1,5,6,0.8333333333333334
have-plan,6,2,8,0.25
#9-not,1,1,2,0.5
grass-of,1,2,3,0.6666666666666666
ben-some,2,3,5,0.6
a-humaza.,2,1,3,0.3333333333333333
it's-up,5,3,8,0.375
man-shit,1,1,2,0.5
a-alone,9,2,11,0.18181818181818182
#news-#tech,1,1,2,0.5
don't-please,2,2,4,0.5
an-off,1,1,2,0.5
exploded-until,1,1,2,0.5
tsunami-you,3,1,4,0.25
online-to,6,1,7,0.14285714285714285
#allah-in,3,1,4,0.25
destroyed-fleet,8,1,9,0.1111111111111111
injured-one,1,1,2,0.5
gone-the,5,1,6,0.16666666666666666
in-itself,2,1,3,0.3333333333333333
action-ferguson's,2,1,3,0.3333333333333333
and-week,4,2,6,0.3333333333333333
just-white,1,1,2,0.5
for-hail,1,2,3,0.6666666666666666
come-my,8,1,9,0.1111111111111111
the-watch,12,19,31,0.6129032258064516
but-sure,2,3,5,0.6
and-front,4,2,6,0.3333333333333333
fires.-have,2,2,4,0.5
i-service,3,3,6,0.5
#gilbert23-die!please,1,1,2,0.5
bus-parole,4,12,16,0.75
in-visit,3,2,5,0.4
doing-mph,1,1,2,0.5
attacking-will,1,1,2,0.5
breaking:-in,1,3,4,0.75
collective-the,1,2,3,0.6666666666666666
coach-wa,1,4,5,0.8
and-seems,1,1,2,0.5
to-wouldn't,1,2,3,0.6666666666666666
of-open,3,1,4,0.25
really-they,2,1,3,0.3333333333333333
a-unit,1,8,9,0.8888888888888888
it-room,3,1,4,0.25
a-george,1,2,3,0.6666666666666666
specimen-willing,1,1,2,0.5
supposed-when,1,1,2,0.5
will-youtube,1,1,2,0.5
are-explode,1,1,2,0.5
i-tomorrow,4,3,7,0.42857142857142855
ha-pm,1,2,3,0.6666666666666666
better-look,1,1,2,0.5
fire-installation,2,1,3,0.3333333333333333
about-heard,3,1,4,0.25
another-their,1,1,2,0.5
almost-from,1,2,3,0.6666666666666666
a-championship,1,2,3,0.6666666666666666
gem-there,11,6,17,0.35294117647058826
bar-work,9,1,10,0.1
there's-we,2,1,3,0.3333333333333333
all-even,2,2,4,0.5
shape-your,1,1,2,0.5
shouldn't-that,2,1,3,0.3333333333333333
quite-the,7,4,11,0.36363636363636365
do-want,9,2,11,0.18181818181818182
feel-no,5,2,7,0.2857142857142857
detonation-tabû_,2,1,3,0.3333333333333333
aircraft-order,1,4,5,0.8
instead-syrian,1,2,3,0.6666666666666666
do-now.,2,1,3,0.3333333333333333
crash:-market,14,6,20,0.3
and-shook,1,1,2,0.5
for-parole,4,10,14,0.7142857142857143
just-they,15,5,20,0.25
scared-song,2,1,3,0.3333333333333333
lower-to,1,1,2,0.5
first-i'm,1,3,4,0.75
bomb-first,2,1,3,0.3333333333333333
a-voter,3,2,5,0.4
on-radio,6,2,8,0.25
i'm-next,4,1,5,0.2
hit-pedestrian,1,2,3,0.6666666666666666
sign-you,1,1,2,0.5
degree-in,3,4,7,0.5714285714285714
i-surprised,1,1,2,0.5
there-were,4,8,12,0.6666666666666666
and-wife,6,3,9,0.3333333333333333
guy-he's,1,1,2,0.5
baby-i'm,2,1,3,0.3333333333333333
boot-police,1,2,3,0.6666666666666666
apc-by,2,1,3,0.3333333333333333
derail-destiny,5,1,6,0.16666666666666666
boot-camp,1,2,3,0.6666666666666666
#allah-up,2,1,3,0.3333333333333333
fact-in,3,1,4,0.25
about-this,8,7,15,0.4666666666666667
on-seen,4,1,5,0.2
reason-to,6,2,8,0.25
due-what,1,1,2,0.5
#magginoodle-after,1,2,3,0.6666666666666666
a-detonation,3,1,4,0.25
a-operation,2,4,6,0.6666666666666666
did-in,8,7,15,0.4666666666666667
or-stand,9,1,10,0.1
hostage-will,1,1,2,0.5
he-up,14,3,17,0.17647058823529413
in-literally,5,1,6,0.16666666666666666
so-then,5,1,6,0.16666666666666666
didn't-fire,2,2,4,0.5
there-wa,13,11,24,0.4583333333333333
it's-st,2,1,3,0.3333333333333333
claim-of,2,2,4,0.5
car-one,1,2,3,0.6666666666666666
about-read,6,2,8,0.25
on-update,1,3,4,0.75
just-random,1,1,2,0.5
not?-to,1,1,2,0.5
building-demolition,1,1,2,0.5
lab-via,1,3,4,0.75
association-v...,1,1,2,0.5
look-what,4,4,8,0.5
donûªt-that,3,2,5,0.4
half-up,1,1,2,0.5
here-said,1,1,2,0.5
go-of,12,6,18,0.3333333333333333
look-our,1,1,2,0.5
i-the,527,154,681,0.2261380323054332
fail-to,2,1,3,0.3333333333333333
according-the,6,2,8,0.25
about-dont,1,1,2,0.5
time-you,19,4,23,0.17391304347826086
description-in,3,1,4,0.25
and-wind,1,15,16,0.9375
are-love,4,1,5,0.2
afraid-the,4,1,5,0.2
cree-spot,8,1,9,0.1111111111111111
&amp;-free,3,1,4,0.25
all-by,10,3,13,0.23076923076923078
breaking:-on,1,1,2,0.5
fatality-train,1,2,3,0.6666666666666666
about-anything,4,1,5,0.2
and-thick,1,1,2,0.5
@'armageddon-fast,3,1,4,0.25
deserves-our,1,1,2,0.5
the-thing,33,12,45,0.26666666666666666
--site,1,12,13,0.9230769230769231
giving-to,1,2,3,0.6666666666666666
a-buy,7,1,8,0.125
--in,33,136,169,0.8047337278106509
for-hoping,1,1,2,0.5
go-this,6,4,10,0.4
in-nc,1,1,2,0.5
next-to,14,5,19,0.2631578947368421
me-show,2,1,3,0.3333333333333333
is-though,4,1,5,0.2
like-people,10,6,16,0.375
the-weather,5,9,14,0.6428571428571429
fully-of,2,1,3,0.3333333333333333
a-ripped,2,1,3,0.3333333333333333
for-launch,1,2,3,0.6666666666666666
description-last,2,1,3,0.3333333333333333
fedex-germ,6,12,18,0.6666666666666666
did-now,1,1,2,0.5
'it-and,1,1,2,0.5
all-u,11,4,15,0.26666666666666666
if-still,2,4,6,0.6666666666666666
harm/kid-playing,2,1,3,0.3333333333333333
could-via,1,1,2,0.5
i-somehow,4,2,6,0.3333333333333333
another-killer,6,1,7,0.14285714285714285
burning-to,9,14,23,0.6086956521739131
last-year,6,8,14,0.5714285714285714
course-of,6,1,7,0.14285714285714285
back-look,4,5,9,0.5555555555555556
check-is,2,1,3,0.3333333333333333
elephant-year,1,1,2,0.5
and-star,4,1,5,0.2
is-pakistan.,1,1,2,0.5
don't-me,17,3,20,0.15
icymi-trent,1,1,2,0.5
derailed-on,2,4,6,0.6666666666666666
hazardous-slip,1,2,3,0.6666666666666666
droid-power,1,1,2,0.5
that-w/,2,1,3,0.3333333333333333
left-life,1,1,2,0.5
:-avalanche,1,1,2,0.5
get-who,5,1,6,0.16666666666666666
my-them,15,2,17,0.11764705882352941
40%-have,1,1,2,0.5
playlist-video,11,2,13,0.15384615384615385
how-what,3,1,4,0.25
sad-with,1,1,2,0.5
angry-following,1,4,5,0.8
blocked-derail,5,1,6,0.16666666666666666
...-pathogen,1,1,2,0.5
about-lot,2,1,3,0.3333333333333333
be-city,1,3,4,0.75
feel-sinking,6,1,7,0.14285714285714285
health.-may,1,1,2,0.5
&amp;-am,2,1,3,0.3333333333333333
thinking-would,2,1,3,0.3333333333333333
some-we,1,2,3,0.6666666666666666
because-my,17,5,22,0.22727272727272727
get-train,1,2,3,0.6666666666666666
forest-had,2,1,3,0.3333333333333333
many-new,15,2,17,0.11764705882352941
black-well.,1,1,2,0.5
guy-video,1,1,2,0.5
area.-that,1,1,2,0.5
after-with,3,19,22,0.8636363636363636
head-literally,1,1,2,0.5
newlywed-wedding,3,1,4,0.25
black-you,2,7,9,0.7777777777777778
lord-the,28,6,34,0.17647058823529413
at-free,4,2,6,0.3333333333333333
of-rise,9,7,16,0.4375
head-of,8,1,9,0.1111111111111111
@usatoday-no,3,4,7,0.5714285714285714
army-for,18,4,22,0.18181818181818182
#photo-#southdowns,1,1,2,0.5
huge-the,3,6,9,0.6666666666666666
police-public,1,1,2,0.5
in-vega,1,1,2,0.5
collided-said,1,1,2,0.5
i-wave,10,7,17,0.4117647058823529
a-down.,4,2,6,0.3333333333333333
cook-meal,3,1,4,0.25
evidence-to,2,1,3,0.3333333333333333
least-will,1,1,2,0.5
gonna-out,1,1,2,0.5
lady-to,7,3,10,0.3
angel-the,6,7,13,0.5384615384615384
nigga-shit,2,1,3,0.3333333333333333
bombed-over,2,1,3,0.3333333333333333
phone-this,4,4,8,0.5
actually-there,3,2,5,0.4
a-mf,3,3,6,0.5
are-this,19,13,32,0.40625
i-worst,5,1,6,0.16666666666666666
i-wa,113,62,175,0.35428571428571426
and-tsunami,1,6,7,0.8571428571428571
hit-is,4,4,8,0.5
light-reaû_,3,1,4,0.25
army-he,3,3,6,0.5
nuclear-year,2,4,6,0.6666666666666666
by-derail,5,2,7,0.2857142857142857
fire-langley,1,3,4,0.75
after-are,5,10,15,0.6666666666666666
burned-that,1,2,3,0.6666666666666666
fatality-top,1,1,2,0.5
he-the,83,24,107,0.22429906542056074
liked-tremor,1,1,2,0.5
if-will,20,3,23,0.13043478260869565
barely-wa,1,2,3,0.6666666666666666
place-time,1,1,2,0.5
fuck-wild,1,1,2,0.5
'save-(peace,4,2,6,0.3333333333333333
board-insurance,2,2,4,0.5
a-about,63,24,87,0.27586206896551724
and...-poll:,2,1,3,0.3333333333333333
done-for,2,1,3,0.3333333333333333
feeling-time,4,3,7,0.42857142857142855
#worstsummerjob-in,1,1,2,0.5
after-floods.,2,1,3,0.3333333333333333
car-is,4,9,13,0.6923076923076923
specific-to,2,1,3,0.3333333333333333
lava-the,7,2,9,0.2222222222222222
for-help!,1,1,2,0.5
all-flood,1,1,2,0.5
before-but,1,3,4,0.75
going-with,11,1,12,0.08333333333333333
bargain-hunt...,1,1,2,0.5
a-deliver,1,1,2,0.5
it-snowstorm,1,1,2,0.5
into-which,4,2,6,0.3333333333333333
#thanku-tsunami,2,1,3,0.3333333333333333
but-put,2,1,3,0.3333333333333333
against-weapon,1,2,3,0.6666666666666666
#gilbert23-voice,2,1,3,0.3333333333333333
destroyed-up,2,1,3,0.3333333333333333
movie-this,3,3,6,0.5
really-you,10,2,12,0.16666666666666666
hope-there's,3,1,4,0.25
collapsed-petition,2,1,3,0.3333333333333333
coming-in,6,3,9,0.3333333333333333
out-screamed,2,1,3,0.3333333333333333
integrity-structural,2,1,3,0.3333333333333333
a-called,3,7,10,0.7
and-time.,3,1,4,0.25
is-yourself,5,2,7,0.2857142857142857
already-by,1,1,2,0.5
advance-and,1,1,2,0.5
a-vote,1,4,5,0.8
going-white,1,1,2,0.5
by-kill,1,1,2,0.5
:d-of,2,1,3,0.3333333333333333
terrible-up,1,1,2,0.5
hail-to,4,4,8,0.5
don't-play,3,1,4,0.25
exploded-into,2,1,3,0.3333333333333333
and-rob,1,1,2,0.5
collins-war,1,1,2,0.5
#islam-tribal,4,2,6,0.3333333333333333
of-pathogen,3,3,6,0.5
he-save,2,1,3,0.3333333333333333
annihilation-stop,6,4,10,0.4
and...-mountain,1,1,2,0.5
favorite-time,2,1,3,0.3333333333333333
is-strategy,1,4,5,0.8
and-once,3,1,4,0.25
apocalyptic-tsunami,2,2,4,0.5
call-in,2,4,6,0.6666666666666666
new-oak,1,1,2,0.5
:-new,1,1,2,0.5
ass.-heard,13,3,16,0.1875
xp'-|,9,3,12,0.25
arm-nuclear,1,1,2,0.5
disaster.-the,6,2,8,0.25
'the-day,2,2,4,0.5
guess-this,2,1,3,0.3333333333333333
????-way,1,1,2,0.5
injury-or,2,1,3,0.3333333333333333
doing-it,5,2,7,0.2857142857142857
and-dog,5,2,7,0.2857142857142857
cooper.-the,1,1,2,0.5
in-leaving,3,1,4,0.25
a-say,20,33,53,0.6226415094339622
battle-continue,1,2,3,0.6666666666666666
boat-led,5,1,6,0.16666666666666666
brooklyn-sinkhole,5,5,10,0.5
animal!-can,2,1,3,0.3333333333333333
even-or,3,3,6,0.5
abandoned-aircraft,1,5,6,0.8333333333333334
@rightwaystan-integrity,1,1,2,0.5
of-rioting,3,9,12,0.75
gunman-police,1,5,6,0.8333333333333334
back.-is,1,1,2,0.5
5-s.,1,1,2,0.5
a-challenge,2,1,3,0.3333333333333333
at-realize,1,1,2,0.5
act-on,1,1,2,0.5
going-out,4,2,6,0.3333333333333333
survivor-which,2,1,3,0.3333333333333333
in-through,2,7,9,0.7777777777777778
desolate.-the,5,1,6,0.16666666666666666
for-michael,1,1,2,0.5
come-want,1,1,2,0.5
flame-of,4,1,5,0.2
crazy-nude,1,1,2,0.5
sound-the,14,6,20,0.3
all-remember,1,1,2,0.5
in-training,1,1,2,0.5
during-food,1,1,2,0.5
can-summer?,1,1,2,0.5
brave-the,2,2,4,0.5
http://t.co/pyehwodwun-v,1,1,2,0.5
name-of,6,4,10,0.4
black-eye,8,1,9,0.1111111111111111
missing-part,1,3,4,0.75
5-v...,1,1,2,0.5
on-or,10,7,17,0.4117647058823529
a-song,8,1,9,0.1111111111111111
nearly-to,1,2,3,0.6666666666666666
a-decide,1,1,2,0.5
the-wit,5,2,7,0.2857142857142857
it-late,1,2,3,0.6666666666666666
desolate-from,1,1,2,0.5
because-evacuate,1,1,2,0.5
#best-subreddits,4,1,5,0.2
ha-held,1,1,2,0.5
about-today,1,4,5,0.8
by-even,6,2,8,0.25
careful-surrounded,4,1,5,0.2
#otrametlife-one,1,1,2,0.5
#ibooklove-sassy,1,2,3,0.6666666666666666
from-police,2,1,3,0.3333333333333333
disaster.-natural,1,1,2,0.5
and-there,19,14,33,0.42424242424242425
can-whole,2,1,3,0.3333333333333333
for-please,2,6,8,0.75
...-bridge,1,1,2,0.5
do-like,9,4,13,0.3076923076923077
never-to,14,4,18,0.2222222222222222
and-twice,1,2,3,0.6666666666666666
by-video,3,1,4,0.25
during-it,1,3,4,0.75
pulled-the,5,3,8,0.375
feel-i,52,8,60,0.13333333333333333
and-anymore,1,2,3,0.6666666666666666
first-save,1,1,2,0.5
and-road,3,9,12,0.75
lab-no,5,11,16,0.6875
banquet-wedding,1,1,2,0.5
using-we,2,1,3,0.3333333333333333
for-in.,1,1,2,0.5
cant-the,7,2,9,0.2222222222222222
into-please,1,1,2,0.5
gt-mercury,2,1,3,0.3333333333333333
ministers:-reactor,2,1,3,0.3333333333333333
--18w,3,1,4,0.25
building-will,2,2,4,0.5
bridge-for,2,3,5,0.6
how-via,3,1,4,0.25
#autoinsurance-clueless,1,1,2,0.5
&amp;-still,4,4,8,0.5
human-transformation,1,1,2,0.5
fire-kit,1,1,2,0.5
--let,2,1,3,0.3333333333333333
for-vet,1,1,2,0.5
elephant-in,3,1,4,0.25
care-to,7,2,9,0.2222222222222222
le-now,1,1,2,0.5
family-mourns,1,1,2,0.5
there's-when,3,2,5,0.4
we-yeah,2,4,6,0.6666666666666666
--hijack,1,2,3,0.6666666666666666
rescued-who,1,1,2,0.5
longer-wake,5,11,16,0.6875
them-wa,3,2,5,0.4
abused+desolate&amp;lost-go,1,1,2,0.5
nothing-with,5,8,13,0.6153846153846154
by-enemy,5,1,6,0.16666666666666666
?-burning,2,1,3,0.3333333333333333
up-were,1,6,7,0.8571428571428571
are-biggest,1,1,2,0.5
house-it,1,2,3,0.6666666666666666
battle-ebay,1,1,2,0.5
is-sick,2,1,3,0.3333333333333333
run-tornado,1,2,3,0.6666666666666666
it-stopped,1,1,2,0.5
getting-got,1,1,2,0.5
cleared:incident-loop,1,2,3,0.6666666666666666
after-his,2,3,5,0.6
hellfire!-lead,3,1,4,0.25
annihilation-transformation,1,1,2,0.5
at-theatre,1,1,2,0.5
it-more,4,1,5,0.2
evacuate-to,6,22,28,0.7857142857142857
out-worst,2,1,3,0.3333333333333333
death-his,5,2,7,0.2857142857142857
aren't-is,3,1,4,0.25
battle-involving,8,1,9,0.1111111111111111
a-flower,1,1,2,0.5
and-blown,10,3,13,0.23076923076923078
had-most,1,1,2,0.5
fatality-with,1,1,2,0.5
dance-for,1,1,2,0.5
missing-my,1,1,2,0.5
internally-of,2,1,3,0.3333333333333333
for-natural,1,3,4,0.75
can-nothing,1,1,2,0.5
fuel-second,1,1,2,0.5
--face,5,2,7,0.2857142857142857
month-of,3,4,7,0.5714285714285714
#cecilthelion-a,1,2,3,0.6666666666666666
4-to,1,10,11,0.9090909090909091
for-we're,1,1,2,0.5
ben-not,1,1,2,0.5
3-an,1,1,2,0.5
#baltimore-cindy,1,1,2,0.5
accuses-material,2,1,3,0.3333333333333333
for-she,3,1,4,0.25
21:1023-reading,1,1,2,0.5
cause-the,19,6,25,0.24
runner-verdict,1,1,2,0.5
#??--,1,5,6,0.8333333333333334
@potus-about,1,2,3,0.6666666666666666
if-wrong,1,1,2,0.5
fire-yeah,1,6,7,0.8571428571428571
by-home,1,32,33,0.9696969696969697
richard-the,2,1,3,0.3333333333333333
action-is,1,1,2,0.5
not-winston,1,1,2,0.5
but-far,4,1,5,0.2
#afterlife-let,4,1,5,0.2
fall-off,20,8,28,0.2857142857142857
been-here,1,1,2,0.5
of-weapon,13,11,24,0.4583333333333333
bang-blast,13,3,16,0.1875
--thx,1,1,2,0.5
come-how,3,1,4,0.25
or-their,4,1,5,0.2
ever-from,1,3,4,0.75
of-which,13,15,28,0.5357142857142857
21:1023-me,1,1,2,0.5
tell-wa,2,1,3,0.3333333333333333
ha-working,1,1,2,0.5
that-took,1,1,2,0.5
parole-school,4,12,16,0.75
@www.cbplawyers-by,1,1,2,0.5
about-only,3,4,7,0.5714285714285714
according-nude,1,1,2,0.5
an-shit,1,1,2,0.5
have-police,2,2,4,0.5
city.-of,1,1,2,0.5
from-him),4,2,6,0.3333333333333333
of-our,12,14,26,0.5384615384615384
always-still,2,2,4,0.5
remember-u,1,4,5,0.8
and-person,6,2,8,0.25
america-will,1,1,2,0.5
content-go,15,2,17,0.11764705882352941
derailed.-the,1,1,2,0.5
#kca-and,1,2,3,0.6666666666666666
financial-the,8,3,11,0.2727272727272727
have-though.,1,1,2,0.5
#bbc-#islam,3,4,7,0.5714285714285714
and-thx,2,2,4,0.5
full-torch,1,1,2,0.5
victim-û÷politics,1,4,5,0.8
at-him,2,4,6,0.6666666666666666
????-be,6,3,9,0.3333333333333333
(twia)-v...,1,1,2,0.5
news-so,1,2,3,0.6666666666666666
#ibooklove-snowstorm,1,2,3,0.6666666666666666
a-heard,33,9,42,0.21428571428571427
a-pdp,2,6,8,0.75
00:52:25-interlaken,1,1,2,0.5
australiaûªs-bridge,1,1,2,0.5
multidimensi-waste,1,1,2,0.5
101:-when,3,1,4,0.25
building-for,7,8,15,0.5333333333333333
'it-look,2,2,4,0.5
already-of,2,2,4,0.5
#prophetmuhammad-it,4,2,6,0.3333333333333333
worth-you!,2,1,3,0.3333333333333333
by-her,1,1,2,0.5
infamous-the,1,1,2,0.5
for-or,25,3,28,0.10714285714285714
up-wild,1,1,2,0.5
kill-the,5,6,11,0.5454545454545454
donûªt-surrounded,4,1,5,0.2
cliff-you're,3,2,5,0.4
kept-of,4,1,5,0.2
quickly-were,1,1,2,0.5
after-bar,1,2,3,0.6666666666666666
??-at,12,3,15,0.2
--soldier,2,2,4,0.5
and-why,16,5,21,0.23809523809523808
gonna-little,1,1,2,0.5
a-death,11,21,32,0.65625
stealing-woman,2,1,3,0.3333333333333333
concerned-possible,1,2,3,0.6666666666666666
#somalia-shift,1,4,5,0.8
not-sadly,1,2,3,0.6666666666666666
he-to,44,28,72,0.3888888888888889
a-crashed,4,7,11,0.6363636363636364
person-when,1,1,2,0.5
family-please,1,1,2,0.5
recall-single,1,1,2,0.5
and-clinton,2,1,3,0.3333333333333333
by-w/,2,2,4,0.5
service-via,5,3,8,0.375
--reshape,1,1,2,0.5
an-train,1,2,3,0.6666666666666666
food-of,7,2,9,0.2222222222222222
into-up,6,1,7,0.14285714285714285
fuck-out,1,1,2,0.5
known-rt,1,1,2,0.5
and-literally,4,2,6,0.3333333333333333
high-time,1,1,2,0.5
have-seen,4,1,5,0.2
have-with,31,14,45,0.3111111111111111
a-run,18,3,21,0.14285714285714285
on-reminds,1,1,2,0.5
of-seven,2,2,4,0.5
their-they're,2,1,3,0.3333333333333333
are-side,1,1,2,0.5
smaug-to,2,1,3,0.3333333333333333
hit-kosciusko,1,1,2,0.5
friday-when,1,1,2,0.5
their-when,2,4,6,0.6666666666666666
so-support,1,1,2,0.5
end-it's,1,2,3,0.6666666666666666
insurance-v...,1,1,2,0.5
game-wa,2,1,3,0.3333333333333333
doe-go,1,1,2,0.5
by-hit,2,13,15,0.8666666666666667
according-twister,1,1,2,0.5
kit-starter,1,1,2,0.5
given-of,1,2,3,0.6666666666666666
new-taken,1,1,2,0.5
can't-only,1,1,2,0.5
st-ûó,1,1,2,0.5
caution-some,1,1,2,0.5
ii-j.,1,1,2,0.5
else-is,3,1,4,0.25
in-that's,2,2,4,0.5
damn-on,1,2,3,0.6666666666666666
&amp;-a,66,48,114,0.42105263157894735
to-woman,1,2,3,0.6666666666666666
--movie,1,2,3,0.6666666666666666
palin-ûò,2,1,3,0.3333333333333333
??-be,13,2,15,0.13333333333333333
in-v,3,2,5,0.4
429cj-mercury,1,1,2,0.5
if-with,26,4,30,0.13333333333333333
gone-if,1,1,2,0.5
even-make,1,1,2,0.5
and-black,8,2,10,0.2
be-from,34,11,45,0.24444444444444444
been-home,8,6,14,0.42857142857142855
family-the,8,80,88,0.9090909090909091
flying-just,1,1,2,0.5
found-the,4,9,13,0.6923076923076923
#farrakhan-tornado,2,1,3,0.3333333333333333
race-to,2,1,3,0.3333333333333333
but-careless,1,1,2,0.5
have-into,3,2,5,0.4
leave-we,1,2,3,0.6666666666666666
me-went,3,1,4,0.25
camp-police,1,2,3,0.6666666666666666
to-transit,1,1,2,0.5
bus-to,1,5,6,0.8333333333333334
at-destroyed,9,1,10,0.1
just-me,33,7,40,0.175
i-im,14,3,17,0.17647058823529413
biggest-you,3,3,6,0.5
car-mining,3,1,4,0.25
my-why,13,5,18,0.2777777777777778
big-we,3,1,4,0.25
#sm-time2015-08-06,1,1,2,0.5
terrorist-two,1,1,2,0.5
and-remember,10,2,12,0.16666666666666666
6+-lightning,1,1,2,0.5
feeling-for,9,3,12,0.25
called-say,1,2,3,0.6666666666666666
and-fatality,4,10,14,0.7142857142857143
meat-loving-of,5,1,6,0.16666666666666666
survival-torch,1,1,2,0.5
by-held,1,3,4,0.75
from-liked,18,1,19,0.05263157894736842
have-train,1,5,6,0.8333333333333334
--terrorism,1,2,3,0.6666666666666666
hostage-that,3,3,6,0.5
how-line,1,2,3,0.6666666666666666
go-horrible,15,2,17,0.11764705882352941
??-just,16,3,19,0.15789473684210525
building-looting,2,2,4,0.5
a-if,94,32,126,0.25396825396825395
other-with,2,3,5,0.6
ha-world,5,4,9,0.4444444444444444
humanity-in,1,1,2,0.5
&amp;-them!,4,2,6,0.3333333333333333
collided-the,12,5,17,0.29411764705882354
are-friend,3,2,5,0.4
a-i.e.,8,4,12,0.3333333333333333
cost-in,3,1,4,0.25
in-ship,2,3,5,0.6
season-we,1,2,3,0.6666666666666666
hit-last,1,1,2,0.5
to-ur,5,3,8,0.375
#1-and,1,1,2,0.5
fatality-wa,1,1,2,0.5
service-u,1,1,2,0.5
in-weird,1,1,2,0.5
a-emergency.,1,1,2,0.5
come-murder,1,2,3,0.6666666666666666
failure:-http://t.co/vz1irh0nmm,1,1,2,0.5
building-etc,1,2,3,0.6666666666666666
child-officer,2,2,4,0.5
nude-sex,1,1,2,0.5
abandoned-order,1,4,5,0.8
a-tent,2,1,3,0.3333333333333333
don't-go,1,2,3,0.6666666666666666
see-you'll,1,1,2,0.5
--miss,4,2,6,0.3333333333333333
syrian-via,1,1,2,0.5
and-till,2,1,3,0.3333333333333333
planned-week,1,1,2,0.5
burning-life,1,6,7,0.8571428571428571
it-order,2,1,3,0.3333333333333333
day-we,4,4,8,0.5
at-metro,1,1,2,0.5
of-reopening,1,2,3,0.6666666666666666
date-hellfire,4,2,6,0.3333333333333333
at-now,5,5,10,0.5
just-nearly,1,1,2,0.5
home-via,1,2,3,0.6666666666666666
people-think,2,4,6,0.6666666666666666
little-up,3,2,5,0.4
it-since,2,2,4,0.5
#thanku-rt,2,1,3,0.3333333333333333
look-zone,2,3,5,0.6
back-by,1,1,2,0.5
a...-m,1,1,2,0.5
hope-to,5,7,12,0.5833333333333334
on-traumatised,3,1,4,0.25
my-picked,1,1,2,0.5
believe-to,4,4,8,0.5
don't-that,12,6,18,0.3333333333333333
covered-pakistan,1,1,2,0.5
age-of,1,1,2,0.5
front-the,6,5,11,0.45454545454545453
a-movie,9,2,11,0.18181818181818182
from-know,4,2,6,0.3333333333333333
from-market,2,1,3,0.3333333333333333
in-ton,2,3,5,0.6
's-of,1,3,4,0.75
is-tonight.,2,2,4,0.5
2015:-60,1,1,2,0.5
:-stock,2,2,4,0.5
is-riot,2,2,4,0.5
...-may,1,1,2,0.5
a-is:,1,1,2,0.5
by-him),4,2,6,0.3333333333333333
i'm-she,1,1,2,0.5
#reflect-would,2,1,3,0.3333333333333333
i-leader,3,1,4,0.25
on-phone,13,6,19,0.3157894736842105
the-turned,7,3,10,0.3
of-still,14,36,50,0.72
scare-to,1,1,2,0.5
her-threw,1,1,2,0.5
in-toe,1,2,3,0.6666666666666666
think-walk,1,1,2,0.5
and-invoices.,7,1,8,0.125
in-walk,6,2,8,0.25
not-she,4,1,5,0.2
after-were,1,4,5,0.8
me-tell,7,2,9,0.2222222222222222
first-you,5,2,7,0.2857142857142857
flattened-is,3,1,4,0.25
chewing-with,1,1,2,0.5
in-structural,2,4,6,0.6666666666666666
find-way,1,1,2,0.5
#strategicpatience-strategy,1,4,5,0.8
plan-the,10,7,17,0.4117647058823529
our-wa,3,2,5,0.4
say-will,2,3,5,0.6
and-side,8,3,11,0.2727272727272727
is-photo:,1,4,5,0.8
i-rainstorm,1,1,2,0.5
force-of,1,3,4,0.75
beach-my,1,1,2,0.5
know-sometimes,1,2,3,0.6666666666666666
is-milk,1,1,2,0.5
people-try,1,1,2,0.5
fennovoima-ministers:,2,1,3,0.3333333333333333
fire-for,7,17,24,0.7083333333333334
fuck-the,18,4,22,0.18181818181818182
people-ûó,1,2,3,0.6666666666666666
go-or,16,3,19,0.15789473684210525
coming-out,6,3,9,0.3333333333333333
a-island,1,7,8,0.875
about-other,1,2,3,0.6666666666666666
going-past,2,1,3,0.3333333333333333
i-long,10,1,11,0.09090909090909091
even-hellfire!,3,1,4,0.25
fires?-to,1,2,3,0.6666666666666666
doe-work.,1,1,2,0.5
few-one,1,2,3,0.6666666666666666
for-human,1,6,7,0.8571428571428571
trent-worst,1,1,2,0.5
cut-sanctions.,1,2,3,0.6666666666666666
it-let,6,6,12,0.5
a-idea,9,2,11,0.18181818181818182
are-gem,10,6,16,0.375
but-extremely,1,1,2,0.5
australiaûªs-trent,1,1,2,0.5
3-day,2,1,3,0.3333333333333333
2-a,27,15,42,0.35714285714285715
men-of,2,1,3,0.3333333333333333
to-wild,3,13,16,0.8125
curfew-out,4,1,5,0.2
man-survived,1,2,3,0.6666666666666666
bayelsa-to,6,10,16,0.625
people-sorry,1,1,2,0.5
me-this,25,5,30,0.16666666666666666
chair-on,2,1,3,0.3333333333333333
to-united,1,1,2,0.5
chance-it,3,1,4,0.25
a-mass,23,10,33,0.30303030303030304
like-that.,2,1,3,0.3333333333333333
on-set,4,11,15,0.7333333333333333
former-jonathan,2,3,5,0.6
even-just,3,1,4,0.25
in-mr.,1,1,2,0.5
explosion-to,3,2,5,0.4
blessing-lord,5,1,6,0.16666666666666666
is-story,2,2,4,0.5
mass-medium,1,2,3,0.6666666666666666
officer-so,1,1,2,0.5
have-without,5,1,6,0.16666666666666666
break-this,2,2,4,0.5
300w-led,6,1,7,0.14285714285714285
collide-when,4,2,6,0.3333333333333333
it.-well,1,1,2,0.5
buy-them,1,1,2,0.5
above-up,1,1,2,0.5
in-inundated,2,1,3,0.3333333333333333
mountain-stranded,1,2,3,0.6666666666666666
and-windstorm,3,1,4,0.25
had-that,9,6,15,0.4
the-|,6,17,23,0.7391304347826086
hosting-syrian,1,1,2,0.5
of-on,110,108,218,0.4954128440366973
about-explosion,2,1,3,0.3333333333333333
both-man,1,2,3,0.6666666666666666
bicep.-wound,2,2,4,0.5
is-murder,1,4,5,0.8
grill-riot,5,1,6,0.16666666666666666
help!-https://t.co/e8dl1lncvu,1,1,2,0.5
i-to...,2,2,4,0.5
back-but,4,4,8,0.5
not-should,3,2,5,0.4
2-way,1,2,3,0.6666666666666666
wa-wait,2,2,4,0.5
cause-flame,1,7,8,0.875
about-another,1,2,3,0.6666666666666666
hail-sized,1,1,2,0.5
known-only,1,1,2,0.5
instead-refugee,1,2,3,0.6666666666666666
know-now,1,3,4,0.75
that-thunderstorm,2,1,3,0.3333333333333333
an-vote,1,1,2,0.5
1-and,6,5,11,0.45454545454545453
torch-whistle,1,1,2,0.5
every-to,18,7,25,0.28
and-ha,47,19,66,0.2878787878787879
destroyed-to,3,2,5,0.4
and-me.,6,1,7,0.14285714285714285
data-to,12,5,17,0.29411764705882354
@change-the,10,8,18,0.4444444444444444
minority-ûò,2,1,3,0.3333333333333333
or-play,1,1,2,0.5
life-u,1,1,2,0.5
oops:-phoenix,1,2,3,0.6666666666666666
it-we're,2,1,3,0.3333333333333333
drill-emergency,1,1,2,0.5
i-lightening,2,1,3,0.3333333333333333
day)-fte,1,1,2,0.5
could-the,19,19,38,0.5
it-petition,2,1,3,0.3333333333333333
do-what,10,9,19,0.47368421052631576
'the-chile:,3,3,6,0.5
emergency-survival,2,1,3,0.3333333333333333
do-too,1,1,2,0.5
heartless-whipped,2,1,3,0.3333333333333333
of-powerful,2,2,4,0.5
chase-like,2,2,4,0.5
bomb-hit,2,1,3,0.3333333333333333
at-australiaûªs,1,1,2,0.5
get-gonna,6,1,7,0.14285714285714285
for-http://t.co/q2eblokeve,5,1,6,0.16666666666666666
'the-of,6,2,8,0.25
be-what,23,7,30,0.23333333333333334
a-yeah,3,2,5,0.4
dude-out,1,1,2,0.5
dies..is-the,1,1,2,0.5
create-the,4,4,8,0.5
murder?-to,1,1,2,0.5
on-verdict,1,2,3,0.6666666666666666
i'm-my,45,3,48,0.0625
a-cousin,1,1,2,0.5
is-much,4,2,6,0.3333333333333333
and-your,77,23,100,0.23
doing-in,6,1,7,0.14285714285714285
enugu-government,9,1,10,0.1
ambulance-outside,1,2,3,0.6666666666666666
an-be,9,1,10,0.1
my-the,204,58,262,0.22137404580152673
on-story,6,2,8,0.25
september-the,2,1,3,0.3333333333333333
help-it,8,4,12,0.3333333333333333
donûªt-in,1,1,2,0.5
new-with,9,2,11,0.18181818181818182
a-crystal,2,2,4,0.5
horrible-your,5,4,9,0.4444444444444444
between-of,3,3,6,0.5
bringing-floods.,4,2,6,0.3333333333333333
rule-seek,6,3,9,0.3333333333333333
day-survive,2,1,3,0.3333333333333333
maybe-that,2,2,4,0.5
terrorism-with,1,2,3,0.6666666666666666
people-well,1,1,2,0.5
??-body,9,1,10,0.1
at-too,2,1,3,0.3333333333333333
#metro-when,1,1,2,0.5
#irandeal-of,3,2,5,0.4
the-what,51,43,94,0.4574468085106383
(ft.--,1,1,2,0.5
got-who,2,1,3,0.3333333333333333
frank-to,4,1,5,0.2
chemical-pipe,1,1,2,0.5
chinaûªs-hunt...,1,1,2,0.5
and-child,7,9,16,0.5625
an-oil,2,3,5,0.6
believe-they,1,2,3,0.6666666666666666
and-today,12,13,25,0.52
be-should,21,5,26,0.19230769230769232
'first'-and,1,1,2,0.5
a-quite,2,2,4,0.5
bc-of,7,3,10,0.3
against-and,9,3,12,0.25
idp-refugees;,1,4,5,0.8
him-show,1,2,3,0.6666666666666666
!-for,1,2,3,0.6666666666666666
syrian-thousand,1,1,2,0.5
saturday.-this,1,1,2,0.5
curfew-have,4,1,5,0.2
of-short,3,2,5,0.4
him-is,7,5,12,0.4166666666666667
in-park,1,3,4,0.75
that-trauma.,2,1,3,0.3333333333333333
could-to,7,6,13,0.46153846153846156
and-used,3,1,4,0.25
#aoms-snowstorm,1,2,3,0.6666666666666666
service-stop,6,3,9,0.3333333333333333
sun-to,1,1,2,0.5
mania-of,1,1,2,0.5
do-only,5,2,7,0.2857142857142857
be-fast,2,1,3,0.3333333333333333
of-suspect,1,10,11,0.9090909090909091
@youtube-tremor,1,1,2,0.5
in-out.,2,2,4,0.5
wednesday-with,1,1,2,0.5
add-to,6,3,9,0.3333333333333333
fire-wildfire,1,5,6,0.8333333333333334
cat-is,3,1,4,0.25
elite-of,1,1,2,0.5
to-tv,2,1,3,0.3333333333333333
mmmmmm-oooooohhhh,1,1,2,0.5
#china-of,1,2,3,0.6666666666666666
baby-screaming,2,1,3,0.3333333333333333
prevent-the,3,4,7,0.5714285714285714
an-end,3,3,6,0.5
gm!-he,5,1,6,0.16666666666666666
bigamist-wife,4,2,6,0.3333333333333333
????-of,7,1,8,0.125
end-wont,1,1,2,0.5
fucking-lol,1,1,2,0.5
http://t.co/xssgedsbh4-tunein,1,1,2,0.5
bomb-that,4,3,7,0.42857142857142855
from-photo,1,2,3,0.6666666666666666
burning-via,1,1,2,0.5
everyone-in,9,7,16,0.4375
dog-will,1,2,3,0.6666666666666666
had-i'd,2,2,4,0.5
me-though,4,1,5,0.2
thunder-to,4,1,5,0.2
all-fatality,2,1,3,0.3333333333333333
2-hit,1,1,2,0.5
hope-u,2,1,3,0.3333333333333333
some-work,1,1,2,0.5
bed-i,9,3,12,0.25
at-demolish,4,1,5,0.2
a-she's,7,2,9,0.2222222222222222
a-realize,1,1,2,0.5
with-young,2,2,4,0.5
be-trauma.,2,1,3,0.3333333333333333
history-people,1,1,2,0.5
emotionally-with,1,1,2,0.5
at-huge,1,2,3,0.6666666666666666
pedestrian-police,1,1,2,0.5
lost-this,1,3,4,0.75
thing-your,1,1,2,0.5
pandemonium-without,8,4,12,0.3333333333333333
didn't-me,2,1,3,0.3333333333333333
death-year.,1,1,2,0.5
anyone-to,9,1,10,0.1
#offers2go-and,1,2,3,0.6666666666666666
in-love,15,2,17,0.11764705882352941
fleet-involving,8,1,9,0.1111111111111111
a-service,4,10,14,0.7142857142857143
ill-people,1,1,2,0.5
...-body,2,2,4,0.5
been-held,2,1,3,0.3333333333333333
one-start,2,2,4,0.5
buildings.-state,1,1,2,0.5
act-whipped,2,1,3,0.3333333333333333
every-or,1,1,2,0.5
army-war,3,1,4,0.25
a-often,1,2,3,0.6666666666666666
9-a,3,1,4,0.25
become-ha,1,1,2,0.5
is-version,3,1,4,0.25
in-run,6,5,11,0.45454545454545453
water-your,1,1,2,0.5
our-way,2,2,4,0.5
country-this,2,1,3,0.3333333333333333
imagine-in,2,1,3,0.3333333333333333
back-go,6,1,7,0.14285714285714285
??????-epic,1,1,2,0.5
blocked-lord,5,1,6,0.16666666666666666
and-roll,1,3,4,0.75
on-wish,1,1,2,0.5
from-storm,1,5,6,0.8333333333333334
population-year,1,1,2,0.5
about-honestly,1,1,2,0.5
anymore-is,1,2,3,0.6666666666666666
city-whole,1,1,2,0.5
join-to,4,1,5,0.2
avoid-to,6,4,10,0.4
if-life,5,2,7,0.2857142857142857
2-about,4,1,5,0.2
been-their,1,1,2,0.5
ii-lightning,1,1,2,0.5
county-from,1,1,2,0.5
gonna-it,3,1,4,0.25
feel-need,2,1,3,0.3333333333333333
on-w,2,1,3,0.3333333333333333
brings-the,4,1,5,0.2
pay'-top,9,1,10,0.1
love-my,18,2,20,0.1
full-saw,2,1,3,0.3333333333333333
family-their,2,1,3,0.3333333333333333
#islam-engulfed,4,2,6,0.3333333333333333
??-too,4,1,5,0.2
elephant-population,1,1,2,0.5
chair-wa,2,1,3,0.3333333333333333
#slanglucci-the,3,1,4,0.25
family-memorial,2,1,3,0.3333333333333333
rain-storm,1,1,2,0.5
a-safety,2,1,3,0.3333333333333333
not-wound,6,3,9,0.3333333333333333
gift-of,1,1,2,0.5
with-woman,1,1,2,0.5
heard-the,6,9,15,0.6
@youtube-via,17,8,25,0.32
room-the,6,2,8,0.25
hellfire!-that,3,1,4,0.25
ppl-the,1,5,6,0.8333333333333334
change-doesn't,1,1,2,0.5
out-smoke,4,2,6,0.3333333333333333
free-i,10,1,11,0.09090909090909091
lead-to,13,5,18,0.2777777777777778
beautiful-such,2,1,3,0.3333333333333333
from-my,30,11,41,0.2682926829268293
ha-when,2,1,3,0.3333333333333333
apocalyptic-coming,2,2,4,0.5
apparent-on,1,1,2,0.5
just-keep,1,4,5,0.8
car-where,1,1,2,0.5
but-for,37,10,47,0.2127659574468085
be-good,4,2,6,0.3333333333333333
think-where,3,1,4,0.25
never-said,2,1,3,0.3333333333333333
it-why,10,4,14,0.2857142857142857
leave-on,3,1,4,0.25
fire-state,2,1,3,0.3333333333333333
http://t.co/vz1irh0nmm-via,1,1,2,0.5
radio:-storm,1,1,2,0.5
careful-your,6,1,7,0.14285714285714285
#reflect-a,2,1,3,0.3333333333333333
attack-v,1,1,2,0.5
el-twister,1,1,2,0.5
just-tomorrow,1,1,2,0.5
been-have,21,44,65,0.676923076923077
behind-the,14,5,19,0.2631578947368421
around-for,4,3,7,0.42857142857142855
this-tragedy,1,1,2,0.5
fuel-of,1,1,2,0.5
been-good,1,1,2,0.5
annihilated-getting,1,1,2,0.5
about-emergency,4,1,5,0.2
a-ahh,1,1,2,0.5
their-you,6,1,7,0.14285714285714285
happened-the,5,6,11,0.5454545454545454
8-hour,3,1,4,0.25
moment-video,2,1,3,0.3333333333333333
in-safety,1,1,2,0.5
#prebreak-modified,1,7,8,0.875
but-off,1,2,3,0.6666666666666666
injury-may,1,1,2,0.5
city-of,3,19,22,0.8636363636363636
a-survived,8,4,12,0.3333333333333333
even-on,6,3,9,0.3333333333333333
american-from,1,1,2,0.5
go-i,31,7,38,0.18421052631578946
first-your,2,1,3,0.3333333333333333
falling-in,4,2,6,0.3333333333333333
a-home,11,24,35,0.6857142857142857
home-i,9,3,12,0.25
for-guess,2,2,4,0.5
??-they,6,2,8,0.25
my-thing,4,1,5,0.2
afraid-to,1,4,5,0.8
middle-we,2,1,3,0.3333333333333333
other-out,1,2,3,0.6666666666666666
of-tho,1,1,2,0.5
among-australia,1,1,2,0.5
it-you,60,11,71,0.15492957746478872
not-time,7,4,11,0.36363636363636365
avoid-how,2,1,3,0.3333333333333333
at-with,27,14,41,0.34146341463414637
fighting-in,1,1,2,0.5
found-rubble,1,1,2,0.5
site-that,1,1,2,0.5
these-with,7,2,9,0.2222222222222222
for-godslove,2,1,3,0.3333333333333333
attacked-i,9,1,10,0.1
our-weapons.,1,1,2,0.5
a-tree,1,4,5,0.8
police-try,1,2,3,0.6666666666666666
step-the,6,2,8,0.25
#news-are,2,3,5,0.6
to-when,55,35,90,0.3888888888888889
and-came,12,8,20,0.4
and-movie,6,1,7,0.14285714285714285
day-some,1,2,3,0.6666666666666666
after-state,4,6,10,0.6
a-class.,2,1,3,0.3333333333333333
#treeporn-oak,1,1,2,0.5
??-let,4,1,5,0.2
s-torch,1,1,2,0.5
saw-were,1,1,2,0.5
that-|,3,1,4,0.25
time-too,1,1,2,0.5
for-mum,1,1,2,0.5
u-why,5,2,7,0.2857142857142857
led-reû_,6,1,7,0.14285714285714285
that-until,5,1,6,0.16666666666666666
on-side,9,6,15,0.4
emergency-ha,1,4,5,0.8
can-cause,1,1,2,0.5
for-he,10,5,15,0.3333333333333333
island-now,1,3,4,0.75
building-this,3,4,7,0.5714285714285714
could-get,4,3,7,0.42857142857142855
for-internally,3,5,8,0.625
#michelebachman-by,1,1,2,0.5
like-will,7,5,12,0.4166666666666667
let-so,13,2,15,0.13333333333333333
but-forest,1,3,4,0.75
and-hostage,4,13,17,0.7647058823529411
service-that,3,1,4,0.25
i-song,11,1,12,0.08333333333333333
almost-died,1,2,3,0.6666666666666666
only-right,1,1,2,0.5
caused-get,1,1,2,0.5
#frontpage:-secret,1,2,3,0.6666666666666666
he-war,4,2,6,0.3333333333333333
a-totaling,8,1,9,0.1111111111111111
are-give,1,1,2,0.5
thousand-with,1,1,2,0.5
a-should,12,2,14,0.14285714285714285
many-publicizing,1,1,2,0.5
2.1a-apple,1,1,2,0.5
bang-unconfirmed!,13,3,16,0.1875
add-the,6,1,7,0.14285714285714285
autobiography-by,1,1,2,0.5
could-what,3,2,5,0.4
charged-with,2,47,49,0.9591836734693877
most-stuck,1,1,2,0.5
sexual-the,1,3,4,0.75
arson-the,3,3,6,0.5
at-save,1,3,4,0.75
bomb-to,6,16,22,0.7272727272727273
into-when,2,3,5,0.6
r-to,3,1,4,0.25
get-hour,2,2,4,0.5
isn't-to,3,6,9,0.6666666666666666
fire-that,3,15,18,0.8333333333333334
collapsed-ûó,1,1,2,0.5
keep-up,4,2,6,0.3333333333333333
can-reshape,1,1,2,0.5
have-war,3,2,5,0.4
at-ship,8,2,10,0.2
emergency-i,10,4,14,0.2857142857142857
gay-the,1,1,2,0.5
how-the,53,41,94,0.43617021276595747
if-stay,2,1,3,0.3333333333333333
i-man!,2,1,3,0.3333333333333333
ep...-m,1,1,2,0.5
be-rip,1,1,2,0.5
roll-the,1,1,2,0.5
crystal-reshape,1,1,2,0.5
bomb-for,2,2,4,0.5
being-in,11,11,22,0.5
high-one,2,1,3,0.3333333333333333
being-when,4,1,5,0.2
is-thursday,1,1,2,0.5
now!-petition,2,1,3,0.3333333333333333
#prebreak-new,4,1,5,0.2
#hiring!-#nursing,1,1,2,0.5
and-dude,4,3,7,0.42857142857142855
on-open,2,2,4,0.5
literally-shut,1,1,2,0.5
running-vega,1,1,2,0.5
game-of,14,1,15,0.06666666666666667
daughter-would,1,1,2,0.5
some-winston,2,2,4,0.5
flood-lord,5,1,6,0.16666666666666666
poll:-to,3,1,4,0.25
60-bridge,1,1,2,0.5
#hot-funtenna:,12,5,17,0.29411764705882354
injury:i-495-spring,1,4,5,0.8
maintenance-the,1,1,2,0.5
much-shit,1,1,2,0.5
over-say,1,3,4,0.75
bargain-chinaûªs,2,1,3,0.3333333333333333
the-unavoidable,2,1,3,0.3333333333333333
her-rescued,2,4,6,0.6666666666666666
for-virgil,1,2,3,0.6666666666666666
@change-u.s,5,3,8,0.375
this-with,32,11,43,0.2558139534883721
end-it,5,1,6,0.16666666666666666
no-weapon,1,2,3,0.6666666666666666
love-vote:,2,1,3,0.3333333333333333
&amp;-whats,1,1,2,0.5
for-what,14,2,16,0.125
http://t.co/cybksxhf7d-tsunami,2,3,5,0.6
for-movie,1,3,4,0.75
--panic,1,1,2,0.5
burning-that,3,4,7,0.5714285714285714
a-these,14,4,18,0.2222222222222222
predict-will,1,1,2,0.5
car-truck,3,3,6,0.5
go-i'm,7,1,8,0.125
seeing-the,7,4,11,0.36363636363636365
another-trying,1,1,2,0.5
for-http://t.co/encmhz6y34,5,1,6,0.16666666666666666
cree-reaû_,3,1,4,0.25
been-hostage,2,1,3,0.3333333333333333
just-watch,1,1,2,0.5
internet-on,3,1,4,0.25
by-still,6,2,8,0.25
this-well,1,2,3,0.6666666666666666
le-the,2,2,4,0.5
always-that,2,1,3,0.3333333333333333
me-storm,1,1,2,0.5
mph-walking,1,1,2,0.5
reshape-strike,1,1,2,0.5
australia-out,1,1,2,0.5
...-economy,1,1,2,0.5
big-can,2,1,3,0.3333333333333333
explosion-on,2,6,8,0.75
help-to,22,15,37,0.40540540540540543
perfect-the,7,1,8,0.125
#globalwarming!!-obliterated,1,1,2,0.5
could-i,21,10,31,0.3225806451612903
fight-from,1,1,2,0.5
charged-her,4,2,6,0.3333333333333333
haven't-of,3,1,4,0.25
and-train,3,11,14,0.7857142857142857
harm/kid-it,2,1,3,0.3333333333333333
natural-war,1,1,2,0.5
and-loose,3,1,4,0.25
be-ray,1,1,2,0.5
guess-ill,1,1,2,0.5
is-night,5,2,7,0.2857142857142857
have-internet,3,1,4,0.25
and-beautiful,11,3,14,0.21428571428571427
#jonathanferrell-the,3,4,7,0.5714285714285714
a-deep,4,6,10,0.6
good-least,2,1,3,0.3333333333333333
dramatic-the,1,1,2,0.5
got-they,4,2,6,0.3333333333333333
in-reason,8,1,9,0.1111111111111111
--night,2,1,3,0.3333333333333333
he-over,2,1,3,0.3333333333333333
back-tomorrow.,1,1,2,0.5
feel-your,4,1,5,0.2
describes-it,2,1,3,0.3333333333333333
p.o.p.e.-pledge,1,1,2,0.5
a-likely,3,1,4,0.25
a-china,1,8,9,0.8888888888888888
4-up,2,3,5,0.6
epilepsy-rare,2,1,3,0.3333333333333333
accident-we,2,1,3,0.3333333333333333
chase-music,1,1,2,0.5
etc.-the,1,2,3,0.6666666666666666
a-terror,2,3,5,0.6
lol-of,5,2,7,0.2857142857142857
a-once,10,1,11,0.09090909090909091
no-want,9,1,10,0.1
by-via,12,21,33,0.6363636363636364
after-all,4,1,5,0.2
8-pin-apple,1,1,2,0.5
it-situation,1,3,4,0.75
one-than,2,3,5,0.6
#hampshire-#photography,1,1,2,0.5
meltdown-to,4,1,5,0.2
in-usa,2,1,3,0.3333333333333333
it-own,2,2,4,0.5
at-looting,2,1,3,0.3333333333333333
and-staff,1,1,2,0.5
about-what,6,7,13,0.5384615384615384
eye-totaling,8,1,9,0.1111111111111111
back-out,4,1,5,0.2
get-his,8,1,9,0.1111111111111111
another-get,3,2,5,0.4
but-over,4,5,9,0.5555555555555556
is-meet,2,1,3,0.3333333333333333
from-over,2,3,5,0.6
a-have,121,53,174,0.3045977011494253
a-pressure,2,1,3,0.3333333333333333
and-joining,1,1,2,0.5
hear-i,8,4,12,0.3333333333333333
a-olap,1,2,3,0.6666666666666666
by-population,1,2,3,0.6666666666666666
being-high,1,1,2,0.5
causing-is,1,2,3,0.6666666666666666
high-next,1,1,2,0.5
fuck-like,3,4,7,0.5714285714285714
before-it,5,4,9,0.4444444444444444
bad-i'm,1,1,2,0.5
be-save,1,1,2,0.5
getting-more,1,2,3,0.6666666666666666
everyone-to,18,6,24,0.25
rn-to,1,1,2,0.5
????-like,4,1,5,0.2
people-would,8,2,10,0.2
of-run,4,4,8,0.5
not-v,3,1,4,0.25
lizard-of,1,1,2,0.5
do-if,11,1,12,0.08333333333333333
c-130-iran,1,10,11,0.9090909090909091
in-now,23,20,43,0.46511627906976744
test-the,6,1,7,0.14285714285714285
a-horrible,6,6,12,0.5
occurred-ship,8,1,9,0.1111111111111111
and-drake,2,1,3,0.3333333333333333
thought-we,2,2,4,0.5
out-wonder,1,1,2,0.5
be-die!please,1,1,2,0.5
an-up,9,4,13,0.3076923076923077
big-what,2,1,3,0.3333333333333333
i-soon,3,4,7,0.5714285714285714
#pbban-|,9,3,12,0.25
50-like,1,1,2,0.5
down-little,2,1,3,0.3333333333333333
first-of,11,21,32,0.65625
fire-home,1,5,6,0.8333333333333334
be-season,1,1,2,0.5
my-short,2,1,3,0.3333333333333333
holding-my,4,3,7,0.42857142857142855
heat-the,13,9,22,0.4090909090909091
car-up,4,3,7,0.42857142857142855
his-the,48,11,59,0.1864406779661017
america'-obama,1,1,2,0.5
mean-what,1,2,3,0.6666666666666666
beautiful-this,4,2,6,0.3333333333333333
being-school,2,1,3,0.3333333333333333
all-let,4,1,5,0.2
of-û_,6,6,12,0.5
me-tuesday,1,1,2,0.5
are-make,12,1,13,0.07692307692307693
head-now,2,1,3,0.3333333333333333
lion-you,1,1,2,0.5
describes-would,2,1,3,0.3333333333333333
army-is,20,5,25,0.2
#allah-thinking,2,1,3,0.3333333333333333
@kurtschlichter-the,1,3,4,0.75
????-only,2,1,3,0.3333333333333333
they-why,2,5,7,0.7142857142857143
if-player,2,1,3,0.3333333333333333
derailed-have,1,1,2,0.5
fuck-i'm,5,1,6,0.16666666666666666
in-massacre,1,1,2,0.5
(twia)-rate,1,1,2,0.5
like-no,14,5,19,0.2631578947368421
#best-hat,12,5,17,0.29411764705882354
dude-that,3,1,4,0.25
be-near,1,3,4,0.75
responds-to,2,1,3,0.3333333333333333
doesn't-make,2,2,4,0.5
for-part,3,3,6,0.5
mac-the,1,1,2,0.5
in-yall,2,1,3,0.3333333333333333
thought-you,11,2,13,0.15384615384615385
house-people,1,12,13,0.9230769230769231
engulfed-madinah.,4,2,6,0.3333333333333333
still-we,7,6,13,0.46153846153846156
i-tired,1,1,2,0.5
!-a,4,1,5,0.2
in-research,2,3,5,0.6
of-poor,1,2,3,0.6666666666666666
current-nuclear,1,1,2,0.5
a-change,5,2,7,0.2857142857142857
taken-up,1,1,2,0.5
autobiography-war,1,1,2,0.5
terrible-the,2,1,3,0.3333333333333333
impact-is,1,1,2,0.5
demolish-think,2,1,3,0.3333333333333333
i'd-think,3,2,5,0.4
and-bringing,4,2,6,0.3333333333333333
in-southern,1,1,2,0.5
ever-me,2,1,3,0.3333333333333333
company-ha,3,1,4,0.25
to-walk,2,5,7,0.7142857142857143
aircraft-at,1,4,5,0.8
do-you.,1,1,2,0.5
--united,1,5,6,0.8333333333333334
of-she,6,9,15,0.6
the-twia,1,1,2,0.5
in-wasn't,2,1,3,0.3333333333333333
see-want,4,1,5,0.2
home-horrible,4,3,7,0.42857142857142855
during-if,1,1,2,0.5
a-dont,6,1,7,0.14285714285714285
massacre-they,1,1,2,0.5
--ablaze,3,2,5,0.4
hurricane-it,1,2,3,0.6666666666666666
left-the,11,4,15,0.26666666666666666
cooper.-infamous,1,1,2,0.5
calgary-news,2,1,3,0.3333333333333333
in-sad.,1,1,2,0.5
that-thought,5,2,7,0.2857142857142857
i'll-the,10,4,14,0.2857142857142857
hail-of,2,8,10,0.8
change-for,12,5,17,0.29411764705882354
equal-to,4,1,5,0.2
grow-is,1,1,2,0.5
many-over,1,8,9,0.8888888888888888
he-slowly,2,1,3,0.3333333333333333
warship-were,1,1,2,0.5
he-not,15,6,21,0.2857142857142857
then-up,4,1,5,0.2
insurance-percent,1,1,2,0.5
--after,5,26,31,0.8387096774193549
department-emergency,5,1,6,0.16666666666666666
and-epic,1,1,2,0.5
pathogen-ship,2,1,3,0.3333333333333333
a-bat,3,1,4,0.25
blanket-survival,1,1,2,0.5
it.-living,1,1,2,0.5
ink-picked!,2,1,3,0.3333333333333333
collided-cyclist,1,2,3,0.6666666666666666
business-to,28,6,34,0.17647058823529413
anthrax-lab,5,13,18,0.7222222222222222
for-it,50,12,62,0.1935483870967742
are-terrorist,2,3,5,0.6
7-star,1,1,2,0.5
(detonation)-dorman,1,1,2,0.5
latest-your,1,1,2,0.5
are-service,1,3,4,0.75
dolphin-take,1,1,2,0.5
he-talking,3,2,5,0.4
rt-your,2,1,3,0.3333333333333333
bar-light,8,1,9,0.1111111111111111
few-were,1,1,2,0.5
#myfitnesspal-doing,1,1,2,0.5
after-this,5,4,9,0.4444444444444444
i-it,182,45,227,0.19823788546255505
any-them,1,1,2,0.5
#prebreak-a,13,12,25,0.48
external-of,4,1,5,0.2
is-zone,4,2,6,0.3333333333333333
her-my,13,8,21,0.38095238095238093
flattened-wa,2,2,4,0.5
lol-my,9,1,10,0.1
lab-research,1,4,5,0.8
any-police,1,1,2,0.5
heat-wave.,1,1,2,0.5
can-i'm,8,1,9,0.1111111111111111
do-worst,1,1,2,0.5
an-ever,6,1,7,0.14285714285714285
a-ruined,1,1,2,0.5
before-his,2,3,5,0.6
cool-to,13,1,14,0.07142857142857142
money-not,1,1,2,0.5
doe-up,1,1,2,0.5
that-youûªve,3,3,6,0.5
plan-your,4,3,7,0.42857142857142855
it-piling,2,1,3,0.3333333333333333
crushed-so,2,1,3,0.3333333333333333
among-collapse,1,1,2,0.5
(peace-upon,4,2,6,0.3333333333333333
far-up,2,1,3,0.3333333333333333
ultimate-yourself,2,2,4,0.5
on-since,2,1,3,0.3333333333333333
leather-tote,13,1,14,0.07142857142857142
be-service,1,2,3,0.6666666666666666
blow-in,2,3,5,0.6
1980-hostage,1,8,9,0.8888888888888888
2-who,2,1,3,0.3333333333333333
&amp;-lord,6,1,7,0.14285714285714285
didnt-the,1,1,2,0.5
major-of,3,6,9,0.6666666666666666
--truck,4,5,9,0.5555555555555556
any-enemy,5,1,6,0.16666666666666666
not-those,1,1,2,0.5
building-residential,1,1,2,0.5
don't-get,12,2,14,0.14285714285714285
set-up,2,2,4,0.5
dust-i,5,3,8,0.375
so-yea,1,1,2,0.5
#reflect-people,2,1,3,0.3333333333333333
&amp;-there's,2,2,4,0.5
'i-about,1,1,2,0.5
don't-heat,1,1,2,0.5
is-nature,1,1,2,0.5
(temporary:300)-flag,3,1,4,0.25
admits-scheme,4,1,5,0.2
let-want,2,1,3,0.3333333333333333
@youtube-and,4,3,7,0.42857142857142855
at-oil,2,3,5,0.6
collided-when,1,4,5,0.8
a-actually,6,8,14,0.5714285714285714
that-watch,1,1,2,0.5
accident-injury,1,4,5,0.8
best-still,2,1,3,0.3333333333333333
country-first,1,1,2,0.5
correction:-tent,5,2,7,0.2857142857142857
for-shooting,2,1,3,0.3333333333333333
i'm-the,94,20,114,0.17543859649122806
be-over,8,1,9,0.1111111111111111
love-of,15,2,17,0.11764705882352941
&amp;-line,1,5,6,0.8333333333333334
applaud-i,2,2,4,0.5
stock-å¨,1,1,2,0.5
a-course,1,2,3,0.6666666666666666
??????-with,4,1,5,0.2
be-seen,3,1,4,0.25
of-tsunami,4,6,10,0.6
research-transport,2,1,3,0.3333333333333333
imagine-the,5,2,7,0.2857142857142857
#allah-and,1,1,2,0.5
#preparedness-prepare,2,2,4,0.5
by-injured,1,2,3,0.6666666666666666
:p-have,3,1,4,0.25
death-omar's,1,1,2,0.5
elizabeth-head,1,1,2,0.5
hat-wave,12,5,17,0.29411764705882354
2.1a-charger,1,1,2,0.5
lead-not,3,1,4,0.25
going-it,8,6,14,0.42857142857142855
a-bioterrorism,1,5,6,0.8333333333333334
fun-is,4,1,5,0.2
eye-your,3,2,5,0.4
promise-update,4,1,5,0.2
bringing-is,16,8,24,0.3333333333333333
best-wa,3,1,4,0.25
and-sinking,8,3,11,0.2727272727272727
don't-man,2,1,3,0.3333333333333333
like-lol,5,1,6,0.16666666666666666
the-woke,1,2,3,0.6666666666666666
ago-it,2,3,5,0.6
land-one,1,1,2,0.5
25-in,1,10,11,0.9090909090909091
http://t.co/bbdpnj8xsx-tried.,2,1,3,0.3333333333333333
bar-to,9,1,10,0.1
caused-it,2,1,3,0.3333333333333333
on-when,19,18,37,0.4864864864864865
health.-your,1,1,2,0.5
after-taken,1,2,3,0.6666666666666666
in-turning,1,1,2,0.5
it's-this,12,7,19,0.3684210526315789
and-market.,1,1,2,0.5
--news,7,48,55,0.8727272727272727
all-limit,1,1,2,0.5
good-is,15,1,16,0.0625
from-game,1,2,3,0.6666666666666666
low-so,2,1,3,0.3333333333333333
attack-out,3,1,4,0.25
for-three,1,1,2,0.5
2015-at,2,1,3,0.3333333333333333
accused-man,1,1,2,0.5
equal-of,4,1,5,0.2
city-sassy,1,2,3,0.6666666666666666
look-so,7,3,10,0.3
$300000-win,1,1,2,0.5
neighbor-to,1,2,3,0.6666666666666666
flames.-on,1,1,2,0.5
one-were,2,4,6,0.6666666666666666
extremely-want,1,1,2,0.5
gay-owner,5,1,6,0.16666666666666666
&amp;--,22,9,31,0.2903225806451613
a-other,8,5,13,0.38461538461538464
#reflect-last,2,1,3,0.3333333333333333
potential-ship,2,1,3,0.3333333333333333
had-i,52,12,64,0.1875
destroyed-of,2,2,4,0.5
do-quiz:,8,1,9,0.1111111111111111
but-you,43,12,55,0.21818181818181817
#prophetmuhammad-and,4,2,6,0.3333333333333333
airplane-an,3,5,8,0.625
a-mile,1,3,4,0.75
go-should,1,1,2,0.5
ally-you,2,1,3,0.3333333333333333
cobra-jet,1,1,2,0.5
what-wow,1,1,2,0.5
bioterror-no,11,13,24,0.5416666666666666
chemical-emergency,8,14,22,0.6363636363636364
life-used,1,2,3,0.6666666666666666
area.-of,1,4,5,0.8
my-that's,6,3,9,0.3333333333333333
pull-to,1,5,6,0.8333333333333334
he-whipped,2,1,3,0.3333333333333333
accident-on,3,24,27,0.8888888888888888
got-upset,1,1,2,0.5
ash-twitter,1,1,2,0.5
.potus-https://t.co/rqwuoy1fm4,1,3,4,0.75
the-wreck.,2,1,3,0.3333333333333333
for-lab,3,2,5,0.4
car-what,1,1,2,0.5
dan-in,1,1,2,0.5
exist-the,2,1,3,0.3333333333333333
+-ty,1,1,2,0.5
lamp-reû_,6,1,7,0.14285714285714285
free-on,5,1,6,0.16666666666666666
#humanconsumption-for,1,2,3,0.6666666666666666
failure-problem,1,1,2,0.5
horse-until,2,1,3,0.3333333333333333
one-wounds;,1,1,2,0.5
knife-starter,1,1,2,0.5
a-common,2,1,3,0.3333333333333333
i'm-really,2,1,3,0.3333333333333333
for-ha,15,14,29,0.4827586206896552
be-people,10,1,11,0.09090909090909091
50-the,1,2,3,0.6666666666666666
just-more,3,1,4,0.25
gem-market,14,6,20,0.3
these-this,3,1,4,0.25
&amp;-out,13,3,16,0.1875
on-tough,2,1,3,0.3333333333333333
a-again,3,1,4,0.25
cyclone-the,1,5,6,0.8333333333333334
crashed-time,3,1,4,0.25
is-meltdown,3,2,5,0.4
get-inside,1,2,3,0.6666666666666666
blew-the,17,2,19,0.10526315789473684
coyote-the,1,1,2,0.5
make-smoke,2,1,3,0.3333333333333333
hidden-the,1,1,2,0.5
rn-we're,2,1,3,0.3333333333333333
hasbro-power,1,1,2,0.5
fat-of,1,1,2,0.5
fire-trafford,1,4,5,0.8
all-build,1,1,2,0.5
#wealth-of,4,2,6,0.3333333333333333
#somalia-to,1,4,5,0.8
the-thought,11,2,13,0.15384615384615385
man-to,12,7,19,0.3684210526315789
by-moment,1,1,2,0.5
on-salem,2,4,6,0.6666666666666666
came-me,1,4,5,0.8
by-the,114,171,285,0.6
terrorism!-to,1,1,2,0.5
by-thursday,1,1,2,0.5
gunshot-wound,3,2,5,0.4
here-one,1,1,2,0.5
all-are,14,15,29,0.5172413793103449
action-fergusonûªs,1,1,2,0.5
here-wa,3,3,6,0.5
bloody-ha,2,1,3,0.3333333333333333
it-lol,6,1,7,0.14285714285714285
being-fire,1,10,11,0.9090909090909091
war-with,2,13,15,0.8666666666666667
but-just,11,5,16,0.3125
department-fire,1,1,2,0.5
playing-the,9,5,14,0.35714285714285715
been-may,4,24,28,0.8571428571428571
for-give,4,2,6,0.3333333333333333
blood-their,1,2,3,0.6666666666666666
for-in,101,121,222,0.545045045045045
accuses-meant,2,1,3,0.3333333333333333
action-upheaval,3,3,6,0.5
destruction-the,8,4,12,0.3333333333333333
a-bad,19,3,22,0.13636363636363635
all-dog,3,2,5,0.4
camp-in,1,14,15,0.9333333333333333
chief's-try,1,2,3,0.6666666666666666
all...-the,2,1,3,0.3333333333333333
21:1023-the,3,3,6,0.5
anybody-be,1,2,3,0.6666666666666666
from-photo:,1,1,2,0.5
#hot-wave,12,5,17,0.29411764705882354
for-history:,1,1,2,0.5
@pmarca-to,1,1,2,0.5
we-went,2,3,5,0.6
and-been,26,23,49,0.46938775510204084
cobra-moulding,1,1,2,0.5
mohammed-of,1,1,2,0.5
meat-loving-to,5,1,6,0.16666666666666666
commercial-of,1,1,2,0.5
specially-stadium,1,10,11,0.9090909090909091
--they,3,5,8,0.625
board-v...,2,2,4,0.5
see-when,5,2,7,0.2857142857142857
dust-in,6,16,22,0.7272727272727273
fatality-for,2,6,8,0.75
@dailykos-on,1,1,2,0.5
after-woman,1,3,4,0.75
belief-is,2,1,3,0.3333333333333333
being-we,3,2,5,0.4
4wd-lamp,3,1,4,0.25
!-the,5,1,6,0.16666666666666666
the-till,1,1,2,0.5
governor-parole,3,10,13,0.7692307692307693
--1,5,5,10,0.5
of-remembering,1,6,7,0.8571428571428571
due-of,1,7,8,0.875
police-siren,2,1,3,0.3333333333333333
can-owner,2,1,3,0.3333333333333333
4km-of,1,1,2,0.5
loud-unconfirmed!,13,3,16,0.1875
hijacker-only,1,1,2,0.5
of-survived,5,4,9,0.4444444444444444
tonight.-wa,2,1,3,0.3333333333333333
is-never,4,1,5,0.2
and-lesbian,1,1,2,0.5
happens-what,3,3,6,0.5
in-your,46,25,71,0.352112676056338
credit-to,2,1,3,0.3333333333333333
and-out!,1,1,2,0.5
now-radio,3,1,4,0.25
engulfed-in,10,25,35,0.7142857142857143
me-quickly,1,1,2,0.5
murder.-people,1,1,2,0.5
destroy-to,10,5,15,0.3333333333333333
autobiography-joe,1,1,2,0.5
#nuclear-in,2,3,5,0.6
to-video,19,4,23,0.17391304347826086
gmmbc-saturday.,1,1,2,0.5
mass-whale,1,1,2,0.5
it-should,9,2,11,0.18181818181818182
have-how,12,3,15,0.2
must-we,4,4,8,0.5
building-can,1,1,2,0.5
survived-well,1,1,2,0.5
hour-i,14,3,17,0.17647058823529413
car-not,3,4,7,0.5714285714285714
bombed-that,1,2,3,0.6666666666666666
http://t.co/q2eblokeve-my,5,1,6,0.16666666666666666
a-while,23,10,33,0.30303030303030304
were-would,3,1,4,0.25
before-that,3,1,4,0.25
in-thousand,3,5,8,0.625
log-the,1,1,2,0.5
horrible-of,1,5,6,0.8333333333333334
ross-the,3,1,4,0.25
gas-in,1,3,4,0.75
by-gun,2,1,3,0.3333333333333333
but-me,22,1,23,0.043478260869565216
my-smoke,4,2,6,0.3333333333333333
in-truck,3,13,16,0.8125
her-into,2,1,3,0.3333333333333333
sunday-the,1,2,3,0.6666666666666666
fact-that,5,3,8,0.375
angel-short,1,1,2,0.5
#news-after,1,4,5,0.8
#yahistorical-in,1,1,2,0.5
good-you,13,4,17,0.23529411764705882
in-missing,5,18,23,0.782608695652174
for-hey,5,1,6,0.16666666666666666
in-that,80,59,139,0.4244604316546763
destruction-is,1,2,3,0.6666666666666666
and-looked,1,2,3,0.6666666666666666
http://t.co/xssgedsbh4-radio:,1,1,2,0.5
a-video,80,20,100,0.2
i-lol,26,2,28,0.07142857142857142
a-may,22,14,36,0.3888888888888889
also-next,1,1,2,0.5
obliterate-parenthood,3,1,4,0.25
to-whirlwind,4,3,7,0.42857142857142855
just-sinking,1,1,2,0.5
i-up,51,15,66,0.22727272727272727
my-start,4,1,5,0.2
admits-gay,5,1,6,0.16666666666666666
about-really,5,1,6,0.16666666666666666
but-road,1,2,3,0.6666666666666666
for-fucking,1,2,3,0.6666666666666666
fight-i,4,2,6,0.3333333333333333
#wealth-in,2,1,3,0.3333333333333333
about-post,2,1,3,0.3333333333333333
eye-of,5,4,9,0.4444444444444444
i-love,47,3,50,0.06
range-the,1,5,6,0.8333333333333334
found-had,1,1,2,0.5
fifth-you,2,1,3,0.3333333333333333
for-outside,1,1,2,0.5
&amp;-home,6,2,8,0.25
get-over,6,3,9,0.3333333333333333
off-the,22,32,54,0.5925925925925926
it's-think,5,2,7,0.2857142857142857
flattened-to,5,4,9,0.4444444444444444
annihilation-forest:,5,3,8,0.375
#talkradio-on,1,1,2,0.5
and-wasn't,2,1,3,0.3333333333333333
after-bioterror,1,1,2,0.5
@dailykos-via,1,1,2,0.5
#9-chest/torso,1,1,2,0.5
slip-unsafe,1,2,3,0.6666666666666666
by-worse,1,1,2,0.5
like-police,3,2,5,0.4
if-say,3,1,4,0.25
is-soon,6,1,7,0.14285714285714285
i-sound,6,2,8,0.25
#kerricktrial-gunshot,2,1,3,0.3333333333333333
change-went,1,1,2,0.5
no-what,8,2,10,0.2
on-trapped,1,2,3,0.6666666666666666
collided-runner,1,1,2,0.5
--bar,8,1,9,0.1111111111111111
by-this,19,26,45,0.5777777777777777
me-smoke,7,1,8,0.125
love-on,10,3,13,0.23076923076923078
date-him),4,2,6,0.3333333333333333
fatality-hit,2,2,4,0.5
ha-poor,1,1,2,0.5
after-trafford,1,4,5,0.8
present-to,1,1,2,0.5
into-two,1,14,15,0.9333333333333333
news-sentinel,1,2,3,0.6666666666666666
china's-crash:,9,6,15,0.4
that-win,1,1,2,0.5
no-of,36,38,74,0.5135135135135135
for-report,1,3,4,0.75
control-to,3,4,7,0.5714285714285714
people-white,1,4,5,0.8
from-north,3,1,4,0.25
fennovoima-nuclear,2,1,3,0.3333333333333333
disaster-team,1,1,2,0.5
a-passed,1,1,2,0.5
??-bag,2,1,3,0.3333333333333333
have-rescuers.,1,1,2,0.5
at-se,1,2,3,0.6666666666666666
in-kinda,2,2,4,0.5
another-no,1,4,5,0.8
it's-there,3,1,4,0.25
prepared-the,2,1,3,0.3333333333333333
failure-is,6,2,8,0.25
have-worry,1,2,3,0.6666666666666666
an-member,2,2,4,0.5
appears-from,14,3,17,0.17647058823529413
@youtube-episode,1,1,2,0.5
how-many,11,4,15,0.26666666666666666
is-walmart,1,3,4,0.75
energy-reactor,1,1,2,0.5
santa-ûó,1,1,2,0.5
and-medium,4,2,6,0.3333333333333333
fresh-of,1,1,2,0.5
at-line,1,2,3,0.6666666666666666
and-cigarette,3,1,4,0.25
is-tree,2,3,5,0.6
of-winter,1,1,2,0.5
2-after,3,5,8,0.625
just-love,6,1,7,0.14285714285714285
because-we're,2,1,3,0.3333333333333333
i-volcano,1,2,3,0.6666666666666666
do-these,3,1,4,0.25
time-went,1,1,2,0.5
at-first,3,4,7,0.5714285714285714
sensor-senso-standard,7,2,9,0.2222222222222222
money-that,4,1,5,0.2
are-down,1,2,3,0.6666666666666666
of-toe,1,1,2,0.5
the-union,1,2,3,0.6666666666666666
half-last,1,1,2,0.5
#best-land,1,7,8,0.875
down-of,8,9,17,0.5294117647058824
a-headquarters,1,2,3,0.6666666666666666
gov.-to,1,1,2,0.5
car-show,1,1,2,0.5
at-shooting,1,2,3,0.6666666666666666
drowned-to,2,2,4,0.5
1-collection,1,1,2,0.5
@youtube-video,46,9,55,0.16363636363636364
brisk-pace,1,1,2,0.5
angry-meant,4,2,6,0.3333333333333333
in-ride,1,1,2,0.5
a-toward,1,2,3,0.6666666666666666
the-ûó,14,6,20,0.3
apple-phone,1,1,2,0.5
down-it,10,3,13,0.23076923076923078
murder-such,1,1,2,0.5
hunter-to,1,3,4,0.75
and-wounded,5,6,11,0.5454545454545454
insurance-up,1,1,2,0.5
--yahoo,1,1,2,0.5
collapse.-the,1,1,2,0.5
at-body,3,1,4,0.25
could-just,5,2,7,0.2857142857142857
&amp;-at,19,11,30,0.36666666666666664
is-unprecedented,1,1,2,0.5
do-that,13,9,22,0.4090909090909091
but-know,8,6,14,0.42857142857142855
in-residential,1,5,6,0.8333333333333334
damn-got,3,1,4,0.25
also-from,2,1,3,0.3333333333333333
inj**-rd,1,1,2,0.5
of-studio,2,1,3,0.3333333333333333
my-until,6,1,7,0.14285714285714285
india-movie,1,1,2,0.5
be-tomorrow,4,1,5,0.2
tribal-wa,4,2,6,0.3333333333333333
#reflect-piling,2,1,3,0.3333333333333333
dies..is-it,1,1,2,0.5
minority-parenthood,2,1,3,0.3333333333333333
curfew-not,1,1,2,0.5
i'm-tomorrow,2,2,4,0.5
idea-when,1,1,2,0.5
survived-wall,1,1,2,0.5
hit-train,1,2,3,0.6666666666666666
'there-a,2,2,4,0.5
@-playing,1,1,2,0.5
6th-so,2,1,3,0.3333333333333333
but-watch.,1,1,2,0.5
&amp;-learn,5,1,6,0.16666666666666666
2015:-how,1,2,3,0.6666666666666666
my-tomorrow,2,2,4,0.5
a-bill,1,3,4,0.75
our-your,5,1,6,0.16666666666666666
can-careless,1,1,2,0.5
in-progress,3,1,4,0.25
have-think,5,2,7,0.2857142857142857
bay.-it's,1,2,3,0.6666666666666666
how-your,11,5,16,0.3125
most-water,1,1,2,0.5
damn-my,2,1,3,0.3333333333333333
for-relief,2,2,4,0.5
now-quarantine,22,3,25,0.12
my-now,24,2,26,0.07692307692307693
been-socialism,2,1,3,0.3333333333333333
a-plus,1,1,2,0.5
crazy-mom,1,1,2,0.5
face-her,3,1,4,0.25
#votejkt48id-and,1,2,3,0.6666666666666666
@'armageddon-flag,3,1,4,0.25
eye-so,3,1,4,0.25
is-twice,1,1,2,0.5
many-policy,15,2,17,0.11764705882352941
album-soon,5,1,6,0.16666666666666666
careful-donûªt,4,1,5,0.2
away.-been,1,1,2,0.5
18w-2pcs,3,1,4,0.25
or-why,5,1,6,0.16666666666666666
buildings.-fire,1,3,4,0.75
#tree-in,1,2,3,0.6666666666666666
explosion-past,1,1,2,0.5
respond-should,1,1,2,0.5
have-twitter,1,1,2,0.5
on-will,16,8,24,0.3333333333333333
guy-of,4,1,5,0.2
18w-full,3,1,4,0.25
#islam-#quran,3,4,7,0.5714285714285714
kill-of,1,5,6,0.8333333333333334
i-mo,1,2,3,0.6666666666666666
isn't-where,1,1,2,0.5
'i-the,14,1,15,0.06666666666666667
and-fire,13,29,42,0.6904761904761905
remember-wa,3,2,5,0.4
behind-to,5,4,9,0.4444444444444444
by-elephant,1,1,2,0.5
--back,6,2,8,0.25
burning-these,1,1,2,0.5
3g-home,4,3,7,0.42857142857142855
city-in,3,12,15,0.8
anything.-you,4,1,5,0.2
big-if,3,1,4,0.25
im-the,12,1,13,0.07692307692307693
:)-the,5,1,6,0.16666666666666666
#humanconsumption-#nestleindia,1,2,3,0.6666666666666666
destroy-in,9,3,12,0.25
/-south,1,2,3,0.6666666666666666
so-thank,6,1,7,0.14285714285714285
are-were,2,10,12,0.8333333333333334
here-those,1,1,2,0.5
dude-just,2,1,3,0.3333333333333333
fast-ha,1,1,2,0.5
a-apocalypse,3,2,5,0.4
about-an,2,1,3,0.3333333333333333
that-volcano,1,2,3,0.6666666666666666
after-where,1,2,3,0.6666666666666666
there-train,1,1,2,0.5
a-ferry,1,2,3,0.6666666666666666
next-with,4,2,6,0.3333333333333333
@itsjustinstuart-video,1,1,2,0.5
is-oppression,3,1,4,0.25
to-violent,3,3,6,0.5
able-week,1,1,2,0.5
service-wild,5,3,8,0.375
but-well,2,2,4,0.5
getting-in,9,5,14,0.35714285714285715
car-woke,1,1,2,0.5
almost-up,1,1,2,0.5
during-have,2,1,3,0.3333333333333333
first-on,10,9,19,0.47368421052631576
.potus-for,1,4,5,0.8
live-the,18,5,23,0.21739130434782608
for-griefûª,2,4,6,0.6666666666666666
collapse-trent,3,8,11,0.7272727272727273
fog-lamp,6,1,7,0.14285714285714285
#metro-#wmata,1,1,2,0.5
emergency-whistle,1,1,2,0.5
(twia)-windstorm,1,1,2,0.5
:(-back,1,1,2,0.5
tip-to,3,2,5,0.4
#onlinecommunities-reddit,2,1,3,0.3333333333333333
sinking-youûªve,4,3,7,0.42857142857142855
first-use,1,2,3,0.6666666666666666
8-wife,4,2,6,0.3333333333333333
book-world,1,1,2,0.5
haha-your,1,1,2,0.5
18w-light,3,1,4,0.25
it-summer,3,2,5,0.4
obliterate-will,2,3,5,0.6
and-specially,1,10,11,0.9090909090909091
family-in,7,22,29,0.7586206896551724
everyone-my,6,1,7,0.14285714285714285
a-party,1,2,3,0.6666666666666666
fire-right,1,3,4,0.75
area-flood,1,1,2,0.5
out-tried,1,1,2,0.5
british-the,3,7,10,0.7
a-management,1,1,2,0.5
etc.-https://t.co/rqwuoy1fm4,1,3,4,0.75
charged-wife,4,2,6,0.3333333333333333
i-kill,4,3,7,0.42857142857142855
it-of,100,48,148,0.32432432432432434
for-need,18,3,21,0.14285714285714285
not-take,3,1,4,0.25
!!!-a,1,1,2,0.5
the-their,29,13,42,0.30952380952380953
he-right,2,1,3,0.3333333333333333
get-their,4,1,5,0.2
reason-up,2,1,3,0.3333333333333333
this-yesterday,1,1,2,0.5
all-back,2,1,3,0.3333333333333333
dead-just,1,2,3,0.6666666666666666
b-war,1,1,2,0.5
it-we've,1,2,3,0.6666666666666666
story-with,3,1,4,0.25
have-only,2,4,6,0.6666666666666666
told-|,2,1,3,0.3333333333333333
foot-my,6,1,7,0.14285714285714285
#strategicpatience-a,1,4,5,0.8
hurt-the,5,1,6,0.16666666666666666
come.-i,2,1,3,0.3333333333333333
another-just,7,3,10,0.3
fergusonûªs-look,1,1,2,0.5
have-weapon,2,3,5,0.6
ha-mass,1,2,3,0.6666666666666666
and-hole,1,1,2,0.5
#reflect-description,2,1,3,0.3333333333333333
a-here:,5,1,6,0.16666666666666666
cool-my,2,3,5,0.6
dinner-instead,1,1,2,0.5
british-great,3,1,4,0.25
have-saw,1,1,2,0.5
#hot-send,12,5,17,0.29411764705882354
an-think,2,3,5,0.6
our-we're,4,1,5,0.2
--http://t.co/xssgedsbh4,1,1,2,0.5
hijack-patience,4,9,13,0.6923076923076923
feel-that,9,2,11,0.18181818181818182
against-or,2,1,3,0.3333333333333333
back-brought,1,1,2,0.5
just-living,1,1,2,0.5
for-only,9,5,14,0.35714285714285715
band-is,2,1,3,0.3333333333333333
it's-wave.,1,1,2,0.5
#hot-horrible,4,1,5,0.2
are-storm,1,2,3,0.6666666666666666
already-been,1,1,2,0.5
#southdowns-in,1,2,3,0.6666666666666666
accident-for,3,4,7,0.5714285714285714
have-not,15,10,25,0.4
both-by,1,1,2,0.5
u-ur,10,6,16,0.375
a-you,241,61,302,0.20198675496688742
no-reason,5,2,7,0.2857142857142857
do-have,20,4,24,0.16666666666666666
country-like,1,1,2,0.5
for-thx,5,4,9,0.4444444444444444
medium-so,1,2,3,0.6666666666666666
be-smoking,1,1,2,0.5
rt-video,2,2,4,0.5
fire-your,5,1,6,0.16666666666666666
**trfc-w,1,1,2,0.5
deadly-the,1,3,4,0.75
around-i,9,3,12,0.25
last-that,7,2,9,0.2222222222222222
but-people,5,4,9,0.4444444444444444
it-the,204,98,302,0.32450331125827814
in-piece,3,2,5,0.4
blanket-s,1,1,2,0.5
about-part,1,1,2,0.5
@zak_bagans-had,1,1,2,0.5
be-please,1,1,2,0.5
most-with,6,2,8,0.25
say-they,7,1,8,0.125
again-of,1,2,3,0.6666666666666666
court-the,11,1,12,0.08333333333333333
accident-of,8,11,19,0.5789473684210527
from-off,4,2,6,0.3333333333333333
atomic-the,1,67,68,0.9852941176470589
i-read,4,1,5,0.2
and-question,1,1,2,0.5
movie-released,15,6,21,0.2857142857142857
of-quite,2,1,3,0.3333333333333333
child-class,1,2,3,0.6666666666666666
like-past,1,1,2,0.5
now-piece,1,3,4,0.75
applaud-well,1,1,2,0.5
to-yourselves,1,2,3,0.6666666666666666
curved-light,6,1,7,0.14285714285714285
backyard-to,1,2,3,0.6666666666666666
and-river,5,2,7,0.2857142857142857
on-there,7,12,19,0.631578947368421
also-who,2,1,3,0.3333333333333333
??????-demolished,1,1,2,0.5
they-what,9,5,14,0.35714285714285715
6-fire,1,9,10,0.9
hell-what,3,1,4,0.25
lady-poll:,2,1,3,0.3333333333333333
my-oh,9,3,12,0.25
my-rt,1,2,3,0.6666666666666666
any-is,6,3,9,0.3333333333333333
is-sign,1,1,2,0.5
in-nearby.,13,3,16,0.1875
heard-neighbour's,13,3,16,0.1875
not-right,5,3,8,0.375
attack-that,10,8,18,0.4444444444444444
bomb.-it,2,1,3,0.3333333333333333
faux-new,11,1,12,0.08333333333333333
1-jedi,1,1,2,0.5
&amp;-help,2,1,3,0.3333333333333333
police-train,1,2,3,0.6666666666666666
deal-you,3,1,4,0.25
in-noonan@cindynoonan-heartbreak,1,1,2,0.5
continue-to,1,5,6,0.8333333333333334
a-golf,1,1,2,0.5
exploded-this,1,1,2,0.5
nuclear-policy,2,1,3,0.3333333333333333
first-their,3,1,4,0.25
&amp;-loud,1,3,4,0.75
what-work,1,1,2,0.5
hellfire-the,12,2,14,0.14285714285714285
apocalyptic-earthquake,2,2,4,0.5
in-worker,1,1,2,0.5
take-why,5,2,7,0.2857142857142857
cook-drunk,3,1,4,0.25
a-zone,9,8,17,0.47058823529411764
best-in,9,2,11,0.18181818181818182
for-than,4,2,6,0.3333333333333333
flame-through,1,1,2,0.5
5-association,1,1,2,0.5
is-possible,1,7,8,0.875
at-help,6,2,8,0.25
??????-accident,1,1,2,0.5
getting-that's,1,1,2,0.5
me-say,5,1,6,0.16666666666666666
at-home,6,12,18,0.6666666666666666
by-half,5,4,9,0.4444444444444444
#nursing-click,1,1,2,0.5
emergency-your,8,2,10,0.2
rt-the,24,10,34,0.29411764705882354
help-what,3,2,5,0.4
are-fire,3,36,39,0.9230769230769231
day-out,1,1,2,0.5
fish-ship,4,2,6,0.3333333333333333
'the-be,1,1,2,0.5
she-the,24,7,31,0.22580645161290322
saw-survival,1,1,2,0.5
coach-the,3,6,9,0.6666666666666666
aim-and,1,1,2,0.5
an-or,9,3,12,0.25
in-rip,1,1,2,0.5
be-found,1,2,3,0.6666666666666666
bridge-icymi,1,1,2,0.5
and-you!,4,1,5,0.2
the-weird,2,1,3,0.3333333333333333
insurer-to,6,1,7,0.14285714285714285
take-wa,2,1,3,0.3333333333333333
back-then,2,1,3,0.3333333333333333
arson-mourning,1,4,5,0.8
a-drunk,1,1,2,0.5
is-such,7,1,8,0.125
collided-his,2,1,3,0.3333333333333333
as-lol,1,2,3,0.6666666666666666
matter-of,4,1,5,0.2
had-so,11,2,13,0.15384615384615385
drive-smoke,1,1,2,0.5
smh-the,1,1,2,0.5
accident-or,1,2,3,0.6666666666666666
a-bridge,3,15,18,0.8333333333333334
be-nearby.,13,3,16,0.1875
hour-with,2,1,3,0.3333333333333333
3g-and,4,3,7,0.42857142857142855
are-death,4,4,8,0.5
be-need,12,2,14,0.14285714285714285
bombing-for,1,6,7,0.8571428571428571
im-there,1,1,2,0.5
a-order,2,1,3,0.3333333333333333
believe-seeing,1,1,2,0.5
2pcs-mining,3,1,4,0.25
told-whipped,2,1,3,0.3333333333333333
what-worth,2,1,3,0.3333333333333333
did-man,2,1,3,0.3333333333333333
absolutely-and,1,1,2,0.5
angel-apocalypse,1,1,2,0.5
it's-me,11,3,14,0.21428571428571427
check-from,2,1,3,0.3333333333333333
bottom-of,2,1,3,0.3333333333333333
droid-star,1,1,2,0.5
the-whirlwind,6,4,10,0.4
hunk-in,1,2,3,0.6666666666666666
fatality-yes,1,1,2,0.5
day-into,2,1,3,0.3333333333333333
look-now,1,1,2,0.5
no-pain,6,1,7,0.14285714285714285
nothing-that,5,2,7,0.2857142857142857
food-go,1,1,2,0.5
falling-i,1,3,4,0.75
and-bottom,1,1,2,0.5
#best-or,4,1,5,0.2
turned-war,5,4,9,0.4444444444444444
aftershock-be,1,1,2,0.5
to-volcano,1,4,5,0.8
honestly-that,1,1,2,0.5
getting-it's,3,3,6,0.5
dad-some,1,1,2,0.5
a-famine,1,1,2,0.5
(ap)-the,1,2,3,0.6666666666666666
couldn't-i,6,2,8,0.25
open-the,15,8,23,0.34782608695652173
smaug-the,12,1,13,0.07692307692307693
everywhere-http://t.co/bbdpnj8xsx,2,1,3,0.3333333333333333
18-in,2,2,4,0.5
horse-now!,2,1,3,0.3333333333333333
@itsjustinstuart-from,1,1,2,0.5
a-cost,4,3,7,0.42857142857142855
avalanche-chevrolet,1,1,2,0.5
is-le,2,1,3,0.3333333333333333
on-said,1,6,7,0.8571428571428571
2-4,2,1,3,0.3333333333333333
cliff-to,7,1,8,0.125
is-planned,4,1,5,0.2
fear-with,5,1,6,0.16666666666666666
can't-i'm,3,2,5,0.4
+-lovely,1,1,2,0.5
24-on,1,1,2,0.5
#insurance-texas,1,2,3,0.6666666666666666
can't-still,4,3,7,0.42857142857142855
on-û_,4,4,8,0.5
apocalyptic-the,2,2,4,0.5
i-same,10,2,12,0.16666666666666666
mom-nude,1,1,2,0.5
me-wondering,1,1,2,0.5
on-texas,7,4,11,0.36363636363636365
also-he,1,6,7,0.8571428571428571
opposite-to,2,1,3,0.3333333333333333
#prebreak-effect,4,1,5,0.2
against-but,2,1,3,0.3333333333333333
don't-this,15,3,18,0.16666666666666666
coming-danger,6,1,7,0.14285714285714285
cliff.-if,1,1,2,0.5
rocket-with,2,1,3,0.3333333333333333
a-internet,2,1,3,0.3333333333333333
a-ppl,4,3,7,0.42857142857142855
really-time,3,2,5,0.4
for-well,4,2,6,0.3333333333333333
just-of,61,27,88,0.3068181818181818
on-wounded,1,3,4,0.75
good-say,1,2,3,0.6666666666666666
disaster-with,1,3,4,0.75
later-real,1,1,2,0.5
on-take,2,4,6,0.6666666666666666
of-tried,3,2,5,0.4
#wmata-a,1,3,4,0.75
disaster-survival,1,2,3,0.6666666666666666
33'-released,3,3,6,0.5
by-mile,1,1,2,0.5
name-wa,1,2,3,0.6666666666666666
10-ha,1,1,2,0.5
my-thank,3,1,4,0.25
#hot-effect,4,1,5,0.2
video-watch,1,1,2,0.5
helping-on,1,1,2,0.5
evacuate-up,1,3,4,0.75
for-something,3,1,4,0.25
it's-sinking,1,1,2,0.5
rep-the,2,1,3,0.3333333333333333
from-just,18,15,33,0.45454545454545453
full-light,12,2,14,0.14285714285714285
hear-this,1,3,4,0.75
be-until,2,1,3,0.3333333333333333
me.-to,8,2,10,0.2
4x4-cree,6,1,7,0.14285714285714285
at-due,2,3,5,0.6
are-be,17,10,27,0.37037037037037035
civil-win,1,1,2,0.5
engulfed-on,1,1,2,0.5
for-traffic,3,3,6,0.5
silver-with,2,4,6,0.6666666666666666
tho-why,1,1,2,0.5
say-wa,4,9,13,0.6923076923076923
pick-so,1,2,3,0.6666666666666666
her-tonight.,1,1,2,0.5
future-with,1,1,2,0.5
but-came,2,1,3,0.3333333333333333
front-in,6,5,11,0.45454545454545453
a-tomorrow,1,2,3,0.6666666666666666
just-we,13,4,17,0.23529411764705882
a-her,36,13,49,0.2653061224489796
for-terrorism,1,5,6,0.8333333333333334
business-top,14,1,15,0.06666666666666667
to-vladimir,1,2,3,0.6666666666666666
ha-place,1,2,3,0.6666666666666666
game-got,2,1,3,0.3333333333333333
people-there,5,2,7,0.2857142857142857
and-until,5,1,6,0.16666666666666666
movie-they,2,1,3,0.3333333333333333
scream-with,2,1,3,0.3333333333333333
help-that,8,2,10,0.2
just-not,16,6,22,0.2727272727272727
??-up,11,1,12,0.08333333333333333
2.1a-5,2,2,4,0.5
#sismo-utc2015-08-05,1,4,5,0.8
taking-to,5,3,8,0.375
front-me,1,2,3,0.6666666666666666
australian-of,1,2,3,0.6666666666666666
a...-that,1,1,2,0.5
care-if,1,2,3,0.6666666666666666
collins-ii,1,1,2,0.5
+-for,2,3,5,0.6
now-only,2,2,4,0.5
a-news!,27,6,33,0.18181818181818182
and-work,12,7,19,0.3684210526315789
act-i,1,1,2,0.5
maj-to,1,2,3,0.6666666666666666
a-fact,6,3,9,0.3333333333333333
--body,12,5,17,0.29411764705882354
game-like,2,1,3,0.3333333333333333
clear-my,1,1,2,0.5
some-today,4,1,5,0.2
but-worry,1,4,5,0.8
totally-you're,3,1,4,0.25
effect-is,1,1,2,0.5
face-woman,8,3,11,0.2727272727272727
first-just,5,2,7,0.2857142857142857
coming-man,2,1,3,0.3333333333333333
getting-time,1,2,3,0.6666666666666666
be-danger,3,1,4,0.25
electrocuted-how,1,1,2,0.5
deal-of,4,1,5,0.2
it-our,7,4,11,0.36363636363636365
shot-to,5,4,9,0.4444444444444444
declined-in,1,3,4,0.75
but-him,7,2,9,0.2222222222222222
just-you,31,3,34,0.08823529411764706
on-research,1,2,3,0.6666666666666666
--hundred,1,4,5,0.8
d...-|,1,1,2,0.5
a...-the,3,2,5,0.4
go-next,2,1,3,0.3333333333333333
giant-to,3,1,4,0.25
via-world,2,2,4,0.5
collapse-doing,1,1,2,0.5
they-year,2,1,3,0.3333333333333333
hard-the,6,5,11,0.45454545454545453
most-will,4,1,5,0.2
my-u,10,4,14,0.2857142857142857
about-someone,3,1,4,0.25
@potus-to,3,6,9,0.6666666666666666
funtenna:-send,12,5,17,0.29411764705882354
parking-the,3,2,5,0.4
harm/kid-we're,2,1,3,0.3333333333333333
a-smoke,11,4,15,0.26666666666666666
h...-the,1,1,2,0.5
don't-say,4,1,5,0.2
an-angry,5,3,8,0.375
epic-to,1,1,2,0.5
going-much,4,1,5,0.2
something-you,11,1,12,0.08333333333333333
about-say,3,3,6,0.5
terrorist-to,2,5,7,0.7142857142857143
got-no,7,2,9,0.2222222222222222
at-check,5,3,8,0.375
and-bother,1,1,2,0.5
help-with,6,3,9,0.3333333333333333
them-who,6,1,7,0.14285714285714285
home-of,8,20,28,0.7142857142857143
enjoying-for,1,1,2,0.5
call-u,3,1,4,0.25
in-twister,5,1,6,0.16666666666666666
lava-sunset,1,1,2,0.5
murder-whale,1,1,2,0.5
get-so,18,1,19,0.05263157894736842
2-just,5,2,7,0.2857142857142857
call-emergency,2,3,5,0.6
occurred-star,8,1,9,0.1111111111111111
be-breaking,14,3,17,0.17647058823529413
change-next,1,1,2,0.5
prophet-yourself,4,2,6,0.3333333333333333
just-them,3,5,8,0.625
an-storm,1,3,4,0.75
:-twitter,1,1,2,0.5
fan-following,1,4,5,0.8
if-up,12,2,14,0.14285714285714285
many-stop,2,1,3,0.3333333333333333
is-reduce,1,3,4,0.75
apocalypse-like,2,1,3,0.3333333333333333
struggling-to,2,1,3,0.3333333333333333
all-family,1,1,2,0.5
deadly-more,1,1,2,0.5
casualties.-no,1,3,4,0.75
after-what,1,1,2,0.5
is-u,13,12,25,0.48
15-to,2,2,4,0.5
a-driven,2,2,4,0.5
aba-in,9,4,13,0.3076923076923077
building-last,1,1,2,0.5
--wedding,3,1,4,0.25
sick-to,3,2,5,0.4
i-sure,7,1,8,0.125
rainstorm-today,1,1,2,0.5
--down,1,1,2,0.5
ripped-the,2,2,4,0.5
'save-be,4,2,6,0.3333333333333333
do-own,1,1,2,0.5
a-quarantined,4,1,5,0.2
is-they'll,1,1,2,0.5
is-save,5,2,7,0.2857142857142857
real-storm,1,1,2,0.5
and-due,1,3,4,0.75
over-those,1,1,2,0.5
don't-keep,1,1,2,0.5
averted:-police,1,2,3,0.6666666666666666
for-online,3,2,5,0.4
power-to,4,5,9,0.5555555555555556
on-without,4,1,5,0.2
in-sr,1,1,2,0.5
earthquake-new,2,2,4,0.5
chile-trapped,8,1,9,0.1111111111111111
and-charged,3,1,4,0.25
for-prepare,5,8,13,0.6153846153846154
start-up,1,1,2,0.5
in-not,46,26,72,0.3611111111111111
life-pray,5,1,6,0.16666666666666666
it.-like,3,1,4,0.25
out-shape,7,1,8,0.125
don't-just,10,7,17,0.4117647058823529
just-wild,2,1,3,0.3333333333333333
hand-just,1,2,3,0.6666666666666666
people-president,1,1,2,0.5
i-worked,8,1,9,0.1111111111111111
publicizing-to,1,1,2,0.5
is-kinda,1,2,3,0.6666666666666666
all-tired,1,1,2,0.5
return-you,1,1,2,0.5
found-this,2,2,4,0.5
crash-the,6,15,21,0.7142857142857143
bridge-worst,1,1,2,0.5
just-no,8,2,10,0.2
police-|,1,3,4,0.75
likely-with,18,2,20,0.1
a-much,20,8,28,0.2857142857142857
mention-we,3,1,4,0.25
date-from,4,2,6,0.3333333333333333
been-state,2,4,6,0.6666666666666666
every-what,4,1,5,0.2
news-of,2,9,11,0.8181818181818182
and...-first,2,1,3,0.3333333333333333
pray-ur,10,2,12,0.16666666666666666
--collided,1,4,5,0.8
on-thing,4,4,8,0.5
bag-purse,11,1,12,0.08333333333333333
post-the,4,1,5,0.2
a-ice,4,2,6,0.3333333333333333
boat-over,1,6,7,0.8571428571428571
cree-flood,11,2,13,0.15384615384615385
for-why,10,5,15,0.3333333333333333
--70,1,2,3,0.6666666666666666
careless-match,1,1,2,0.5
on-work,2,2,4,0.5
music-to,7,1,8,0.125
brutally-the,1,2,3,0.6666666666666666
but-must,2,1,3,0.3333333333333333
ambulance-wa,1,1,2,0.5
aug-of,1,1,2,0.5
?-by,2,2,4,0.5
doe-keep,1,1,2,0.5
fate-of,1,1,2,0.5
africa-the,1,1,2,0.5
good-it's,2,3,5,0.6
be-rain,2,1,3,0.3333333333333333
be-emergency,3,1,4,0.25
have-up,3,9,12,0.75
interesting-is,4,1,5,0.2
ted-to,2,2,4,0.5
and-group,1,2,3,0.6666666666666666
an-who,5,3,8,0.375
--memory,2,1,3,0.3333333333333333
false-fan,1,4,5,0.8
is-under,1,3,4,0.75
at-murderer,1,1,2,0.5
and-news,5,4,9,0.4444444444444444
past-war,1,1,2,0.5
#handbag-body,7,1,8,0.125
content-with,2,1,3,0.3333333333333333
then-there's,1,1,2,0.5
a-woke,2,1,3,0.3333333333333333
head-st,1,1,2,0.5
bag-leather,14,1,15,0.06666666666666667
for-idps:,2,1,3,0.3333333333333333
memory-new,1,1,2,0.5
into-last,1,1,2,0.5
reshapes-the,1,2,3,0.6666666666666666
destroyed-the,6,5,11,0.45454545454545453
of-uk,2,3,5,0.6
for-so,32,12,44,0.2727272727272727
people-up,7,6,13,0.46153846153846156
like-mass,4,2,6,0.3333333333333333
i-outside,2,3,5,0.6
my-way,8,2,10,0.2
running-the,9,5,14,0.35714285714285715
a-german,4,1,5,0.2
...-there,3,2,5,0.4
county-on,3,1,4,0.25
my-old,4,1,5,0.2
smoke-time,1,1,2,0.5
all-away.,1,1,2,0.5
dust-for,2,2,4,0.5
ha-project,1,1,2,0.5
day:-the,2,2,4,0.5
'save-in,4,2,6,0.3333333333333333
heard-i've,2,1,3,0.3333333333333333
have-right,8,2,10,0.2
real-some,2,2,4,0.5
for-stuck,1,1,2,0.5
they-wa,9,10,19,0.5263157894736842
a-niggas.,2,1,3,0.3333333333333333
it-trying,3,1,4,0.25
from-much,2,1,3,0.3333333333333333
non-compliant-of,2,1,3,0.3333333333333333
disaster-kill,1,2,3,0.6666666666666666
my-with,67,10,77,0.12987012987012986
been-out,3,1,4,0.25
#gilbert23-need,2,1,3,0.3333333333333333
#hot-reddit's,4,1,5,0.2
hurry-with,1,1,2,0.5
it-not,37,14,51,0.27450980392156865
curfew.-it's,1,1,2,0.5
off-work,3,1,4,0.25
back-get,9,2,11,0.18181818181818182
4km-m,1,1,2,0.5
going-went,1,1,2,0.5
2-many,1,1,2,0.5
after-hitting,1,1,2,0.5
help!-stand,1,1,2,0.5
if-want,11,2,13,0.15384615384615385
after-fan,1,5,6,0.8333333333333334
all-closed.,1,2,3,0.6666666666666666
meek-mill,4,1,5,0.2
but-what's,1,1,2,0.5
for-vote,4,1,5,0.2
7-with,1,1,2,0.5
is-siren,4,6,10,0.6
know-survive,1,1,2,0.5
be-look,2,3,5,0.6
feel-it,11,2,13,0.15384615384615385
got-or,1,2,3,0.6666666666666666
shame-with,2,1,3,0.3333333333333333
#thanku-of,2,1,3,0.3333333333333333
fall-you're,4,2,6,0.3333333333333333
&amp;-union,2,1,3,0.3333333333333333
boy-is,2,1,3,0.3333333333333333
a-music,6,1,7,0.14285714285714285
arrived-feminist,2,1,3,0.3333333333333333
damn-i,10,6,16,0.375
emergency-police,2,2,4,0.5
's-rt,1,1,2,0.5
and-bake,2,1,3,0.3333333333333333
able-in,1,1,2,0.5
didn't-my,5,2,7,0.2857142857142857
a-sun.,2,1,3,0.3333333333333333
loud-sitting,1,1,2,0.5
hunk-sassy,1,2,3,0.6666666666666666
a-tie,1,2,3,0.6666666666666666
look-we,5,1,6,0.16666666666666666
displaced-meant,2,1,3,0.3333333333333333
not-think,8,3,11,0.2727272727272727
at-crime,1,1,2,0.5
and-which,15,6,21,0.2857142857142857
so-weekend,3,1,4,0.25
from-yesterday,1,1,2,0.5
if-land,1,2,3,0.6666666666666666
crash-via,1,4,5,0.8
flattened-on,2,1,3,0.3333333333333333
for-people;,1,4,5,0.8
don't-turn,1,1,2,0.5
don't-won,1,1,2,0.5
and-you,183,34,217,0.15668202764976957
me-would,6,1,7,0.14285714285714285
im-that,6,1,7,0.14285714285714285
at-expected,1,2,3,0.6666666666666666
by-new,9,3,12,0.25
food-or,2,1,3,0.3333333333333333
saved-you,2,1,3,0.3333333333333333
any-we,4,1,5,0.2
blood-ha,1,1,2,0.5
but-money,2,3,5,0.6
blown-me,2,2,4,0.5
bed-in,4,1,5,0.2
everywhere-up,1,1,2,0.5
only-will,3,1,4,0.25
anxious-the,1,2,3,0.6666666666666666
ever-that,9,1,10,0.1
caught-the,5,4,9,0.4444444444444444
act-the,4,5,9,0.5555555555555556
huge-in,1,5,6,0.8333333333333334
is-maybe,3,1,4,0.25
be-i'd,6,3,9,0.3333333333333333
must-to,3,6,9,0.6666666666666666
body-shit,1,1,2,0.5
horse-owner,2,1,3,0.3333333333333333
still-storm,1,1,2,0.5
call-ha,2,1,3,0.3333333333333333
at-big,3,1,4,0.25
don't-feeling,1,1,2,0.5
my-wasn't,2,1,3,0.3333333333333333
be-help,2,3,5,0.6
i'm-win,3,1,4,0.25
&amp;-sinking,1,1,2,0.5
move-that,1,1,2,0.5
hostage-i,2,1,3,0.3333333333333333
be-these,6,1,7,0.14285714285714285
could-like,5,2,7,0.2857142857142857
--apollo,6,3,9,0.3333333333333333
literally-to,4,3,7,0.42857142857142855
pres:-recognize,1,2,3,0.6666666666666666
prepare-to,1,2,3,0.6666666666666666
building-i,6,12,18,0.6666666666666666
to-upheaval,3,1,4,0.25
last-time,5,1,6,0.16666666666666666
destroyed-me,2,1,3,0.3333333333333333
first-know,1,1,2,0.5
a-program,2,3,5,0.6
#cnn-#lies,3,4,7,0.5714285714285714
i-vote,2,1,3,0.3333333333333333
down-from,3,3,6,0.5
any-in,8,3,11,0.2727272727272727
head-to,11,1,12,0.08333333333333333
party-teen,1,1,2,0.5
line-not,1,2,3,0.6666666666666666
voice-we,2,1,3,0.3333333333333333
her-teen,3,1,4,0.25
back-you!,1,1,2,0.5
away-down,1,1,2,0.5
get-were,1,1,2,0.5
for-openly,2,1,3,0.3333333333333333
nu-simulate,1,2,3,0.6666666666666666
coming-it,2,1,3,0.3333333333333333
anything-think,4,1,5,0.2
at-so,10,6,16,0.375
or-start,1,1,2,0.5
i-must,10,2,12,0.16666666666666666
&amp;-now,5,4,9,0.4444444444444444
#news-to,3,7,10,0.7
occurred-with,8,1,9,0.1111111111111111
of-unconfirmed!,13,3,16,0.1875
in-oh,3,2,5,0.4
in-released,12,24,36,0.6666666666666666
the-which,17,20,37,0.5405405405405406
call-the,6,13,19,0.6842105263157895
an-both,1,1,2,0.5
100-i,4,1,5,0.2
here-your,4,1,5,0.2
collapse-into,1,10,11,0.9090909090909091
survive-survived,1,1,2,0.5
ahead-for,1,1,2,0.5
do-had,1,2,3,0.6666666666666666
have-went,2,1,3,0.3333333333333333
60%-five,1,1,2,0.5
like-what,12,8,20,0.4
--dead,1,13,14,0.9285714285714286
banned-quarantined,16,2,18,0.1111111111111111
feeling-while,4,3,7,0.42857142857142855
a-watching,7,3,10,0.3
see-to,40,11,51,0.21568627450980393
...-have,2,10,12,0.8333333333333334
and-stand,12,1,13,0.07692307692307693
company-of,3,2,5,0.4
in-out,41,19,60,0.31666666666666665
many-these,1,1,2,0.5
move-patience,1,1,2,0.5
time-what,6,2,8,0.25
that-wasn't,3,1,4,0.25
crash:-rubble?,5,6,11,0.5454545454545454
gun-liked,1,1,2,0.5
gone-just,1,4,5,0.8
cop-this,2,1,3,0.3333333333333333
from-have,6,5,11,0.45454545454545453
an-setting,1,1,2,0.5
a-massacre,5,7,12,0.5833333333333334
no-via,4,5,9,0.5555555555555556
5-are,1,2,3,0.6666666666666666
can-no,15,5,20,0.25
political-the,1,4,5,0.8
????-my,23,5,28,0.17857142857142858
after-i,17,6,23,0.2608695652173913
get-just,13,3,16,0.1875
dog-wa,2,1,3,0.3333333333333333
bridge-history:,1,1,2,0.5
think-we,7,2,9,0.2222222222222222
a-public,2,3,5,0.6
mission-to,1,1,2,0.5
#somalia-somalia,1,1,2,0.5
combo-offroad,8,1,9,0.1111111111111111
getting-it,6,4,10,0.4
where-would,2,1,3,0.3333333333333333
of-question,4,3,7,0.42857142857142855
hand-my,7,4,11,0.36363636363636365
just-should,3,2,5,0.4
&amp;-lol,2,2,4,0.5
leisure-watch,2,1,3,0.3333333333333333
is-would,8,2,10,0.2
have-world,4,1,5,0.2
sister-tsunami,1,1,2,0.5
a-read,7,3,10,0.3
being-than,2,1,3,0.3333333333333333
favorite-like,1,1,2,0.5
just-sure,4,2,6,0.3333333333333333
for-music,8,1,9,0.1111111111111111
installation-of,2,1,3,0.3333333333333333
i-idk,4,1,5,0.2
great-the,27,7,34,0.20588235294117646
research-the,2,6,8,0.75
pm-to,1,7,8,0.875
down-one,2,1,3,0.3333333333333333
one-while,1,2,3,0.6666666666666666
eyewitness-of,2,10,12,0.8333333333333334
make-stand,8,1,9,0.1111111111111111
60%-in,1,1,2,0.5
non-compliant-with,2,1,3,0.3333333333333333
amongst-in,1,1,2,0.5
in-why,23,7,30,0.23333333333333334
abused+desolate&amp;lost-the,1,1,2,0.5
broken-ha,1,1,2,0.5
hero-of,3,2,5,0.4
derailed-wa,2,1,3,0.3333333333333333
10-the,5,1,6,0.16666666666666666
by-hasn't,1,3,4,0.75
is-watching,4,4,8,0.5
after-taking,1,1,2,0.5
i-piece,2,1,3,0.3333333333333333
likely-top,8,1,9,0.1111111111111111
fan-film,1,4,5,0.8
going-remember,2,2,4,0.5
at-fire,8,13,21,0.6190476190476191
huge-to,3,1,4,0.25
it-want,21,9,30,0.3
something-steve,1,1,2,0.5
birth-of,1,2,3,0.6666666666666666
watch-women!,2,1,3,0.3333333333333333
no-why,5,1,6,0.16666666666666666
before-is,5,5,10,0.5
accident-an,5,8,13,0.6153846153846154
&amp;-damage,3,3,6,0.5
of-oil,2,3,5,0.6
for-leaving,1,1,2,0.5
attractive-i,1,2,3,0.6666666666666666
chief's-police,1,2,3,0.6666666666666666
and-thunderstorm,1,7,8,0.875
new-or,18,2,20,0.1
manager-the,3,1,4,0.25
fuck-him,1,1,2,0.5
of-waste,1,2,3,0.6666666666666666
control-surrounded,4,1,5,0.2
only-rt,2,1,3,0.3333333333333333
like-tomorrow,1,1,2,0.5
#9-in,2,2,4,0.5
of-south,1,4,5,0.8
fire-went,1,3,4,0.75
in-me.,4,2,6,0.3333333333333333
don't-want,12,1,13,0.07692307692307693
force-the,5,2,7,0.2857142857142857
arson-notice,1,4,5,0.8
in-in.,1,1,2,0.5
action-police,1,1,2,0.5
america-he,2,1,3,0.3333333333333333
i-prevent,1,1,2,0.5
company-for,1,1,2,0.5
live-will,2,2,4,0.5
just-two,1,2,3,0.6666666666666666
and-iû_,3,2,5,0.4
mishap-to,4,14,18,0.7777777777777778
it-send,2,1,3,0.3333333333333333
for-near,3,5,8,0.625
be-really,4,4,8,0.5
ask-the,4,2,6,0.3333333333333333
for-panic,5,1,6,0.16666666666666666
been-like,9,3,12,0.25
damage-out,2,1,3,0.3333333333333333
people-totally,1,1,2,0.5
so-white,3,1,4,0.25
out.-to,2,1,3,0.3333333333333333
or-weapon,2,3,5,0.6
afraid-it,2,1,3,0.3333333333333333
sent-to,4,2,6,0.3333333333333333
http://t.co/0wratka2jl-you!,2,1,3,0.3333333333333333
accuses-woman,2,1,3,0.3333333333333333
#irandeal-war,1,1,2,0.5
#gbbo-and,7,2,9,0.2222222222222222
hear-you,8,2,10,0.2
only-you,16,5,21,0.23809523809523808
shit-you're,1,1,2,0.5
are-bigamist,2,1,3,0.3333333333333333
chicago-area-owner,5,1,6,0.16666666666666666
for-public,1,1,2,0.5
by-watch,3,25,28,0.8928571428571429
of-under,1,2,3,0.6666666666666666
going-war,1,1,2,0.5
accuses-for,2,1,3,0.3333333333333333
co-for,1,1,2,0.5
know-only,4,1,5,0.2
lightning-this,2,2,4,0.5
move-this,2,2,4,0.5
ain't-i,11,1,12,0.08333333333333333
#prebreak-to,13,12,25,0.48
curved-spot,6,1,7,0.14285714285714285
on-st,3,4,7,0.5714285714285714
9:-battle,8,1,9,0.1111111111111111
are-way,3,6,9,0.6666666666666666
favorite-one,4,1,5,0.2
news!-unconfirmed!,13,3,16,0.1875
said-the,12,19,31,0.6129032258064516
casualty-for,1,8,9,0.8888888888888888
from-gonna,3,1,4,0.25
and-running,1,1,2,0.5
weather-were,1,1,2,0.5
the-view,2,14,16,0.875
you-you're,33,1,34,0.029411764705882353
enormous-high,1,1,2,0.5
promise-you,2,1,3,0.3333333333333333
i-our,5,2,7,0.2857142857142857
for-you.,5,1,6,0.16666666666666666
comparison-gop,1,1,2,0.5
destroyed-occurred,8,1,9,0.1111111111111111
more-say,4,5,9,0.5555555555555556
??-look,5,1,6,0.16666666666666666
2013-in,3,5,8,0.625
just-morning,1,1,2,0.5
ship-star,8,1,9,0.1111111111111111
into-top,7,1,8,0.125
is-someone,6,2,8,0.25
during-these,1,1,2,0.5
on-rt,4,10,14,0.7142857142857143
i-too.,3,2,5,0.4
a-everyday,1,2,3,0.6666666666666666
building-people,1,7,8,0.875
attacked-is,2,1,3,0.3333333333333333
before-they,1,2,3,0.6666666666666666
be-news!,14,3,17,0.17647058823529413
from-unconfirmed!,13,3,16,0.1875
bloody-have,2,2,4,0.5
more-trauma,1,3,4,0.75
close-to,1,5,6,0.8333333333333334
animal-to,3,1,4,0.25
church-is,1,3,4,0.75
minority-sarah,2,1,3,0.3333333333333333
among-and,1,1,2,0.5
food-were,1,1,2,0.5
couple-tabû_,2,1,3,0.3333333333333333
everyday-these,1,1,2,0.5
body-one,2,1,3,0.3333333333333333
reward-the,1,2,3,0.6666666666666666
building-run,2,2,4,0.5
...-so,3,2,5,0.4
not-said,1,1,2,0.5
any-lord,5,1,6,0.16666666666666666
about-year,3,1,4,0.25
start-then,1,1,2,0.5
pray-the,13,2,15,0.13333333333333333
are-demolition,1,1,2,0.5
also-people,1,1,2,0.5
parole-weighs,1,1,2,0.5
this-would,7,3,10,0.3
do-since,1,1,2,0.5
got-we,4,3,7,0.42857142857142855
and-using,2,2,4,0.5
so-time,3,3,6,0.5
and-line,2,1,3,0.3333333333333333
--rainstorm,2,4,6,0.6666666666666666
:-û_,4,5,9,0.5555555555555556
40%-than,1,1,2,0.5
august-news,2,2,4,0.5
or-reddit's,15,2,17,0.11764705882352941
cut-that,2,2,4,0.5
playing-tunein,1,1,2,0.5
car-their,3,1,4,0.25
1st-of,4,1,5,0.2
refugee-thousand,1,1,2,0.5
after-half,1,1,2,0.5
hill-the,1,5,6,0.8333333333333334
#ibooklove-mountain,1,2,3,0.6666666666666666
can-one,8,5,13,0.38461538461538464
#photo-#photography,1,1,2,0.5
.-a,4,5,9,0.5555555555555556
best-is,12,1,13,0.07692307692307693
[video]-of,4,1,5,0.2
a-hole,4,1,5,0.2
at-fergusonûªs,1,1,2,0.5
respond-to,3,4,7,0.5714285714285714
??-ago,2,1,3,0.3333333333333333
hit-my,4,1,5,0.2
cliff.-could,1,1,2,0.5
a-cross,1,2,3,0.6666666666666666
north-or,2,1,3,0.3333333333333333
d-who,3,2,5,0.4
hero-the,7,4,11,0.36363636363636365
at-literally,1,1,2,0.5
pres:-waste,1,2,3,0.6666666666666666
mode-of,4,1,5,0.2
exit-silver,1,4,5,0.8
don't-much,1,1,2,0.5
old-wa,1,1,2,0.5
the-world's,2,1,3,0.3333333333333333
avalanche-like,1,1,2,0.5
alarm-cinema,1,1,2,0.5
=-in,1,2,3,0.6666666666666666
like-seems,1,1,2,0.5
emergency-site,2,1,3,0.3333333333333333
like-siren,2,1,3,0.3333333333333333
a-start,14,9,23,0.391304347826087
many-that,3,3,6,0.5
percent.-year,1,1,2,0.5
put-to,9,2,11,0.18181818181818182
ignition-sensor-senso,8,4,12,0.3333333333333333
destruction-in,4,3,7,0.42857142857142855
a-friend,17,7,24,0.2916666666666667
have-you,122,13,135,0.0962962962962963
down-game,1,1,2,0.5
about-government,4,2,6,0.3333333333333333
bummer.-the,1,1,2,0.5
an-have,11,9,20,0.45
in-legit,1,1,2,0.5
4-war,1,4,5,0.8
always-she,2,1,3,0.3333333333333333
#prophetmuhammad-land,8,4,12,0.3333333333333333
#islam-all,1,1,2,0.5
inundated-people,2,1,3,0.3333333333333333
it's-keep,3,1,4,0.25
in-jordan,1,3,4,0.75
are-you,128,24,152,0.15789473684210525
no-please,1,1,2,0.5
along-and,1,3,4,0.75
a-indian,2,3,5,0.6
1-part,2,1,3,0.3333333333333333
over-prepare,1,2,3,0.6666666666666666
2-b,1,5,6,0.8333333333333334
last-say,1,4,5,0.8
????-bless,1,1,2,0.5
neighbour's-unconfirmed!,13,3,16,0.1875
in-upon,6,2,8,0.25
'the-wa,1,2,3,0.6666666666666666
gonna-just,4,2,6,0.3333333333333333
kill-reason,3,1,4,0.25
don't-walk,1,1,2,0.5
data-funtenna:,12,5,17,0.29411764705882354
#allah-description,2,1,3,0.3333333333333333
denali-wolf,1,1,2,0.5
:-beforeitsnews,1,3,4,0.75
be-horse,1,2,3,0.6666666666666666
--twister,2,2,4,0.5
leisure-tabû_,2,1,3,0.3333333333333333
of-ton,3,6,9,0.6666666666666666
i-now!,2,1,3,0.3333333333333333
one-she's,1,1,2,0.5
jedi-war,1,1,2,0.5
block-the,8,3,11,0.2727272727272727
begin-of,3,3,6,0.5
from-school,1,3,4,0.75
past-to,2,1,3,0.3333333333333333
i'm-just,10,2,12,0.16666666666666666
enormous-short,1,1,2,0.5
it's-with,29,5,34,0.14705882352941177
hurry-is,1,2,3,0.6666666666666666
daughter-nude,1,1,2,0.5
#islam-madinah.,4,2,6,0.3333333333333333
picture-to,1,2,3,0.6666666666666666
in-vest,1,1,2,0.5
on-what,4,9,13,0.6923076923076923
baby-out,2,1,3,0.3333333333333333
japan-u,1,1,2,0.5
got-would,3,3,6,0.5
planet-the,5,3,8,0.375
lightning-phone,1,1,2,0.5
rise-shape,7,1,8,0.125
daily-like,2,1,3,0.3333333333333333
around-my,2,3,5,0.6
emergency-of,15,17,32,0.53125
#world-longer,1,1,2,0.5
in-lord,3,1,4,0.25
phone-sinking,4,3,7,0.42857142857142855
eye-sick,1,1,2,0.5
day-don't,3,1,4,0.25
crushed-get,1,1,2,0.5
my-neighbour's,13,3,16,0.1875
gem-stock,14,6,20,0.3
be-too,4,1,5,0.2
a-sweet,2,3,5,0.6
catastrophic-really,1,1,2,0.5
after-god,2,1,3,0.3333333333333333
new-snowstorm,2,1,3,0.3333333333333333
cause-this,3,1,4,0.25
i-page,1,1,2,0.5
and-same,6,2,8,0.25
daughter-of,3,2,5,0.4
but-stop,2,1,3,0.3333333333333333
i-swim,2,1,3,0.3333333333333333
cladding-fire,2,1,3,0.3333333333333333
7-at,6,3,9,0.3333333333333333
:)-a,1,2,3,0.6666666666666666
i-tide,3,1,4,0.25
it-siren,3,1,4,0.25
on-response,1,2,3,0.6666666666666666
fall-just,2,1,3,0.3333333333333333
longs-the,1,10,11,0.9090909090909091
c-130-rescue,1,10,11,0.9090909090909091
couple-for,1,2,3,0.6666666666666666
ever-face,1,1,2,0.5
boat-offroad,5,1,6,0.16666666666666666
2-to,14,7,21,0.3333333333333333
--set,1,5,6,0.8333333333333334
as-n,1,1,2,0.5
#islam!-lead,4,1,5,0.2
or-wa,8,1,9,0.1111111111111111
70-survivor,1,1,2,0.5
apc-plan,5,7,12,0.5833333333333334
to-yet,6,1,7,0.14285714285714285
in-pool,4,1,5,0.2
it's-look,5,1,6,0.16666666666666666
make-so,10,1,11,0.09090909090909091
deluge-with,1,1,2,0.5
i-machine,1,1,2,0.5
blessing-i,5,1,6,0.16666666666666666
player-radio:,1,1,2,0.5
action-like,2,3,5,0.6
by-know,1,3,4,0.75
army-on,1,1,2,0.5
#bbc-truth...,3,4,7,0.5714285714285714
shot-this,1,1,2,0.5
got-she,3,1,4,0.25
man-only,1,1,2,0.5
hazard-on,4,2,6,0.3333333333333333
of-outside,4,4,8,0.5
a-come,16,6,22,0.2727272727272727
want-we,4,4,8,0.5
faux-shoulder,12,1,13,0.07692307692307693
make-watching,1,1,2,0.5
do-were,3,1,4,0.25
really-thought,1,1,2,0.5
in-river,3,5,8,0.625
&amp;-see,5,2,7,0.2857142857142857
3g-on,8,6,14,0.42857142857142855
bush-there,1,4,5,0.8
gm!-pray,5,1,6,0.16666666666666666
across-video,1,1,2,0.5
to-week.,1,1,2,0.5
any-going,1,1,2,0.5
#frontpage:-lab,1,2,3,0.6666666666666666
not-sorry,1,1,2,0.5
and-on.,2,1,3,0.3333333333333333
in-some,18,26,44,0.5909090909090909
is-nothing,9,1,10,0.1
all-he,4,1,5,0.2
thousand-to,3,1,4,0.25
21:1023-of,1,1,2,0.5
now-to,30,10,40,0.25
may-natural,1,1,2,0.5
a-usa,2,3,5,0.6
my-song,8,1,9,0.1111111111111111
river-the,24,12,36,0.3333333333333333
a-thick,1,1,2,0.5
hellfire-prophet,4,2,6,0.3333333333333333
issue-weather,1,8,9,0.8888888888888888
for-worry,2,1,3,0.3333333333333333
people-year,2,1,3,0.3333333333333333
had-my,24,5,29,0.1724137931034483
and-grove,1,1,2,0.5
be-he,13,2,15,0.13333333333333333
&amp;-started,2,1,3,0.3333333333333333
be-into,5,1,6,0.16666666666666666
danger-like,2,1,3,0.3333333333333333
anthrax-fedex,5,11,16,0.6875
outside-people,1,1,2,0.5
and-taking,6,1,7,0.14285714285714285
and-everyone's,1,1,2,0.5
both-way,1,1,2,0.5
#tcot-a,1,1,2,0.5
emergency-plan.,1,2,3,0.6666666666666666
not-u,9,1,10,0.1
this-two,1,2,3,0.6666666666666666
after-being,1,4,5,0.8
via-wake,1,3,4,0.75
&amp;-i'm,6,5,11,0.45454545454545453
hailstorm-the,1,6,7,0.8571428571428571
running-while,1,1,2,0.5
and-got,16,12,28,0.42857142857142855
fact-on,1,3,4,0.75
on-yeah,2,7,9,0.7777777777777778
blocked-enemy,5,1,6,0.16666666666666666
--it's,2,3,5,0.6
burning-i,9,9,18,0.5
dear-to,3,2,5,0.4
2-fuel,1,1,2,0.5
desolate-to,5,2,7,0.2857142857142857
leading-of,1,4,5,0.8
&amp;-wa,9,7,16,0.4375
but-hi,2,1,3,0.3333333333333333
bell-for,1,1,2,0.5
--omar's,1,1,2,0.5
and-know,26,4,30,0.13333333333333333
at-enugu,5,1,6,0.16666666666666666
of-with...,1,1,2,0.5
????????-a,5,1,6,0.16666666666666666
screamed-so,5,1,6,0.16666666666666666
lamp-offroad,9,2,11,0.18181818181818182
in-th...,2,4,6,0.6666666666666666
brutally-her,1,1,2,0.5
inside-not,4,2,6,0.3333333333333333
one-worst,1,2,3,0.6666666666666666
head-into,3,1,4,0.25
at-do,6,1,7,0.14285714285714285
&amp;-i'd,1,1,2,0.5
disaster-people,1,3,4,0.75
in-loss,1,2,3,0.6666666666666666
an-ok,1,2,3,0.6666666666666666
dont-my,1,1,2,0.5
it's-than,3,1,4,0.25
left-no,2,2,4,0.5
avalanche-is,1,1,2,0.5
be-wave,1,2,3,0.6666666666666666
being-gonna,1,1,2,0.5
a-tragedy,3,3,6,0.5
and-good,14,5,19,0.2631578947368421
it-last,10,3,13,0.23076923076923078
give-so,1,1,2,0.5
day)-department,1,1,2,0.5
that.-to,1,1,2,0.5
in-storm,4,27,31,0.8709677419354839
before-their,1,3,4,0.75
couple-just,1,1,2,0.5
feed-newlywed,2,1,3,0.3333333333333333
detonate-like,1,1,2,0.5
he-now,1,1,2,0.5
appears-news!,13,3,16,0.1875
??????-this,5,1,6,0.16666666666666666
floods.-he,2,1,3,0.3333333333333333
anyone-in,2,1,3,0.3333333333333333
brown-m.o.p.,5,1,6,0.16666666666666666
eyewitness-to,1,1,2,0.5
knife-whistle,1,1,2,0.5
dead-in,3,35,38,0.9210526315789473
got-see,1,1,2,0.5
being-most,1,1,2,0.5
in-laughing,2,1,3,0.3333333333333333
more-wounds;,1,2,3,0.6666666666666666
face-his,1,2,3,0.6666666666666666
fleet-star,8,1,9,0.1111111111111111
of-turned,6,2,8,0.25
and-bang,4,1,5,0.2
of-wake,11,13,24,0.5416666666666666
it's-thunder,1,1,2,0.5
saw-to,4,13,17,0.7647058823529411
is-sport,1,2,3,0.6666666666666666
ha-iran,1,4,5,0.8
a-sinkhole,2,9,11,0.8181818181818182
6-for,2,2,4,0.5
drought.-in,1,1,2,0.5
for-stir,2,4,6,0.6666666666666666
temple-the,3,17,20,0.85
and-four,1,5,6,0.8333333333333334
this-while,10,3,13,0.23076923076923078
and-first,12,15,27,0.5555555555555556
hazardous-that,1,1,2,0.5
nothing-worry,1,1,2,0.5
enough-this,2,1,3,0.3333333333333333
died-heat,1,1,2,0.5
high-is,1,3,4,0.75
during-world,2,1,3,0.3333333333333333
done-shit,2,1,3,0.3333333333333333
#phoenix-desolation.,1,1,2,0.5
in-still,24,17,41,0.4146341463414634
just-your,9,2,11,0.18181818181818182
swansea-transfer,1,2,3,0.6666666666666666
from-said,4,3,7,0.42857142857142855
@change-river,5,4,9,0.4444444444444444
giving-hellfire,4,2,6,0.3333333333333333
after-while,1,1,2,0.5
and-ûó,9,2,11,0.18181818181818182
that-where,5,4,9,0.4444444444444444
and-flame,1,3,4,0.75
home-the,15,40,55,0.7272727272727273
for-israel,1,4,5,0.8
down-last,4,2,6,0.3333333333333333
an-way,3,1,4,0.25
jacket-my,1,1,2,0.5
alien-self,1,1,2,0.5
#islam!-mention,1,1,2,0.5
consequence-socialism,2,1,3,0.3333333333333333
house-like,1,2,3,0.6666666666666666
black-totaling,8,1,9,0.1111111111111111
angry-internally,4,2,6,0.3333333333333333
??-is,18,3,21,0.14285714285714285
my-set,2,1,3,0.3333333333333333
in-state,8,24,32,0.75
only-that,9,6,15,0.4
business-yours,8,1,9,0.1111111111111111
he-word,1,1,2,0.5
case-for,3,2,5,0.4
shadow-to,1,3,4,0.75
battle-war,1,2,3,0.6666666666666666
get-stay,2,2,4,0.5
family-of,7,80,87,0.9195402298850575
causing-the,2,1,3,0.3333333333333333
book-by,6,1,7,0.14285714285714285
#tcot-of,1,1,2,0.5
river-stop,6,4,10,0.4
for-wounded,2,2,4,0.5
effect-horrible,15,2,17,0.11764705882352941
get-right,6,1,7,0.14285714285714285
letûªs-mention,3,1,4,0.25
how-worse,1,1,2,0.5
#offers2go-unsafe,1,2,3,0.6666666666666666
stop-transporting,1,2,3,0.6666666666666666
and-pain,2,2,4,0.5
of-portion,1,1,2,0.5
100-of,2,1,3,0.3333333333333333
no-with,12,6,18,0.3333333333333333
#pjnet-in,1,1,2,0.5
back-come,2,2,4,0.5
an-in,36,48,84,0.5714285714285714
stand-we,2,1,3,0.3333333333333333
on-spent,1,1,2,0.5
the-you?,1,1,2,0.5
car-he,1,3,4,0.75
of-yea,2,1,3,0.3333333333333333
&amp;-climate,1,3,4,0.75
about-going,4,3,7,0.42857142857142855
300w-spot,6,1,7,0.14285714285714285
bringing-change.,4,2,6,0.3333333333333333
full-starter,1,1,2,0.5
percent-twia,1,1,2,0.5
know-still,2,1,3,0.3333333333333333
help-please,2,1,3,0.3333333333333333
all-one,9,3,12,0.25
how-this,12,3,15,0.2
look-seen,1,1,2,0.5
dear-the,3,1,4,0.25
salem-the,3,2,5,0.4
can't-for,8,3,11,0.2727272727272727
eaten-is,1,1,2,0.5
before-what,1,1,2,0.5
of-piling,4,2,6,0.3333333333333333
8-of,6,9,15,0.6
up-wondering,1,1,2,0.5
26-at,1,2,3,0.6666666666666666
his-keep,3,2,5,0.4
for-mass,3,4,7,0.5714285714285714
former-the,1,2,3,0.6666666666666666
coming-is,10,7,17,0.4117647058823529
business-colour,7,1,8,0.125
if-ok,2,2,4,0.5
#lies-#news,3,4,7,0.5714285714285714
enough-my,2,1,3,0.3333333333333333
he-who,7,3,10,0.3
heart-im,1,1,2,0.5
one-wa,12,9,21,0.42857142857142855
in-oil,3,4,7,0.5714285714285714
remember-year,1,2,3,0.6666666666666666
and-tweet,4,1,5,0.2
insurer-seek,6,1,7,0.14285714285714285
wa-world,1,1,2,0.5
no-save,2,1,3,0.3333333333333333
a-instead,7,4,11,0.36363636363636365
be-beyond,3,1,4,0.25
it's-rise,8,1,9,0.1111111111111111
eye-with,12,1,13,0.07692307692307693
go-those,1,1,2,0.5
in-saudi,1,24,25,0.96
car-siren,1,1,2,0.5
control-your,4,1,5,0.2
i-try,5,2,7,0.2857142857142857
--don't,7,2,9,0.2222222222222222
because-love,3,1,4,0.25
cobra-gt,2,1,3,0.3333333333333333
#360wisenews-the,2,2,4,0.5
and-check,7,1,8,0.125
do-get,3,2,5,0.4
?????-the,1,1,2,0.5
the-worth,4,2,6,0.3333333333333333
displaced-wom...,2,1,3,0.3333333333333333
blow-his,1,1,2,0.5
greatest-oppression,3,1,4,0.25
in-wa,66,55,121,0.45454545454545453
didn't-just,1,1,2,0.5
into-some,4,13,17,0.7647058823529411
smoke-who,2,1,3,0.3333333333333333
is-just,32,9,41,0.21951219512195122
&amp;-video,8,3,11,0.2727272727272727
by-state,2,5,7,0.7142857142857143
getting-i'm,4,2,6,0.3333333333333333
cinema-evacuated,2,4,6,0.6666666666666666
blast-nearby.,13,3,16,0.1875
just-their,3,2,5,0.4
hey-the,10,2,12,0.16666666666666666
gone-up,2,1,3,0.3333333333333333
and-cause,9,5,14,0.35714285714285715
blessing-by,5,1,6,0.16666666666666666
all-feminist,5,1,6,0.16666666666666666
alone-it,1,1,2,0.5
'you-of,1,1,2,0.5
bioterror-fedex,10,18,28,0.6428571428571429
from-moment,1,1,2,0.5
building-winston,1,1,2,0.5
eventually-the,1,3,4,0.75
in-you'll,3,1,4,0.25
around-before,2,1,3,0.3333333333333333
and-inside,3,5,8,0.625
during-water,1,1,2,0.5
here-is,8,5,13,0.38461538461538464
&amp;-5,3,3,6,0.5
stop-via,5,5,10,0.5
right-so,4,1,5,0.2
--cleared:incident,1,2,3,0.6666666666666666
from-get,7,2,9,0.2222222222222222
his-wa,13,4,17,0.23529411764705882
about-care,3,2,5,0.4
--@www.cbplawyers,1,1,2,0.5
#gopdebate-derail,1,1,2,0.5
to-tried,8,2,10,0.2
concept-of,2,2,4,0.5
but-even,6,1,7,0.14285714285714285
ass.-i,14,3,17,0.17647058823529413
bridge-trent,3,4,7,0.5714285714285714
i'm-man,2,1,3,0.3333333333333333
being-year,2,1,3,0.3333333333333333
have-rescued,1,1,2,0.5
11-the,2,1,3,0.3333333333333333
a-please,5,4,9,0.4444444444444444
is-quite,1,1,2,0.5
a-chance.,1,1,2,0.5
horrible-it,5,3,8,0.375
meal-totally,3,1,4,0.25
first-it,10,7,17,0.4117647058823529
60-trent,1,1,2,0.5
??-change,2,1,3,0.3333333333333333
at-is,28,35,63,0.5555555555555556
they-threat,1,1,2,0.5
alarm-false,1,1,2,0.5
that-tonight.,1,1,2,0.5
governor-weighs,1,1,2,0.5
downtown-to,2,5,7,0.7142857142857143
#forever-would,2,1,3,0.3333333333333333
army-pick,17,1,18,0.05555555555555555
death-last,1,1,2,0.5
moved-this,1,1,2,0.5
ban-of,1,3,4,0.75
missing-stolen,1,1,2,0.5
said-than,1,1,2,0.5
a-involving,8,1,9,0.1111111111111111
for-sent,1,2,3,0.6666666666666666
blog-of,1,1,2,0.5
7-of,3,1,4,0.25
all-truck,1,2,3,0.6666666666666666
neighbour's-to,13,3,16,0.1875
the-tweet,8,3,11,0.2727272727272727
whirlwind-with,1,1,2,0.5
after-month,1,3,4,0.75
part-to,4,2,6,0.3333333333333333
is-one,40,21,61,0.3442622950819672
into-over,3,1,4,0.25
#lies-#quran,3,4,7,0.5714285714285714
--squad,1,2,3,0.6666666666666666
dog-no,1,1,2,0.5
quarantined-subreddits,15,2,17,0.11764705882352941
just-page,1,1,2,0.5
an-new,7,3,10,0.3
during-most,2,1,3,0.3333333333333333
nigga-the,6,3,9,0.3333333333333333
american-family,1,1,2,0.5
downtown-in,5,8,13,0.6153846153846154
60%-population,1,1,2,0.5
firefighter-in,3,3,6,0.5
4-emergency,2,3,5,0.6
emergency-how,2,1,3,0.3333333333333333
a-mercy,1,5,6,0.8333333333333334
by-start,1,1,2,0.5
did-say,1,1,2,0.5
it's-take,1,2,3,0.6666666666666666
blocked-gm!,5,1,6,0.16666666666666666
know-well,2,1,3,0.3333333333333333
annihilated-for,1,2,3,0.6666666666666666
1-day,1,1,2,0.5
i-most,3,5,8,0.625
giving-him),4,2,6,0.3333333333333333
it-window,2,1,3,0.3333333333333333
place-where,1,1,2,0.5
terrorist-wa,1,1,2,0.5
even-me,3,2,5,0.4
loose-to,3,1,4,0.25
#rickperry-faced,1,2,3,0.6666666666666666
morning-of,1,2,3,0.6666666666666666
a-front,9,3,12,0.25
a-c-130,1,10,11,0.9090909090909091
12-die,1,2,3,0.6666666666666666
had-thank,3,1,4,0.25
bar-scheme,4,1,5,0.2
of-san,2,1,3,0.3333333333333333
before-this,1,1,2,0.5
--thomas,2,1,3,0.3333333333333333
day-now,1,1,2,0.5
21:1023-short,1,1,2,0.5
#michelebachman-predict,1,1,2,0.5
@-now,1,1,2,0.5
bioterror-shipping,1,3,4,0.75
a-imagine,1,6,7,0.8571428571428571
memory-of,1,5,6,0.8333333333333334
in-panicking,1,1,2,0.5
how-with,13,1,14,0.07142857142857142
here-you,3,3,6,0.5
many-quarantined,15,2,17,0.11764705882352941
a-direction,2,2,4,0.5
a-hell,7,2,9,0.2222222222222222
flush-toilet,1,1,2,0.5
on-watching,2,3,5,0.6
beam-flood,3,1,4,0.25
guy-year,1,1,2,0.5
find-for,2,2,4,0.5
we-your,4,6,10,0.6
earlier.-to,2,1,3,0.3333333333333333
2-no,1,2,3,0.6666666666666666
great-weapon,1,1,2,0.5
pathogen-transport,3,1,4,0.25
after-man,2,3,5,0.6
flood-is,6,3,9,0.3333333333333333
out-pay',7,1,8,0.125
a-animal,2,2,4,0.5
so-what's,2,1,3,0.3333333333333333
be-wanna,4,1,5,0.2
military-u,3,1,4,0.25
being-up,6,4,10,0.4
i-share,1,3,4,0.75
guy-it,5,2,7,0.2857142857142857
ben-police,1,1,2,0.5
rescued-were,1,1,2,0.5
+-her,1,1,2,0.5
building-drive,1,1,2,0.5
me-very,4,1,5,0.2
change-the,21,9,30,0.3
--no,8,11,19,0.5789473684210527
and-upset,2,1,3,0.3333333333333333
mix-to,1,1,2,0.5
director-texas,1,1,2,0.5
building-is,5,12,17,0.7058823529411765
on-screaming,2,1,3,0.3333333333333333
talk-your,4,1,5,0.2
#foodscare-unsafe,1,2,3,0.6666666666666666
casualties.-on,1,1,2,0.5
blood-u,1,2,3,0.6666666666666666
total-were,1,1,2,0.5
over-went,2,1,3,0.3333333333333333
hit-on,3,3,6,0.5
coming-for,4,5,9,0.5555555555555556
it-lost,2,2,4,0.5
in-scotland,2,2,4,0.5
of-time2015-08-05,1,3,4,0.75
need-rt,4,1,5,0.2
swansea-virgil,1,2,3,0.6666666666666666
or-support,2,1,3,0.3333333333333333
in-shut,2,1,3,0.3333333333333333
griefûª-û÷politics,1,4,5,0.8
the-there's,6,9,15,0.6
official-time,1,2,3,0.6666666666666666
get-wrecked,3,1,4,0.25
a-blast,26,6,32,0.1875
that-why,6,2,8,0.25
openly-wom...,2,1,3,0.3333333333333333
a-back.,1,1,2,0.5
by-taken,3,2,5,0.4
another-you,21,4,25,0.16
of-publicizing,1,1,2,0.5
how-swim,1,1,2,0.5
i-in!,1,1,2,0.5
up-woke,7,1,8,0.125
i-range,1,1,2,0.5
an-apocalypse,4,1,5,0.2
greatest-soon,3,1,4,0.25
6+-apple,1,1,2,0.5
??-are,7,1,8,0.125
really-said,1,1,2,0.5
knife-reû_,1,1,2,0.5
and-die,7,2,9,0.2222222222222222
a-am,18,10,28,0.35714285714285715
a-apc,3,6,9,0.6666666666666666
associated-hazard,2,1,3,0.3333333333333333
and-struck,3,5,8,0.625
patriot-you,1,1,2,0.5
more-while,1,1,2,0.5
in-school,12,13,25,0.52
@gerenciatodos-stock,1,1,2,0.5
that-with,21,19,40,0.475
stay-there,1,1,2,0.5
a-rare,1,1,2,0.5
of-they're,4,1,5,0.2
phoenix-raid,1,2,3,0.6666666666666666
next-will,1,4,5,0.8
i-injured,2,1,3,0.3333333333333333
a-each,2,3,5,0.6
9:-totaling,8,1,9,0.1111111111111111
crystal-the,2,1,3,0.3333333333333333
before-my,4,1,5,0.2
for-get,24,5,29,0.1724137931034483
at-project,1,1,2,0.5
jedi-the,1,1,2,0.5
breaking-unconfirmed!,13,3,16,0.1875
could-in,6,7,13,0.5384615384615384
in-mark,1,4,5,0.8
or-policy,15,2,17,0.11764705882352941
#quran-truth...,3,4,7,0.5714285714285714
is-sound,1,1,2,0.5
jack-wa,1,1,2,0.5
avoid-of,2,1,3,0.3333333333333333
do-lead,3,1,4,0.25
and-british,2,1,3,0.3333333333333333
detonation-water-resistant,2,1,3,0.3333333333333333
at-ppl,1,1,2,0.5
hobo-shoulder,7,1,8,0.125
lose-of,5,1,6,0.16666666666666666
--external,3,1,4,0.25
it-started,3,1,4,0.25
a-half,12,7,19,0.3684210526315789
@cnn-the,2,2,4,0.5
didn't-wa,4,2,6,0.3333333333333333
a-flip,1,1,2,0.5
#myfitnesspal-brisk,1,1,2,0.5
heard-loud,14,4,18,0.2222222222222222
i-white,3,4,7,0.5714285714285714
support-that,2,2,4,0.5
box-start,2,2,4,0.5
my-whole,3,1,4,0.25
tribal-turned,4,2,6,0.3333333333333333
invoices.-top,7,1,8,0.125
#nestleindia-loss,1,2,3,0.6666666666666666
by-protect,1,1,2,0.5
everyone-if,2,2,4,0.5
getting-stop,1,1,2,0.5
child-from,1,1,2,0.5
#wealth-people,2,1,3,0.3333333333333333
but-trapped,2,1,3,0.3333333333333333
--today,2,4,6,0.6666666666666666
terrifying-wa,1,1,2,0.5
#southdowns-the,1,1,2,0.5
city.-the,2,2,4,0.5
i-wall,1,2,3,0.6666666666666666
be-https://t.co/e8dl1lncvu,2,1,3,0.3333333333333333
is-should,3,5,8,0.625
by-ship,1,1,2,0.5
he-line,1,1,2,0.5
her-i,43,5,48,0.10416666666666667
for-night,10,5,15,0.3333333333333333
fire-house,1,4,5,0.8
bad-could,1,1,2,0.5
like-sinking,8,1,9,0.1111111111111111
a-be,135,58,193,0.3005181347150259
formation-of,1,1,2,0.5
fatality-when,1,1,2,0.5
morning-some,1,1,2,0.5
family-rare,1,1,2,0.5
(and-a,1,1,2,0.5
first-when,2,1,3,0.3333333333333333
ship-will,3,2,5,0.4
center-nuclear,1,1,2,0.5
burning-inferno,1,1,2,0.5
really-the,20,13,33,0.3939393939393939
by-special,2,1,3,0.3333333333333333
...-are,3,7,10,0.7
a-hair,6,2,8,0.25
cross-widespread,2,1,3,0.3333333333333333
building-like,5,4,9,0.4444444444444444
same-to,4,1,5,0.2
dress-on,2,1,3,0.3333333333333333
killed-man,1,5,6,0.8333333333333334
8-bigamist,2,1,3,0.3333333333333333
of-yall,1,1,2,0.5
crazy-teen,1,1,2,0.5
asking-to,3,2,5,0.4
bay-the,6,5,11,0.45454545454545453
is-worse,2,3,5,0.6
a-though,3,1,4,0.25
i'm-they,7,1,8,0.125
for-ready,4,5,9,0.5555555555555556
around-in,5,11,16,0.6875
heard-near,1,1,2,0.5
it-match,2,2,4,0.5
police-via,1,4,5,0.8
--sw,3,4,7,0.5714285714285714
be-off,1,1,2,0.5
a-tax,1,4,5,0.8
baby-building,2,3,5,0.6
create-think,1,1,2,0.5
from-tsunami,1,2,3,0.6666666666666666
running-up,1,1,2,0.5
truck-you,7,1,8,0.125
conference-illegal,4,1,5,0.2
...-cause,1,1,2,0.5
horse-https://t.co/e8dl1lncvu,1,1,2,0.5
is-public,1,1,2,0.5
big-now,1,1,2,0.5
like-their,2,3,5,0.6
back-demolished,1,1,2,0.5
by-hazard,3,1,4,0.25
his-one,4,1,5,0.2
back-great,2,1,3,0.3333333333333333
neighbour's-what,13,3,16,0.1875
hobo-tote,7,1,8,0.125
park-tonto,5,3,8,0.375
but-harm,2,2,4,0.5
brisk-minute,1,1,2,0.5
a-really,21,8,29,0.27586206896551724
can-you,66,11,77,0.14285714285714285
change-ferguson,1,1,2,0.5
#gbbo-like,3,2,5,0.4
and-collapsed,8,4,12,0.3333333333333333
today-u,1,2,3,0.6666666666666666
consequence-is,2,1,3,0.3333333333333333
#mets-in,1,1,2,0.5
bloody-the,13,1,14,0.07142857142857142
school-the,9,5,14,0.35714285714285715
life-to,15,18,33,0.5454545454545454
even-letûªs,3,1,4,0.25
#genocide;-https://t.co/rqwuoy1fm4,1,3,4,0.75
is-rest,1,2,3,0.6666666666666666
'we-can,1,1,2,0.5
#michelebachman-obliterated,1,1,2,0.5
high-their,1,1,2,0.5
almost-someone,1,1,2,0.5
body-lady,12,1,13,0.07692307692307693
in-loving,1,1,2,0.5
life-not,2,2,4,0.5
'superhero'-with,1,1,2,0.5
and-least,3,5,8,0.625
lol-me,2,1,3,0.3333333333333333
evacuate-went,1,1,2,0.5
is-place,2,5,7,0.7142857142857143
effect-quarantined,15,2,17,0.11764705882352941
from-men,1,1,2,0.5
gateau-off's,1,1,2,0.5
happen-injury,2,2,4,0.5
??????????-to,3,1,4,0.25
lou's-we,1,2,3,0.6666666666666666
then-yeah,1,1,2,0.5
it's-it.,1,1,2,0.5
profit-to,1,1,2,0.5
and-playlist,2,3,5,0.6
bomb-if,4,3,7,0.42857142857142855
shit-to,9,7,16,0.4375
an-running,1,1,2,0.5
back-is,5,4,9,0.4444444444444444
all-hope,1,2,3,0.6666666666666666
come-we,1,1,2,0.5
family-your,3,2,5,0.4
first-today,2,2,4,0.5
christ-on,1,1,2,0.5
injury-of,11,1,12,0.08333333333333333
head-hughes,1,1,2,0.5
a-create,5,3,8,0.375
paint-they,2,1,3,0.3333333333333333
job-on,2,1,3,0.3333333333333333
sue-to,1,29,30,0.9666666666666667
all-i'm,11,1,12,0.08333333333333333
his-when,5,2,7,0.2857142857142857
and-if,43,13,56,0.23214285714285715
guy-until,1,1,2,0.5
rain-weather,1,1,2,0.5
man-really,3,1,4,0.25
4x4-curved,6,1,7,0.14285714285714285
they've-this,1,1,2,0.5
it-these,2,1,3,0.3333333333333333
hunk-smoky,1,2,3,0.6666666666666666
security-the,4,3,7,0.42857142857142855
if-son,1,1,2,0.5
atomic-it,1,4,5,0.8
know-you.,1,2,3,0.6666666666666666
disaster-first,1,2,3,0.6666666666666666
sound-that,4,2,6,0.3333333333333333
mass-so,1,1,2,0.5
fire-forest,6,32,38,0.8421052631578947
on-route,1,1,2,0.5
say-word,1,1,2,0.5
that-u,17,4,21,0.19047619047619047
stop-wild,5,4,9,0.4444444444444444
off-woke,1,1,2,0.5
@'armageddon-do,3,1,4,0.25
create-you,1,3,4,0.75
bioterror-longer,11,13,24,0.5416666666666666
china's-there,9,6,15,0.4
only-year,1,1,2,0.5
doesn't-of,2,2,4,0.5
so-what,6,4,10,0.4
chance-the,5,4,9,0.4444444444444444
at-to,71,63,134,0.4701492537313433
:)-you,2,2,4,0.5
going-only,1,2,3,0.6666666666666666
hunt...-stock,1,1,2,0.5
and-thing,12,9,21,0.42857142857142855
burning-rally,1,2,3,0.6666666666666666
am-there,1,1,2,0.5
lord-that,7,1,8,0.125
by-guy,2,1,3,0.3333333333333333
#9-of,1,2,3,0.6666666666666666
ha-still,2,3,5,0.6
just-probably,1,1,2,0.5
interest-sparked,2,1,3,0.3333333333333333
:-be,2,1,3,0.3333333333333333
natural-rise,1,1,2,0.5
down-if,3,2,5,0.4
nuclear-that,1,8,9,0.8888888888888888
government-nuclear,1,1,2,0.5
accident.-airplane,2,2,4,0.5
a-trapped,5,8,13,0.6153846153846154
good.-leave,1,1,2,0.5
in-read,6,3,9,0.3333333333333333
...-an,2,1,3,0.3333333333333333
i-was.,2,2,4,0.5
life-|,1,1,2,0.5
'save-prophet,4,2,6,0.3333333333333333
of-while,11,4,15,0.26666666666666666
united-year,1,2,3,0.6666666666666666
on-until,2,1,3,0.3333333333333333
for-think,8,1,9,0.1111111111111111
city.-i,1,1,2,0.5
...-will,2,2,4,0.5
blow-let,1,1,2,0.5
but-no,18,8,26,0.3076923076923077
forest:-the,10,6,16,0.375
everyday-to,2,1,3,0.3333333333333333
and-cancel,2,1,3,0.3333333333333333
down-that,6,2,8,0.25
is-storm,5,6,11,0.5454545454545454
donûªt-or,3,1,4,0.25
ha-plan,1,4,5,0.8
chief-of,4,1,5,0.2
i've-up,1,1,2,0.5
football-that,1,1,2,0.5
drive-in,1,6,7,0.8571428571428571
nuclear-with,1,1,2,0.5
is-on,76,66,142,0.4647887323943662
ha-law,1,2,3,0.6666666666666666
reason-that,5,1,6,0.16666666666666666
building-would,2,3,5,0.6
53inch-curved,6,1,7,0.14285714285714285
is-we,19,17,36,0.4722222222222222
guy-my,6,2,8,0.25
point-some,2,2,4,0.5
:-of,7,12,19,0.631578947368421
they're-with,1,2,3,0.6666666666666666
got-so,13,2,15,0.13333333333333333
in-population,2,5,7,0.7142857142857143
[black-data,12,5,17,0.29411764705882354
chile-movie,8,1,9,0.1111111111111111
bar-curved,6,1,7,0.14285714285714285
bioterrorism-sir.,2,2,4,0.5
for-insurer,8,1,9,0.1111111111111111
reason-|,9,3,12,0.25
4-attack,1,2,3,0.6666666666666666
involving-occurred,8,1,9,0.1111111111111111
30-for,1,1,2,0.5
up-wind,1,5,6,0.8333333333333334
couldn't-in,1,1,2,0.5
are-sick,2,2,4,0.5
be-dam,1,1,2,0.5
those-wondering,1,1,2,0.5
#gilbert23-will,2,1,3,0.3333333333333333
is-morning,1,2,3,0.6666666666666666
of-star,3,1,4,0.25
'the-from,1,2,3,0.6666666666666666
she-wa,9,4,13,0.3076923076923077
ferguson's-upheaval,2,1,3,0.3333333333333333
?-any,2,1,3,0.3333333333333333
b-he,1,1,2,0.5
friend-they,2,1,3,0.3333333333333333
casualty-there,1,1,2,0.5
following-trafford,1,4,5,0.8
forest-i,2,2,4,0.5
in-richmond,1,5,6,0.8333333333333334
4-after,1,1,2,0.5
'the-about,6,5,11,0.45454545454545453
another-car,1,1,2,0.5
feel-sorry,1,1,2,0.5
home-over,1,11,12,0.9166666666666666
a-tremor,1,1,2,0.5
and-recognize,1,2,3,0.6666666666666666
for-trying,1,1,2,0.5
in-photo:,2,3,5,0.6
collapsed-told,2,1,3,0.3333333333333333
crashed-not,1,2,3,0.6666666666666666
of-suicide,2,34,36,0.9444444444444444
be-former,1,6,7,0.8571428571428571
at-gun,2,2,4,0.5
and-green,4,1,5,0.2
on-people,12,19,31,0.6129032258064516
ill-me,2,1,3,0.3333333333333333
the-yet.,7,1,8,0.125
collided-with,6,10,16,0.625
#reddit-now,2,1,3,0.3333333333333333
of-single,2,2,4,0.5
...-this,3,4,7,0.5714285714285714
some-these,2,1,3,0.3333333333333333
life:-the,3,3,6,0.5
sunset-the,1,3,4,0.75
ambulance-work,1,1,2,0.5
one-pick,7,1,8,0.125
them-think,2,1,3,0.3333333333333333
bin-laden,1,8,9,0.8888888888888888
needed-no,2,1,3,0.3333333333333333
a-xd,2,1,3,0.3333333333333333
5000-the,1,1,2,0.5
do-water,1,2,3,0.6666666666666666
blast-red,3,2,5,0.4
@rightwaystan-repair,1,1,2,0.5
disaster-want,1,1,2,0.5
make-of,25,1,26,0.038461538461538464
it-yet,4,1,5,0.2
stop-stopped,1,1,2,0.5
murder.-stop,1,1,2,0.5
been-up,5,4,9,0.4444444444444444
been-year,1,5,6,0.8333333333333334
rt-u,3,2,5,0.4
of-would,27,10,37,0.2702702702702703
all-weapon,1,1,2,0.5
from-population,1,2,3,0.6666666666666666
ha-in,32,32,64,0.5
military-that,1,1,2,0.5
demolished-is,1,1,2,0.5
but-u.s,1,1,2,0.5
more-public,1,1,2,0.5
a-rob,4,1,5,0.2
moving-to,1,4,5,0.8
itûªs-of,1,2,3,0.6666666666666666
casualties.-to,3,3,6,0.5
back-future,1,1,2,0.5
an-will,4,4,8,0.5
ship-via,1,1,2,0.5
a-it,159,118,277,0.4259927797833935
doe-the,9,10,19,0.5263157894736842
body-child,2,1,3,0.3333333333333333
--condition,2,1,3,0.3333333333333333
show-to,9,4,13,0.3076923076923077
beam-led,3,1,4,0.25
done.-well,1,1,2,0.5
while-with,4,3,7,0.42857142857142855
have-wounded,1,1,2,0.5
and-before,8,5,13,0.38461538461538464
piece-up,2,1,3,0.3333333333333333
like-this,21,4,25,0.16
man-one,3,4,7,0.5714285714285714
i-leave,9,3,12,0.25
in-that.,2,1,3,0.3333333333333333
only-should,2,1,3,0.3333333333333333
a-buildings.,1,1,2,0.5
decision-to,2,1,3,0.3333333333333333
and...-short,1,1,2,0.5
going-up,3,1,4,0.25
done.-on,1,1,2,0.5
many-so,16,2,18,0.1111111111111111
33'-movie,6,5,11,0.45454545454545453
one-say,2,1,3,0.3333333333333333
dies..is-mum,1,1,2,0.5
for-red-light,1,1,2,0.5
flattened-today,1,1,2,0.5
on-u.s.,1,11,12,0.9166666666666666
people-thought,1,1,2,0.5
evacuation-of,2,17,19,0.8947368421052632
#islam!-or,1,1,2,0.5
direction-pick,7,1,8,0.125
pm-will,1,4,5,0.8
i-why,23,4,27,0.14814814814814814
fire-in,16,89,105,0.8476190476190476
action-of,1,9,10,0.9
fire-middle,1,1,2,0.5
lung-your,1,2,3,0.6666666666666666
disaster-pitch,2,1,3,0.3333333333333333
from-last,2,2,4,0.5
france-in,3,10,13,0.7692307692307693
i'm-stay,1,1,2,0.5
glad-so,5,1,6,0.16666666666666666
--talk,1,2,3,0.6666666666666666
america-then,1,1,2,0.5
a-tin,1,2,3,0.6666666666666666
abe-the,2,2,4,0.5
building-do,2,3,5,0.6
false-odeon,1,4,5,0.8
a-dy,1,4,5,0.8
music-the,13,3,16,0.1875
it's-just,9,3,12,0.25
it-make,19,5,24,0.20833333333333334
guy-not,2,1,3,0.3333333333333333
have-member,1,1,2,0.5
after-now.,1,1,2,0.5
sense-this,1,1,2,0.5
????-traumatised,1,1,2,0.5
a-simple,2,1,3,0.3333333333333333
need-so,10,1,11,0.09090909090909091
i-instead,4,3,7,0.42857142857142855
of-richmond,2,4,6,0.6666666666666666
break-of,3,1,4,0.25
do-eye,1,1,2,0.5
harm/kid-ink,2,1,3,0.3333333333333333
by-your,14,2,16,0.125
and-anything,6,1,7,0.14285714285714285
of-utc2015-08-05,2,11,13,0.8461538461538461
budget-service,1,8,9,0.8888888888888888
move-transfer,1,2,3,0.6666666666666666
home-video,2,3,5,0.6
??-wasn't,1,1,2,0.5
seek-to,10,6,16,0.375
done-job,2,2,4,0.5
--31,1,4,5,0.8
is-upheaval,2,1,3,0.3333333333333333
getting-today,1,1,2,0.5
driving-in,2,2,4,0.5
it-tried.,2,1,3,0.3333333333333333
help-need,2,2,4,0.5
for-petition!take,1,1,2,0.5
and-car,13,16,29,0.5517241379310345
hair-it,3,1,4,0.25
but-why,3,5,8,0.625
all-map,2,2,4,0.5
jonathan-the,1,3,4,0.75
00:52:25-17:52:25,1,1,2,0.5
is-must,2,2,4,0.5
lightning-thunderstorm,1,2,3,0.6666666666666666
description-thinking,2,1,3,0.3333333333333333
nema-stealing,2,1,3,0.3333333333333333
bos-i,2,1,3,0.3333333333333333
i-wouldn't,5,1,6,0.16666666666666666
or-subreddits,15,2,17,0.11764705882352941
emergency-family,3,1,4,0.25
are-some,2,8,10,0.8
pay'-the,17,1,18,0.05555555555555555
community-to,6,2,8,0.25
get-is,23,9,32,0.28125
causing-to,5,1,6,0.16666666666666666
pregnant-wife,4,2,6,0.3333333333333333
drown-that,5,1,6,0.16666666666666666
necessary-to,1,1,2,0.5
&amp;-plan,1,2,3,0.6666666666666666
also-when,1,3,4,0.75
in-medium,3,5,8,0.625
&amp;-rescued,1,1,2,0.5
food-water,2,1,3,0.3333333333333333
all-with,16,2,18,0.1111111111111111
for-material,2,1,3,0.3333333333333333
'-you,2,1,3,0.3333333333333333
australiaûªs-bundled,1,1,2,0.5
blessing-gm!,5,1,6,0.16666666666666666
into-what,3,2,5,0.4
hot-on,1,2,3,0.6666666666666666
bomb-in,2,41,43,0.9534883720930233
holy-that,1,1,2,0.5
if-put,2,1,3,0.3333333333333333
it-whole,14,5,19,0.2631578947368421
and-falling,3,3,6,0.5
it-nuclear,1,3,4,0.75
it's-technology,1,1,2,0.5
@pattonoswalt-i,1,1,2,0.5
heard-this,1,1,2,0.5
mind-need,1,1,2,0.5
article-the,8,1,9,0.1111111111111111
destroy-they,5,1,6,0.16666666666666666
#genocide;-displaced,1,4,5,0.8
new-yorker,1,3,4,0.75
ii-joe,1,1,2,0.5
are-blood,2,2,4,0.5
--spot,9,2,11,0.18181818181818182
got-never,1,1,2,0.5
during-his,1,1,2,0.5
at-where,2,4,6,0.6666666666666666
anthrax-specimen,1,1,2,0.5
but-decision,1,1,2,0.5
on-while,12,8,20,0.4
self-the,7,2,9,0.2222222222222222
house-the,14,6,20,0.3
fennovoima-reactor,2,1,3,0.3333333333333333
an-ocean,1,1,2,0.5
for-secret,4,2,6,0.3333333333333333
on-where,2,6,8,0.75
9:-occurred,8,1,9,0.1111111111111111
of-someone,4,1,5,0.2
me-n,1,1,2,0.5
and-try,4,2,6,0.3333333333333333
devastation-shock,1,1,2,0.5
a-panic!,6,2,8,0.25
for-ppl,1,2,3,0.6666666666666666
loud-of,15,4,19,0.21052631578947367
summer-this,7,1,8,0.125
nearby.-neighbour's,13,3,16,0.1875
[black-wave,12,5,17,0.29411764705882354
officially-on,3,1,4,0.25
been-time,7,8,15,0.5333333333333333
crystal-reshapes,1,1,2,0.5
fire-most,1,2,3,0.6666666666666666
do-self-image?,5,1,6,0.16666666666666666
06-2015,1,1,2,0.5
out.-they,1,1,2,0.5
after-would,2,1,3,0.3333333333333333
many-subreddits,15,2,17,0.11764705882352941
are-plane,1,1,2,0.5
(twia)-hike:,1,1,2,0.5
gabon-seismic,1,1,2,0.5
in-setting,1,2,3,0.6666666666666666
going-u,5,3,8,0.375
call-from,4,1,5,0.2
is-wa,17,15,32,0.46875
ago-day,1,1,2,0.5
and-me,91,14,105,0.13333333333333333
6-car,1,2,3,0.6666666666666666
accident-nuclear,1,1,2,0.5
pet-the,4,1,5,0.2
high-me,2,1,3,0.3333333333333333
of-recover,1,1,2,0.5
latest-of,1,3,4,0.75
that-when,24,10,34,0.29411764705882354
--exit,1,4,5,0.8
kid-with,2,2,4,0.5
in-probe,1,2,3,0.6666666666666666
required-wa,1,1,2,0.5
only-we,3,1,4,0.25
of-there,22,11,33,0.3333333333333333
be-when,19,4,23,0.17391304347826086
demolished-up,1,1,2,0.5
some-their,1,2,3,0.6666666666666666
3-ha,5,3,8,0.375
rescued-the,4,1,5,0.2
a-explosion,5,11,16,0.6875
find-out,4,2,6,0.3333333333333333
??-when,11,1,12,0.08333333333333333
america'-shouting,1,1,2,0.5
16-would,1,1,2,0.5
be-went,1,1,2,0.5
cover-of,2,1,3,0.3333333333333333
&amp;-die!please,2,2,4,0.5
bad-when,3,1,4,0.25
grill-world,5,1,6,0.16666666666666666
but-day,4,1,5,0.2
i-sleep,1,1,2,0.5
flame-went,2,2,4,0.5
arrived-world,2,1,3,0.3333333333333333
p-to,2,1,3,0.3333333333333333
information-to,2,1,3,0.3333333333333333
building-high,2,1,3,0.3333333333333333
former-patience,2,2,4,0.5
do-me,16,2,18,0.1111111111111111
fire-torch,1,1,2,0.5
are-house,1,1,2,0.5
video-weak,1,1,2,0.5
business-it's,8,1,9,0.1111111111111111
life-more,1,2,3,0.6666666666666666
for-tonight,3,1,4,0.25
year-you,7,2,9,0.2222222222222222
that-they,14,9,23,0.391304347826087
voice-will,2,1,3,0.3333333333333333
multidimensi-recognize,1,1,2,0.5
not-woman,1,2,3,0.6666666666666666
i-screamed,32,3,35,0.08571428571428572
flood-now,1,1,2,0.5
down-fatality,1,1,2,0.5
escape-you,1,1,2,0.5
&amp;-??,7,1,8,0.125
an-j.,1,1,2,0.5
be-won't,7,1,8,0.125
crushed-the,3,2,5,0.4
i-thinking,5,3,8,0.375
full-move,1,1,2,0.5
daughter-if,1,1,2,0.5
lane-the,2,7,9,0.7777777777777778
i-than,13,6,19,0.3157894736842105
extreme-the,7,1,8,0.125
it-today.,3,1,4,0.25
basement-to,2,2,4,0.5
be-every,5,1,6,0.16666666666666666
mass-publicizing,1,1,2,0.5
ambulance-to,2,3,5,0.6
this-windstorm,1,1,2,0.5
i-much,29,2,31,0.06451612903225806
#world-fedex,1,1,2,0.5
even-put,3,1,4,0.25
before-soon,1,1,2,0.5
came-engulfed,4,2,6,0.3333333333333333
over-who,2,2,4,0.5
a-click,4,1,5,0.2
and-year,15,6,21,0.2857142857142857
murder.-sick,1,1,2,0.5
is-take,4,6,10,0.6
of-v...,1,1,2,0.5
not-why,8,3,11,0.2727272727272727
comparison-to,2,2,4,0.5
for-go,6,4,10,0.4
the-trauma.,3,2,5,0.4
or-people,3,2,5,0.4
be-star,1,1,2,0.5
out-u,4,4,8,0.5
like-some,9,5,14,0.35714285714285715
half-upon,4,2,6,0.3333333333333333
deal-iran,1,3,4,0.75
is-teaching,1,1,2,0.5
battle-full,2,1,3,0.3333333333333333
drowning-is,2,2,4,0.5
food-is,1,2,3,0.6666666666666666
he-i.e.,4,2,6,0.3333333333333333
out-shit,2,1,3,0.3333333333333333
a-site,1,1,2,0.5
in-many,6,11,17,0.6470588235294118
how-new,7,1,8,0.125
famine-like,1,1,2,0.5
and-collapse,4,3,7,0.42857142857142855
engineer-in,1,1,2,0.5
hazardous-this,2,1,3,0.3333333333333333
bomb-the,5,64,69,0.927536231884058
still-with,3,14,17,0.8235294117647058
at-slower,1,1,2,0.5
over-still,1,2,3,0.6666666666666666
of-whirlwind,5,5,10,0.5
collapse-me,1,1,2,0.5
plane-the,2,6,8,0.75
sign-truck,1,1,2,0.5
if-yeah,2,1,3,0.3333333333333333
in-very,1,7,8,0.875
no-there's,3,1,4,0.25
--due,1,2,3,0.6666666666666666
video-will,2,1,3,0.3333333333333333
burning-say,2,1,3,0.3333333333333333
both-for,4,1,5,0.2
likely-the,22,1,23,0.043478260869565216
cut-of,1,3,4,0.75
around-struck,1,1,2,0.5
die-in,5,6,11,0.5454545454545454
and-rare,2,2,4,0.5
it's-when,10,3,13,0.23076923076923078
much-not,6,1,7,0.14285714285714285
problem-your,4,1,5,0.2
it-know,13,2,15,0.13333333333333333
+-dies..is,1,1,2,0.5
anger-detained,1,1,2,0.5
financial-with,1,1,2,0.5
if-well,2,1,3,0.3333333333333333
--sport,2,1,3,0.3333333333333333
sister-the,2,5,7,0.7142857142857143
desolation-my,4,1,5,0.2
off-today,1,2,3,0.6666666666666666
anthrax-transport,5,12,17,0.7058823529411765
of-root,1,2,3,0.6666666666666666
no-than,2,1,3,0.3333333333333333
service-with,1,3,4,0.75
@originalfunko-@spencers,1,1,2,0.5
day-in,14,13,27,0.48148148148148145
shut-so,1,1,2,0.5
a-it!,2,1,3,0.3333333333333333
it-only,7,5,12,0.4166666666666667
accident-rt,1,2,3,0.6666666666666666
didnt-so,1,1,2,0.5
of-picked!,2,1,3,0.3333333333333333
by-word,1,1,2,0.5
a-hellfire,11,2,13,0.15384615384615385
http://t.co/pyehwodwun-human,1,1,2,0.5
is-people;,1,4,5,0.8
and-horrible,5,3,8,0.375
car-know,1,1,2,0.5
if-mean,2,1,3,0.3333333333333333
hazardous-is,3,1,4,0.25
horrible-new,15,2,17,0.11764705882352941
&amp;-her,9,2,11,0.18181818181818182
hated-the,3,2,5,0.4
for-gone,1,2,3,0.6666666666666666
just-set,3,3,6,0.5
him)-in,4,2,6,0.3333333333333333
#womens-purse,5,1,6,0.16666666666666666
may-you,7,1,8,0.125
instead-to,3,5,8,0.625
full-read,24,3,27,0.1111111111111111
it-oh,2,3,5,0.6
area-building,1,1,2,0.5
ur-we,1,1,2,0.5
been-not,8,2,10,0.2
front-look,1,1,2,0.5
--say,4,10,14,0.7142857142857143
now-wrecked,3,1,4,0.25
a-prompted,1,2,3,0.6666666666666666
faux-tote,12,1,13,0.07692307692307693
almost-the,6,7,13,0.5384615384615384
so-storm,2,1,3,0.3333333333333333
have-twister,2,1,3,0.3333333333333333
itûªs-the,3,5,8,0.625
many-murder.,1,1,2,0.5
anthrax-longer,5,11,16,0.6875
in-rt:,1,2,3,0.6666666666666666
appears-to,15,3,18,0.16666666666666666
for-used,4,1,5,0.2
done.-it's,1,2,3,0.6666666666666666
old-when,1,2,3,0.6666666666666666
for-support,2,6,8,0.75
a-burn,1,3,4,0.75
marine-to,1,2,3,0.6666666666666666
a-own,6,2,8,0.25
around-tornado,1,1,2,0.5
the-trump,2,2,4,0.5
body-that,6,1,7,0.14285714285714285
bomb-you,8,2,10,0.2
bought-of,1,1,2,0.5
have-they're,2,1,3,0.3333333333333333
wa-work,5,1,6,0.16666666666666666
5000-a,1,1,2,0.5
five-i,2,1,3,0.3333333333333333
like-man,7,1,8,0.125
are-pay',8,1,9,0.1111111111111111
british-off's,1,1,2,0.5
fan-http://t.co/q2eblokeve,5,1,6,0.16666666666666666
much-of,7,8,15,0.5333333333333333
move-say,1,1,2,0.5
#afterlife-and,4,1,5,0.2
catastrophe.-from,1,1,2,0.5
to-water,9,19,28,0.6785714285714286
loading-the,2,1,3,0.3333333333333333
lord-to,3,1,4,0.25
burning-see,1,1,2,0.5
n-s.,1,1,2,0.5
but-xd,3,1,4,0.25
his-man,8,3,11,0.2727272727272727
at-simulate,1,6,7,0.8571428571428571
came-to,9,9,18,0.5
our-see,3,1,4,0.25
before-just,2,2,4,0.5
coming-to,10,3,13,0.23076923076923078
new-tsunami,2,2,4,0.5
&amp;-your,17,2,19,0.10526315789473684
technology-the,3,2,5,0.4
a-drought.,2,2,4,0.5
big-this,1,1,2,0.5
is-out!,2,1,3,0.3333333333333333
--brown,8,3,11,0.2727272727272727
hasn't-in,7,6,13,0.46153846153846156
2-on,8,13,21,0.6190476190476191
week-will,1,1,2,0.5
police-want,2,1,3,0.3333333333333333
for-his,12,4,16,0.25
i-i'll,15,1,16,0.0625
#slanglucci-oppression,3,1,4,0.25
drunk-is,1,3,4,0.75
as-cause,1,1,2,0.5
and...-top,1,1,2,0.5
&amp;-another,3,2,5,0.4
i'm-life,2,2,4,0.5
can-whipped,2,1,3,0.3333333333333333
after-school,1,3,4,0.75
#news-of,5,16,21,0.7619047619047619
called-right,1,1,2,0.5
change-i,11,2,13,0.15384615384615385
only-week,1,1,2,0.5
4-those,1,1,2,0.5
at-isi,1,1,2,0.5
not-were,2,4,6,0.6666666666666666
against-no,2,1,3,0.3333333333333333
if-smell,1,1,2,0.5
disaster-so,1,1,2,0.5
exploded-one,1,1,2,0.5
beat-now,1,1,2,0.5
say-went,1,1,2,0.5
bad-will,4,2,6,0.3333333333333333
6-by,2,5,7,0.7142857142857143
to-treat,2,1,3,0.3333333333333333
not-this,15,14,29,0.4827586206896552
audio-i,2,1,3,0.3333333333333333
of-ur,16,2,18,0.1111111111111111
.potus-is,1,4,5,0.8
girl-my,5,2,7,0.2857142857142857
lose-to,3,5,8,0.625
series-the,9,2,11,0.18181818181818182
a-haven't,3,1,4,0.25
be-big,2,3,5,0.6
&amp;-they,10,5,15,0.3333333333333333
to-with,166,48,214,0.22429906542056074
can-wa,3,1,4,0.25
death-there,2,1,3,0.3333333333333333
do-think,7,3,10,0.3
called-is,2,3,5,0.6
@-violent,1,1,2,0.5
brown-by,3,1,4,0.25
be-give,2,1,3,0.3333333333333333
no-some,3,1,4,0.25
band-together,2,1,3,0.3333333333333333
fast-is,3,2,5,0.4
didnt-my,1,1,2,0.5
airplane-the,1,7,8,0.875
and-demolition,4,1,5,0.2
park-wild,5,3,8,0.375
beach-to,2,3,5,0.6
declined-year,1,1,2,0.5
all-flooding,4,1,5,0.2
get-me,13,2,15,0.13333333333333333
be-work,5,2,7,0.2857142857142857
bash-cruz,1,1,2,0.5
http://t.co/0wratka2jl-it,2,1,3,0.3333333333333333
--washington,1,6,7,0.8571428571428571
allegiance-burning,1,1,2,0.5
open-past,1,1,2,0.5
a-bleeding,9,2,11,0.18181818181818182
mission-this,1,1,2,0.5
#wealth-last,2,1,3,0.3333333333333333
family-toddler,3,1,4,0.25
from-go,2,1,3,0.3333333333333333
devastated-on,1,1,2,0.5
sparked-the,1,1,2,0.5
--survivor,2,4,6,0.6666666666666666
natural-your,1,2,3,0.6666666666666666
memorial-together,2,1,3,0.3333333333333333
child-on,1,3,4,0.75
accident?-an,1,1,2,0.5
a-accident.,5,1,6,0.16666666666666666
????-lava,1,1,2,0.5
murderer-on,1,3,4,0.75
chase-some,2,2,4,0.5
the-white,7,4,11,0.36363636363636365
#offers2go-for,1,2,3,0.6666666666666666
need-who,3,1,4,0.25
if-riot,1,1,2,0.5
disaster-it's,1,1,2,0.5
about-i'll,1,1,2,0.5
press-the,8,2,10,0.2
a-why,23,6,29,0.20689655172413793
cannot-the,3,2,5,0.4
animal!-he,2,1,3,0.3333333333333333
all-much,5,1,6,0.16666666666666666
be-terrorist,1,3,4,0.75
a-low,3,1,4,0.25
evacuated-of,1,3,4,0.75
1-the,12,9,21,0.42857142857142855
spider-with,1,1,2,0.5
--destroy,1,1,2,0.5
@potus-israel,1,1,2,0.5
angry-evacuated,1,4,5,0.8
and-crash,8,5,13,0.38461538461538464
new-no,1,1,2,0.5
2-pray,5,1,6,0.16666666666666666
...-memorial,2,1,3,0.3333333333333333
department-health,1,1,2,0.5
lol-the,28,5,33,0.15151515151515152
blight-on,5,2,7,0.2857142857142857
demolish-international,4,1,5,0.2
in-rt,7,22,29,0.7586206896551724
doe-my,4,1,5,0.2
http://t.co/cybksxhf7d-the,2,3,5,0.6
guy-me,4,3,7,0.42857142857142855
a-burning,19,17,36,0.4722222222222222
one-you'll,2,1,3,0.3333333333333333
first-story,1,5,6,0.8333333333333334
look-wound,1,1,2,0.5
cat-in,3,1,4,0.25
2-blocked,5,1,6,0.16666666666666666
market.-the,1,1,2,0.5
#photo-on,1,1,2,0.5
fire-republican,5,1,6,0.16666666666666666
@youtube-i,48,9,57,0.15789473684210525
a-smart,1,2,3,0.6666666666666666
burned-fire,2,6,8,0.75
that-word,10,3,13,0.23076923076923078
a-medium,2,1,3,0.3333333333333333
demon-how,1,1,2,0.5
&amp;-can,11,2,13,0.15384615384615385
and-socialism,2,1,3,0.3333333333333333
in-violence,2,1,3,0.3333333333333333
gotten-the,4,1,5,0.2
can-saw,1,1,2,0.5
extender-stretcher,1,1,2,0.5
is-year.,1,1,2,0.5
al-in,3,2,5,0.4
careful-you!,4,1,5,0.2
a-goal.,1,3,4,0.75
because-it's,2,3,5,0.6
been-victim,1,1,2,0.5
navy-sideline,4,4,8,0.5
he-with,15,2,17,0.11764705882352941
????-can,3,1,4,0.25
just-wa,18,8,26,0.3076923076923077
fire-little,1,3,4,0.75
lock-on,1,2,3,0.6666666666666666
able-i,2,2,4,0.5
down-you're,2,3,5,0.6
california-parole,3,6,9,0.6666666666666666
killed-of,4,16,20,0.8
#undergroundrailraod-cindy,1,1,2,0.5
many-the,16,14,30,0.4666666666666667
that-trouble,5,1,6,0.16666666666666666
rt-that,2,1,3,0.3333333333333333
car-going,2,1,3,0.3333333333333333
more-time,2,1,3,0.3333333333333333
4wd-full,5,1,6,0.16666666666666666
letûªs-think,3,1,4,0.25
casualties.-go,1,1,2,0.5
i-û_,1,1,2,0.5
get-trying,4,1,5,0.2
data-wave,12,5,17,0.29411764705882354
electrocuted-wa,7,7,14,0.5
tonto-wild,5,3,8,0.375
may-news,1,1,2,0.5
burning-few,1,1,2,0.5
charity.'-said,4,2,6,0.3333333333333333
cause-it,9,1,10,0.1
computer-data,12,5,17,0.29411764705882354
chevrolet-truck,1,1,2,0.5
family-have,3,6,9,0.6666666666666666
a-plan.,2,1,3,0.3333333333333333
done-what,3,2,5,0.4
after-the,43,95,138,0.6884057971014492
rioting-the,7,12,19,0.631578947368421
in-royal,1,1,2,0.5
him-you,5,1,6,0.16666666666666666
screaming-siren,1,1,2,0.5
an-is,26,15,41,0.36585365853658536
missing-search,1,6,7,0.8571428571428571
big-to,11,3,14,0.21428571428571427
exterminate-human,1,1,2,0.5
after-ha,2,7,9,0.7777777777777778
break-to,3,2,5,0.4
almost-with,1,1,2,0.5
else-their,1,1,2,0.5
in-lol,9,2,11,0.18181818181818182
for-government,1,1,2,0.5
here-more,4,1,5,0.2
#prophetmuhammad-peace,4,2,6,0.3333333333333333
sky's-the,2,1,3,0.3333333333333333
ten-the,1,6,7,0.8571428571428571
head-u,1,1,2,0.5
50-have,1,1,2,0.5
be-half,4,2,6,0.3333333333333333
colour-rise,7,1,8,0.125
far-too,2,5,7,0.7142857142857143
i'm-shot,2,2,4,0.5
hunter-phoenix,1,3,4,0.75
@www.cbplawyers-external,1,1,2,0.5
just-know,3,3,6,0.5
from-neighbour's,13,3,16,0.1875
by-dog,2,1,3,0.3333333333333333
game?-it,1,2,3,0.6666666666666666
agreed-which,1,1,2,0.5
i-wtf,3,2,5,0.4
in-student,4,8,12,0.6666666666666666
for-view,1,1,2,0.5
top-wa,2,1,3,0.3333333333333333
replacing-the,2,1,3,0.3333333333333333
about-mass,2,5,7,0.7142857142857143
http://t.co/afmkcfn1tl-in,1,1,2,0.5
by-flying,1,1,2,0.5
ever-feel,1,1,2,0.5
in-pdp,2,6,8,0.75
he-only,2,2,4,0.5
have-structural,1,5,6,0.8333333333333334
gold-people,1,2,3,0.6666666666666666
building-rally,1,2,3,0.6666666666666666
natural-through,2,1,3,0.3333333333333333
full-power,1,1,2,0.5
alien-attack,1,1,2,0.5
2-have,5,3,8,0.375
2015-the,5,3,8,0.375
according-sex,1,1,2,0.5
saw-torch,1,1,2,0.5
averted:-gunman,1,2,3,0.6666666666666666
be-panic,5,1,6,0.16666666666666666
first-military,1,2,3,0.6666666666666666
peace-the,1,8,9,0.8888888888888888
house-over,1,2,3,0.6666666666666666
life-thing,1,2,3,0.6666666666666666
iran-to,5,17,22,0.7727272727272727
panic-think,1,1,2,0.5
wit-you,2,1,3,0.3333333333333333
mass-murder.,1,3,4,0.75
he-you,11,2,13,0.15384615384615385
give-you,13,1,14,0.07142857142857142
but-whole,3,1,4,0.25
in-survivor,1,16,17,0.9411764705882353
then-were,1,2,3,0.6666666666666666
#rioting-in,1,1,2,0.5
i-your,57,6,63,0.09523809523809523
child-it,1,1,2,0.5
at-before,3,2,5,0.4
an-me,8,1,9,0.1111111111111111
cop-fire,1,2,3,0.6666666666666666
exit-injury:i-495,1,4,5,0.8
bar-owner,5,1,6,0.16666666666666666
british-gateau,1,1,2,0.5
people-we,2,4,6,0.6666666666666666
i'm-it's,15,3,18,0.16666666666666666
a-stopped,5,3,8,0.375
leaving-your,1,2,3,0.6666666666666666
loud-out,4,3,7,0.42857142857142855
camp-work,2,1,3,0.3333333333333333
a-out,49,17,66,0.25757575757575757
forest-no,3,3,6,0.5
#rioting-cindy,1,1,2,0.5
be-hot,3,2,5,0.4
part-thunder,1,1,2,0.5
a-now,21,29,50,0.58
in-red,3,6,9,0.6666666666666666
7-black,1,1,2,0.5
4-american,1,1,2,0.5
destroy-this,3,1,4,0.25
our-thanks,1,1,2,0.5
child-via,1,1,2,0.5
and-totally,5,4,9,0.4444444444444444
god-we,2,1,3,0.3333333333333333
#gilbert23-be,2,1,3,0.3333333333333333
at-put,1,1,2,0.5
an-attack.,2,1,3,0.3333333333333333
rate-to,1,2,3,0.6666666666666666
read-war,4,1,5,0.2
can-ppl,1,1,2,0.5
bought-to,3,1,4,0.25
gonna-in,5,3,8,0.375
move-their,1,2,3,0.6666666666666666
burning-should,2,1,3,0.3333333333333333
short-to,4,3,7,0.42857142857142855
favorite-my,5,3,8,0.375
because-emergency,1,1,2,0.5
be-glad,1,1,2,0.5
land-rescue,1,10,11,0.9090909090909091
hear-of,2,6,8,0.75
inundated-to,12,3,15,0.2
damn-you,1,2,3,0.6666666666666666
nuclear-site,1,1,2,0.5
@dailykos-police,1,1,2,0.5
enemy-he,5,1,6,0.16666666666666666
civil-verdict,1,1,2,0.5
crashed-that,1,2,3,0.6666666666666666
http://t.co/bbdpnj8xsx-the,2,1,3,0.3333333333333333
and-deluged,9,1,10,0.1
--u,3,2,5,0.4
is-usually,1,2,3,0.6666666666666666
get-will,15,3,18,0.16666666666666666
bargain-summer,2,1,3,0.3333333333333333
board-director,2,2,4,0.5
anyone-just,2,1,3,0.3333333333333333
#bookboost-smoky,1,2,3,0.6666666666666666
head-san,1,1,2,0.5
in-post:,1,2,3,0.6666666666666666
by-terrorist,1,4,5,0.8
at-bridge,3,6,9,0.6666666666666666
see-wanted,1,1,2,0.5
milk-the,1,2,3,0.6666666666666666
a-ground,4,4,8,0.5
a-full,13,2,15,0.13333333333333333
action-the,2,8,10,0.8
it-tribal,4,2,6,0.3333333333333333
home-with,2,2,4,0.5
bigamist-his,4,2,6,0.3333333333333333
make-top,9,1,10,0.1
lab-the,4,4,8,0.5
of-trauma,9,8,17,0.47058823529411764
like-track,1,1,2,0.5
no-those,1,5,6,0.8333333333333334
battle-see,2,1,3,0.3333333333333333
do-wa,1,1,2,0.5
a-happened,6,5,11,0.45454545454545453
u.-will,1,1,2,0.5
first-to,21,17,38,0.4473684210526316
park-stop,5,3,8,0.375
cry-it,1,1,2,0.5
--riot,3,2,5,0.4
#cnn-#islam,3,4,7,0.5714285714285714
catastrophe.-the,1,1,2,0.5
????-that,6,1,7,0.14285714285714285
a-snap,3,2,5,0.4
have-there,5,4,9,0.4444444444444444
her-youth,1,1,2,0.5
&amp;-pray,7,1,8,0.125
immediately-the,2,2,4,0.5
fatality-near,1,2,3,0.6666666666666666
service-this,1,1,2,0.5
a-palm,3,1,4,0.25
taken-what,1,1,2,0.5
demonstration-the,1,2,3,0.6666666666666666
an-it,17,3,20,0.15
are-reason,2,1,3,0.3333333333333333
--hurricane,5,4,9,0.4444444444444444
a-follows,1,3,4,0.75
:(-you,1,1,2,0.5
day)-psychiatric,1,1,2,0.5
house-to,9,4,13,0.3076923076923077
an-military,1,4,5,0.8
do-where,1,1,2,0.5
least-you,3,2,5,0.4
bad-that,6,3,9,0.3333333333333333
gun-it.,1,1,2,0.5
by-hot,2,1,3,0.3333333333333333
drill-to,1,1,2,0.5
really-work,2,2,4,0.5
cross-detained,2,1,3,0.3333333333333333
is-terrorism!,2,2,4,0.5
bag-on,1,1,2,0.5
hit-to,2,7,9,0.7777777777777778
i've-my,2,2,4,0.5
is-made,2,1,3,0.3333333333333333
and-dead,10,8,18,0.4444444444444444
australiaûªs-out,1,1,2,0.5
a-planned,4,4,8,0.5
??-then,3,1,4,0.25
damage-doe,1,2,3,0.6666666666666666
business-for,1,2,3,0.6666666666666666
much-the,18,7,25,0.28
(photos)-face,7,2,9,0.2222222222222222
fuck-me,7,3,10,0.3
#protectdenaliwolves-buffer,1,1,2,0.5
429cj-moulding,1,1,2,0.5
of-watched,2,1,3,0.3333333333333333
forest-take,1,1,2,0.5
a-tried,3,1,4,0.25
according-threw,1,1,2,0.5
appears-nearby.,13,3,16,0.1875
because-so,5,1,6,0.16666666666666666
set-wa,2,1,3,0.3333333333333333
forest-made,1,1,2,0.5
to-was.,1,1,2,0.5
@youngheroesid-lava,3,2,5,0.4
to-yesterday.,1,1,2,0.5
no-them,10,1,11,0.09090909090909091
survivor-will,2,1,3,0.3333333333333333
continue-off,1,1,2,0.5
by-hijack,2,2,4,0.5
accident-cause,2,1,3,0.3333333333333333
happen-that,1,1,2,0.5
from-mayhem!,1,1,2,0.5
hijack-in,7,12,19,0.631578947368421
so-sound,1,1,2,0.5
me-rainstorm,1,1,2,0.5
--on,35,39,74,0.527027027027027
for-have,38,12,50,0.24
--fear,4,3,7,0.42857142857142855
civil-roanoke,1,2,3,0.6666666666666666
in-see,27,13,40,0.325
cause-not,1,1,2,0.5
but-wall,1,2,3,0.6666666666666666
at-what,6,5,11,0.45454545454545453
all-due,1,1,2,0.5
thursday-train,1,1,2,0.5
my-tragedy,1,13,14,0.9285714285714286
mercy-on,1,1,2,0.5
this-work,4,3,7,0.42857142857142855
arson-stabbing,1,4,5,0.8
#kca-a,1,2,3,0.6666666666666666
#hampshire-on,1,1,2,0.5
brown-detonate,7,3,10,0.3
just-the,114,33,147,0.22448979591836735
remember-up,1,1,2,0.5
almost-he,2,1,3,0.3333333333333333
hit-me,3,1,4,0.25
general-j.,1,1,2,0.5
on-start,2,1,3,0.3333333333333333
illustration-the,1,1,2,0.5
find-in,8,3,11,0.2727272727272727
flag-in,1,3,4,0.75
in-or,30,11,41,0.2682926829268293
at-pm:,1,3,4,0.75
go-lovely,1,1,2,0.5
ass.-blast,13,3,16,0.1875
wa-when,14,18,32,0.5625
on-worry,1,1,2,0.5
are-the,143,112,255,0.4392156862745098
home-you,6,5,11,0.45454545454545453
5-texas,1,1,2,0.5
should-something,1,1,2,0.5
having-my,7,3,10,0.3
a-random,1,1,2,0.5
chinaûªs-sparked,3,1,4,0.25
don't-have,18,5,23,0.21739130434782608
everywhere-it,2,2,4,0.5
of-these,8,1,9,0.1111111111111111
across-fire,2,3,5,0.6
a-hot,8,2,10,0.2
could-your,3,2,5,0.4
brother-in,4,3,7,0.42857142857142855
are-believe,2,3,5,0.6
had-just,6,2,8,0.25
but-slightly,3,1,4,0.25
anyone-on,1,2,3,0.6666666666666666
business-by,1,1,2,0.5
about-can,4,1,5,0.2
master-the,1,1,2,0.5
annihilated-have,3,1,4,0.25
what-you,26,17,43,0.3953488372093023
do-tell,2,1,3,0.3333333333333333
storm-the,19,29,48,0.6041666666666666
5-is,4,3,7,0.42857142857142855
every-year,2,1,3,0.3333333333333333
a-honestly,5,2,7,0.2857142857142857
#best-[black,12,5,17,0.29411764705882354
#wealth-it,2,1,3,0.3333333333333333
acting-and,1,1,2,0.5
damage.-it,1,2,3,0.6666666666666666
left-up,2,1,3,0.3333333333333333
and-browser,5,2,7,0.2857142857142857
and-unsafe,1,2,3,0.6666666666666666
being-made,2,1,3,0.3333333333333333
anything-letûªs,3,1,4,0.25
like-self-image?,1,1,2,0.5
august-next,1,1,2,0.5
fuck-in,6,2,8,0.25
hijack-just,2,1,3,0.3333333333333333
--ambulance,1,3,4,0.75
right-to,14,6,20,0.3
first-our,2,2,4,0.5
knew-that,1,1,2,0.5
burning-cop,1,2,3,0.6666666666666666
@rightwaystan-http://t.co/vz1irh0nmm,1,1,2,0.5
from-to,64,43,107,0.40186915887850466
set-to,8,7,15,0.4666666666666667
are-have,26,6,32,0.1875
fuck-of,4,3,7,0.42857142857142855
i-second,2,3,5,0.6
hi-you,1,1,2,0.5
for-meant,3,1,4,0.25
a-chewing,1,2,3,0.6666666666666666
another-yet,1,2,3,0.6666666666666666
accident-have,4,3,7,0.42857142857142855
but-let,4,1,5,0.2
--sick,2,1,3,0.3333333333333333
from-hot,3,1,4,0.25
are-my,57,8,65,0.12307692307692308
/-s,2,5,7,0.7142857142857143
300w-curved,6,1,7,0.14285714285714285
did-with,7,5,12,0.4166666666666667
then-u,2,2,4,0.5
approves-texas,1,1,2,0.5
3-is,3,4,7,0.5714285714285714
big-for,3,1,4,0.25
fucking-of,7,1,8,0.125
=-suicide,1,2,3,0.6666666666666666
said-they,2,3,5,0.6
love-so,9,1,10,0.1
change.-floods.,2,1,3,0.3333333333333333
annihilated-i,6,1,7,0.14285714285714285
in-talking,1,1,2,0.5
inside-no,1,2,3,0.6666666666666666
after-back,2,1,3,0.3333333333333333
be-ever,5,1,6,0.16666666666666666
hail-on,1,1,2,0.5
first-giving,1,1,2,0.5
is-news:,2,1,3,0.3333333333333333
just-minute,3,1,4,0.25
are-turn,1,1,2,0.5
human-i,3,1,4,0.25
natural-the,7,7,14,0.5
collapse-on,2,7,9,0.7777777777777778
but-that,29,12,41,0.2926829268292683
city.-to,1,1,2,0.5
action-shit,2,2,4,0.5
4-this,2,2,4,0.5
may-that,3,5,8,0.625
if-problem,2,1,3,0.3333333333333333
this-want,9,7,16,0.4375
accuses-wom...,2,1,3,0.3333333333333333
verdict-with,1,1,2,0.5
new-out,4,1,5,0.2
down-so,2,2,4,0.5
burning-predict,1,1,2,0.5
or-you,39,5,44,0.11363636363636363
of-were,14,21,35,0.6
a-just,107,58,165,0.3515151515151515
out?-to,1,2,3,0.6666666666666666
it-moment,1,1,2,0.5
a-survival,3,1,4,0.25
been-while,9,8,17,0.47058823529411764
emergency.-to,1,2,3,0.6666666666666666
palm-to,1,1,2,0.5
'death-iranian,2,1,3,0.3333333333333333
need-thing,1,2,3,0.6666666666666666
nearly-today,1,1,2,0.5
feminist-to,7,1,8,0.125
any-news,1,2,3,0.6666666666666666
pretty-stream,1,1,2,0.5
#best-computer,12,5,17,0.29411764705882354
lead-want,3,1,4,0.25
the-threat,8,3,11,0.2727272727272727
&amp;-dust,4,2,6,0.3333333333333333
installation-on,2,1,3,0.3333333333333333
seeing-when,1,1,2,0.5
parenthood-targeting,2,1,3,0.3333333333333333
and...-former,2,1,3,0.3333333333333333
are-named,1,1,2,0.5
august-is,2,1,3,0.3333333333333333
casualty-don't,1,1,2,0.5
a-dare,2,1,3,0.3333333333333333
a-girl,15,8,23,0.34782608695652173
bro-i,1,1,2,0.5
nothing-you,8,1,9,0.1111111111111111
and-none.,1,1,2,0.5
body-in,25,18,43,0.4186046511627907
i-you,193,34,227,0.14977973568281938
going-is,20,10,30,0.3333333333333333
annihilation-http://t.co/pyehwodwun,1,1,2,0.5
disaster-who,1,2,3,0.6666666666666666
baby-where's,1,2,3,0.6666666666666666
every-he,3,1,4,0.25
and-mudslide,8,1,9,0.1111111111111111
getting-gonna,3,2,5,0.4
cooper.-hijacker,1,1,2,0.5
hear-siren,1,1,2,0.5
a-cyclone,3,4,7,0.5714285714285714
a-patient,1,2,3,0.6666666666666666
i.e.-tribal,4,2,6,0.3333333333333333
call-this,4,1,5,0.2
thought-when,2,1,3,0.3333333333333333
ahead-i,1,1,2,0.5
always-the,19,4,23,0.17391304347826086
center-is,3,3,6,0.5
exploded-meme,2,1,3,0.3333333333333333
ha-lost,1,1,2,0.5
my-people,14,2,16,0.125
philippine-the,3,1,4,0.25
for-inundated,4,1,5,0.2
faster-wa,1,2,3,0.6666666666666666
highest-of,1,2,3,0.6666666666666666
apocalypse-at,2,1,3,0.3333333333333333
the-usually,5,3,8,0.375
go-murder?,1,1,2,0.5
will-û_,2,1,3,0.3333333333333333
it-still,8,4,12,0.3333333333333333
kit-reû_,1,1,2,0.5
inspection-repair,1,1,2,0.5
evil-this,3,1,4,0.25
how-would,6,1,7,0.14285714285714285
take-terrorist,1,1,2,0.5
53inch-bar,6,1,7,0.14285714285714285
in-modified,3,30,33,0.9090909090909091
if-might,2,1,3,0.3333333333333333
car-lamp,3,1,4,0.25
few-of,5,6,11,0.5454545454545454
download-of,3,2,5,0.4
at-east,1,2,3,0.6666666666666666
another-that,2,1,3,0.3333333333333333
set-taken,1,1,2,0.5
me-terrorist,1,1,2,0.5
accept-inferno,1,1,2,0.5
deluged-it's,8,1,9,0.1111111111111111
hosting-refugee,1,1,2,0.5
...-be,4,1,5,0.2
buy-is,2,1,3,0.3333333333333333
picking-you,1,1,2,0.5
articles:-over,2,1,3,0.3333333333333333
ass.-wind,13,3,16,0.1875
i-predict,1,1,2,0.5
least-they,3,1,4,0.25
after-day,2,3,5,0.6
sir.-to,2,2,4,0.5
18w-offroad,3,1,4,0.25
department-fte,1,1,2,0.5
act-told,2,1,3,0.3333333333333333
:-truck,1,2,3,0.6666666666666666
a-cuz,3,1,4,0.25
ppl-to,2,4,6,0.6666666666666666
fast-only,3,1,4,0.25
by-police,3,7,10,0.7
than-year,2,4,6,0.6666666666666666
collision-no-st,1,1,2,0.5
fleet-ship,8,1,9,0.1111111111111111
#bioterror-lab,1,2,3,0.6666666666666666
one-trauma,1,1,2,0.5
came-today,1,1,2,0.5
have-will,24,3,27,0.1111111111111111
we-would,8,3,11,0.2727272727272727
in-shit,8,3,11,0.2727272727272727
on-your,36,18,54,0.3333333333333333
sinking-time,4,3,7,0.42857142857142855
is-war,7,3,10,0.3
and-big,8,3,11,0.2727272727272727
it!-the,2,1,3,0.3333333333333333
'i-to,9,1,10,0.1
and-enjoying,1,2,3,0.6666666666666666
championship-will,1,1,2,0.5
people-the,45,59,104,0.5673076923076923
i-panic,15,2,17,0.11764705882352941
autobiography-lightning,1,1,2,0.5
derail-w/heavenly,5,1,6,0.16666666666666666
at-guy,3,1,4,0.25
(giant-new,1,1,2,0.5
airplane-of,4,11,15,0.7333333333333333
decide-for,1,1,2,0.5
emergency-radiation,3,4,7,0.5714285714285714
found-to,5,4,9,0.4444444444444444
29-in,1,2,3,0.6666666666666666
by-read,18,2,20,0.1
burning-on,4,5,9,0.5555555555555556
if-start,1,1,2,0.5
for-ok,2,2,4,0.5
on-three,1,1,2,0.5
had-only,5,2,7,0.2857142857142857
so-surrounded,4,1,5,0.2
called-over,1,1,2,0.5
daily-over,1,2,3,0.6666666666666666
a-not,83,44,127,0.3464566929133858
my-we,10,2,12,0.16666666666666666
me-work,1,1,2,0.5
when-you're,13,1,14,0.07142857142857142
not?-or,1,1,2,0.5
back-we,5,2,7,0.2857142857142857
light-with,2,1,3,0.3333333333333333
be-reunion,1,1,2,0.5
rescued-to,5,2,7,0.2857142857142857
for-yay,2,1,3,0.3333333333333333
saving-terrorism!,2,2,4,0.5
right-there,3,3,6,0.5
death-your,3,4,7,0.5714285714285714
--jedi,1,1,2,0.5
like-sometimes,1,1,2,0.5
morning-this,3,3,6,0.5
officer-on,2,3,5,0.6
--langley,1,1,2,0.5
or-place,2,1,3,0.3333333333333333
invoices.-it's,7,1,8,0.125
done-say,1,1,2,0.5
in-stranded,1,2,3,0.6666666666666666
one-you,14,2,16,0.125
about-they,4,2,6,0.3333333333333333
another-will,10,1,11,0.09090909090909091
governor-hijacker,3,9,12,0.75
2-or,2,6,8,0.75
hijacker-school,4,11,15,0.7333333333333333
chart-in,1,1,2,0.5
are-happening,1,1,2,0.5
river-tonto,5,3,8,0.375
plaguing-who,4,2,6,0.3333333333333333
on-we're,1,3,4,0.75
a-cliff.,5,1,6,0.16666666666666666
cold-for,3,1,4,0.25
30-the,2,4,6,0.6666666666666666
charity.'-even,4,2,6,0.3333333333333333
faux-lady,11,1,12,0.08333333333333333
better-much,1,1,2,0.5
issue-no,1,1,2,0.5
insurance-twia,1,1,2,0.5
fine-i,1,2,3,0.6666666666666666
#votejkt48id-a,1,2,3,0.6666666666666666
up-world,3,1,4,0.25
eye-many,1,1,2,0.5
invoices.-with,14,2,16,0.125
--radio:,1,1,2,0.5
loss-to,2,3,5,0.6
#worstsummerjob-worked,2,1,3,0.3333333333333333
eye-their,1,1,2,0.5
bioterror-mishap,5,12,17,0.7058823529411765
u-what,8,2,10,0.2
http://t.co/0wratka2jl-you,2,1,3,0.3333333333333333
their-think,1,1,2,0.5
care-i,5,1,6,0.16666666666666666
hate-people,3,1,4,0.25
are-being,5,3,8,0.375
of-panel,1,2,3,0.6666666666666666
minute-to,1,2,3,0.6666666666666666
after-peace,1,1,2,0.5
care-people,1,1,2,0.5
general-in,2,1,3,0.3333333333333333
being-from,4,2,6,0.3333333333333333
by-firey,1,1,2,0.5
eyewitness-in,1,3,4,0.75
of-rate,1,4,5,0.8
and-city.,1,1,2,0.5
a-outside,6,4,10,0.4
#love-the,1,1,2,0.5
managed-of,1,1,2,0.5
5-hike:,1,1,2,0.5
drown-her,3,1,4,0.25
be-better,2,1,3,0.3333333333333333
believe-that,4,2,6,0.3333333333333333
&amp;-caught,1,1,2,0.5
burning-mmmmmm,1,1,2,0.5
the-under,8,13,21,0.6190476190476191
a-total,3,3,6,0.5
have-issue,1,5,6,0.8333333333333334
it's-right,1,1,2,0.5
fat-the,3,2,5,0.4
4-is,4,2,6,0.3333333333333333
baby-i,6,2,8,0.25
building-your,2,4,6,0.6666666666666666
in-panic,7,2,9,0.2222222222222222
he-lord,5,1,6,0.16666666666666666
1-full,2,1,3,0.3333333333333333
class-have,1,2,3,0.6666666666666666
is-order,2,1,3,0.3333333333333333
and-pray,1,2,3,0.6666666666666666
after-right,2,1,3,0.3333333333333333
this-train,1,8,9,0.8888888888888888
derail-flood,5,7,12,0.5833333333333334
a-toddler,3,2,5,0.4
had-like,5,4,9,0.4444444444444444
when-ya,1,1,2,0.5
dont-get,2,1,3,0.3333333333333333
#islam!-want,1,1,2,0.5
city-with,2,1,3,0.3333333333333333
failure-in,1,5,6,0.8333333333333334
feeling-whole,4,3,7,0.42857142857142855
palin-sarah,2,1,3,0.3333333333333333
his-second,1,3,4,0.75
a-thinking,11,1,12,0.08333333333333333
emergency-now!,3,1,4,0.25
bioterror-will,6,2,8,0.25
at-via,8,23,31,0.7419354838709677
guess-in,4,2,6,0.3333333333333333
bed-to,6,1,7,0.14285714285714285
is-they,23,7,30,0.23333333333333334
info/order-sms:087809233445,1,1,2,0.5
fire-out,4,17,21,0.8095238095238095
change-in,8,2,10,0.2
now!-this,1,1,2,0.5
on-result,1,1,2,0.5
ethiopian-when,1,1,2,0.5
doing-nuclear,1,1,2,0.5
gm!-the,10,2,12,0.16666666666666666
now!-told,2,1,3,0.3333333333333333
and-causing,2,2,4,0.5
ally-cause,1,1,2,0.5
people-you,13,4,17,0.23529411764705882
a-link,1,1,2,0.5
kept-the,3,1,4,0.25
#southdowns-a,1,1,2,0.5
can't-tell,2,1,3,0.3333333333333333
@corleonedaboss-do,1,1,2,0.5
evacuate-house,1,1,2,0.5
&amp;-burning,3,3,6,0.5
a-wednesday,1,3,4,0.75
blew-up.,2,1,3,0.3333333333333333
little-to,6,5,11,0.45454545454545453
the-very,4,13,17,0.7647058823529411
can-life,4,3,7,0.42857142857142855
band-planned,2,1,3,0.3333333333333333
body-up,6,19,25,0.76
orange-the,1,1,2,0.5
around-you,8,1,9,0.1111111111111111
not-nothing,1,2,3,0.6666666666666666
[black-hat,12,5,17,0.29411764705882354
in-probably,5,1,6,0.16666666666666666
a-b4,2,2,4,0.5
don't-life,2,3,5,0.6
derail-of,12,1,13,0.07692307692307693
a-eye,14,3,17,0.17647058823529413
fire-you,10,9,19,0.47368421052631576
help-would,2,2,4,0.5
from-girl,1,1,2,0.5
by-listen,3,1,4,0.25
how-like,9,2,11,0.18181818181818182
new-policy,17,2,19,0.10526315789473684
allows-hijacker,3,8,11,0.7272727272727273
of-racist,1,1,2,0.5
death-u,1,1,2,0.5
help-responder,1,1,2,0.5
and-care,7,5,12,0.4166666666666667
bioterrorism-the,3,1,4,0.25
9:-black,8,1,9,0.1111111111111111
&amp;-like,27,1,28,0.03571428571428571
even-for,5,3,8,0.375
kill-with,2,2,4,0.5
detonate-for,1,3,4,0.75
be-london,1,1,2,0.5
can't-you,20,3,23,0.13043478260869565
flood-offroad,11,2,13,0.15384615384615385
tide-you,2,1,3,0.3333333333333333
seismic-take,1,4,5,0.8
one-their,3,2,5,0.4
couple-how,1,1,2,0.5
military-use,2,3,5,0.6
like-live,1,1,2,0.5
at-more,3,4,7,0.5714285714285714
are-want,2,1,3,0.3333333333333333
china's-gem,9,6,15,0.4
and...-high,1,1,2,0.5
be-stand,4,1,5,0.2
know-them,2,1,3,0.3333333333333333
#islam-of,5,3,8,0.375
short-you,1,1,2,0.5
fire-me,2,4,6,0.6666666666666666
deluged-or,9,1,10,0.1
death-the,18,26,44,0.5909090909090909
annihilated-ok,1,1,2,0.5
hereûªs-in,1,3,4,0.75
capture-video,1,4,5,0.8
bicep.-gunshot,1,1,2,0.5
a-reactor,6,5,11,0.45454545454545453
so-your,22,3,25,0.12
sinking-this,8,4,12,0.3333333333333333
disaster-or,3,1,4,0.25
promise-quarantine,4,1,5,0.2
for-should,6,3,9,0.3333333333333333
get-soon,1,1,2,0.5
external-hazard,2,1,3,0.3333333333333333
(peace-the,4,2,6,0.3333333333333333
2015:-england,1,1,2,0.5
bus-school,4,22,26,0.8461538461538461
a-black,14,7,21,0.3333333333333333
to-win,6,4,10,0.4
leading-the,2,2,4,0.5
since-think,1,2,3,0.6666666666666666
a-scout,2,1,3,0.3333333333333333
feeling-on,9,6,15,0.4
lol-trouble,1,1,2,0.5
don't-him,1,1,2,0.5
flames.-the,1,1,2,0.5
blight-the,22,1,23,0.043478260869565216
am-like,2,1,3,0.3333333333333333
area-tomorrow,2,1,3,0.3333333333333333
of-truck,3,9,12,0.75
life-today.,1,1,2,0.5
happened-in,4,2,6,0.3333333333333333
school-student,2,1,3,0.3333333333333333
should-there,3,1,4,0.25
#lies-#terrorism,3,4,7,0.5714285714285714
building-one,3,2,5,0.4
is-now.,3,1,4,0.25
responder-this,1,1,2,0.5
liked-the,4,1,5,0.2
city-for,4,7,11,0.6363636363636364
on-tomorrow,1,2,3,0.6666666666666666
--about,11,4,15,0.26666666666666666
fergusonûªs-state,1,1,2,0.5
bomb-when,1,1,2,0.5
planned-sarah,2,1,3,0.3333333333333333
i-shot,3,4,7,0.5714285714285714
battle-totaling,8,1,9,0.1111111111111111
????-out,4,1,5,0.2
on-road,4,7,11,0.6363636363636364
ha-hunt...,1,1,2,0.5
reû_-saw,1,1,2,0.5
just-shooting,1,1,2,0.5
o...-on,1,2,3,0.6666666666666666
blaze-in,4,1,5,0.2
help-you,9,2,11,0.18181818181818182
collapsed.-the,8,1,9,0.1111111111111111
little-on,1,2,3,0.6666666666666666
were-who,1,6,7,0.8571428571428571
out-running,2,1,3,0.3333333333333333
so-want,10,2,12,0.16666666666666666
--sideline,1,2,3,0.6666666666666666
#reflect-of,4,2,6,0.3333333333333333
film-fire,1,4,5,0.8
can-destroy,6,2,8,0.25
let's-the,16,3,19,0.15789473684210525
too-u,3,1,4,0.25
can't-that,15,2,17,0.11764705882352941
brisk-of,1,1,2,0.5
road-with,3,1,4,0.25
nc-the,1,3,4,0.75
idea-out,1,2,3,0.6666666666666666
all-the,105,42,147,0.2857142857142857
emergency-it,5,3,8,0.375
meal-to,3,1,4,0.25
c-130-to,1,10,11,0.9090909090909091
1-by,2,1,3,0.3333333333333333
@usatoday-of,1,3,4,0.75
is-land,1,2,3,0.6666666666666666
climate-floods.,2,1,3,0.3333333333333333
but-okay,4,1,5,0.2
thinking-time,2,1,3,0.3333333333333333
a-summer.,1,2,3,0.6666666666666666
if-that,27,8,35,0.22857142857142856
few-wa,1,1,2,0.5
getting-them,2,1,3,0.3333333333333333
it's-may,1,1,2,0.5
have-work,4,4,8,0.5
few-had,1,3,4,0.75
burst-out,1,1,2,0.5
he-so,11,2,13,0.15384615384615385
get-year,2,1,3,0.3333333333333333
--national,1,3,4,0.75
seismic-shift,2,4,6,0.6666666666666666
but-every,3,1,4,0.25
any-û_,1,1,2,0.5
2013-of,3,7,10,0.7
6-august,1,2,3,0.6666666666666666
bag-you,5,1,6,0.16666666666666666
at-service,5,5,10,0.5
this-weapon,3,3,6,0.5
along-like,1,1,2,0.5
another-derailed,1,1,2,0.5
destiny-gm!,5,1,6,0.16666666666666666
life-took,1,2,3,0.6666666666666666
blessing-destiny,5,1,6,0.16666666666666666
his-said,2,1,3,0.3333333333333333
madinah.-tribal,4,2,6,0.3333333333333333
my-ûó,3,1,4,0.25
over-worry,1,1,2,0.5
help!-sign,1,1,2,0.5
'save-hellfire,4,2,6,0.3333333333333333
fear-we,2,1,3,0.3333333333333333
end-or,1,1,2,0.5
collapse-the,9,20,29,0.6896551724137931
are-ground,1,1,2,0.5
derailed-don't,1,2,3,0.6666666666666666
realise-that,3,3,6,0.5
army-watch,4,1,5,0.2
football-in,1,2,3,0.6666666666666666
lightning-world,1,1,2,0.5
cooper.-rt,1,1,2,0.5
enough-i,6,2,8,0.25
??-left,3,1,4,0.25
supposed-wa,1,3,4,0.75
and-started,4,1,5,0.2
101:-meal,3,1,4,0.25
daily-on,1,1,2,0.5
even-got,2,1,3,0.3333333333333333
after-visit,1,1,2,0.5
emergency-knife,1,1,2,0.5
are-casualty,1,3,4,0.75
miner-released,15,6,21,0.2857142857142857
alarm-to,3,3,6,0.5
are-tip,1,1,2,0.5
feeling-i,5,1,6,0.16666666666666666
blown-wa,1,2,3,0.6666666666666666
brought-to,5,1,6,0.16666666666666666
approves-windstorm,1,1,2,0.5
bath-for,1,1,2,0.5
drowning-people,1,1,2,0.5
out-too,1,2,3,0.6666666666666666
mad-of,1,3,4,0.75
cree-starter,1,1,2,0.5
by-there's,1,1,2,0.5
much-to,19,6,25,0.24
and-exploded,5,3,8,0.375
18w-truck,3,1,4,0.25
up-wake,4,2,6,0.3333333333333333
and-baby,7,3,10,0.3
hell-so,1,1,2,0.5
keep-owner,2,1,3,0.3333333333333333
fatalities.-for,2,1,3,0.3333333333333333
about-it,27,6,33,0.18181818181818182
at-past,2,1,3,0.3333333333333333
bomb-year,2,16,18,0.8888888888888888
from-holland,1,1,2,0.5
horse-is,2,1,3,0.3333333333333333
out!-via,2,1,3,0.3333333333333333
being-hope,1,1,2,0.5
around-causing,1,1,2,0.5
an-office,2,2,4,0.5
a-patience,8,7,15,0.4666666666666667
get-source,1,1,2,0.5
fire-join,1,1,2,0.5
@usatoday-germ,3,3,6,0.5
for-straight,1,1,2,0.5
he's-with,6,2,8,0.25
--wa,3,6,9,0.6666666666666666
die!please-stand,1,1,2,0.5
attack-world,1,2,3,0.6666666666666666
about-medium,1,2,3,0.6666666666666666
gun-range,1,1,2,0.5
this-weather,4,2,6,0.3333333333333333
biggest-to,1,1,2,0.5
melt-structural,1,1,2,0.5
be-put,3,2,5,0.4
have-no,14,6,20,0.3
business-pay',8,1,9,0.1111111111111111
fucking-i,16,1,17,0.058823529411764705
jon-stewart,1,1,2,0.5
of-traditional,1,3,4,0.75
perhaps-to,3,1,4,0.25
????-just,9,1,10,0.1
predict-the,1,1,2,0.5
am-this,2,3,5,0.6
doesn't-so,2,1,3,0.3333333333333333
la-top,1,1,2,0.5
are-not,21,8,29,0.27586206896551724
evidence-share,1,1,2,0.5
...-by,2,24,26,0.9230769230769231
and-house,3,10,13,0.7692307692307693
had-heart,2,1,3,0.3333333333333333
in-latest,4,10,14,0.7142857142857143
@www.cbplawyers-on,1,1,2,0.5
much-no,5,1,6,0.16666666666666666
flood-reaû_,3,1,4,0.25
#news-is,3,3,6,0.5
a-doing,10,2,12,0.16666666666666666
had-start,1,1,2,0.5
hour-up,1,1,2,0.5
in-period,1,1,2,0.5
purse-shoulder,10,1,11,0.09090909090909091
--steve,1,1,2,0.5
bigamist-her,4,2,6,0.3333333333333333
--ship,2,3,5,0.6
by-rescued,3,3,6,0.5
is-man,15,4,19,0.21052631578947367
full-kit,2,1,3,0.3333333333333333
fatal-man,2,2,4,0.5
low-of,4,1,5,0.2
it-right,6,1,7,0.14285714285714285
internally-meant,2,1,3,0.3333333333333333
disaster-human,1,2,3,0.6666666666666666
health-in,4,1,5,0.2
of-risk,7,3,10,0.3
can't-life,1,1,2,0.5
that-two,1,4,5,0.8
his-petition,2,1,3,0.3333333333333333
demolish-some,2,1,3,0.3333333333333333
or-would,7,2,9,0.2222222222222222
shit-the,16,7,23,0.30434782608695654
and-murder,4,10,14,0.7142857142857143
gotten-my,3,2,5,0.4
murder-save,2,1,3,0.3333333333333333
coming-you,6,1,7,0.14285714285714285
buried-find,1,1,2,0.5
--1.4,1,1,2,0.5
admits-owner,5,1,6,0.16666666666666666
guess-just,1,1,2,0.5
patience-the,1,2,3,0.6666666666666666
a-seen,7,5,12,0.4166666666666667
do-parent,1,1,2,0.5
how-my,17,2,19,0.10526315789473684
lone-the,2,2,4,0.5
on-season,1,1,2,0.5
full-survival,2,1,3,0.3333333333333333
admits-to,7,1,8,0.125
hotel-people,1,1,2,0.5
to-way,34,13,47,0.2765957446808511
god-the,31,3,34,0.08823529411764706
#photo-#treeporn,1,1,2,0.5
burning-shit,5,2,7,0.2857142857142857
of-too.,2,1,3,0.3333333333333333
like-quiz:,4,1,5,0.2
her-must,2,3,5,0.6
in-water,7,16,23,0.6956521739130435
first-way,1,1,2,0.5
--running,1,1,2,0.5
i-tried,8,1,9,0.1111111111111111
more-then,2,1,3,0.3333333333333333
be-let,10,2,12,0.16666666666666666
for-look,6,2,8,0.25
content-in,1,1,2,0.5
anthrax-pathogen,2,1,3,0.3333333333333333
of-release,4,1,5,0.2
#islam!-even,1,1,2,0.5
--across,2,1,3,0.3333333333333333
more-they,2,3,5,0.6
--gabon,1,1,2,0.5
mass-murderer's,1,1,2,0.5
...-two,1,5,6,0.8333333333333334
equipment-truck,1,1,2,0.5
a-nuclear,13,25,38,0.6578947368421053
on-rock,1,2,3,0.6666666666666666
#slanglucci-soon,3,1,4,0.25
#sm-of,1,2,3,0.6666666666666666
in-take,12,16,28,0.5714285714285714
back-take,4,1,5,0.2
to-toddler,2,1,3,0.3333333333333333
in-worst,2,5,7,0.7142857142857143
box-is,1,1,2,0.5
came-i.e.,4,2,6,0.3333333333333333
had-rain,1,2,3,0.6666666666666666
and-blazing,5,1,6,0.16666666666666666
high-in,4,9,13,0.6923076923076923
any-u,3,1,4,0.25
collapsed-u,1,2,3,0.6666666666666666
do-mass,2,6,8,0.75
animal!-it,2,1,3,0.3333333333333333
and-realise,4,3,7,0.42857142857142855
every-most,2,1,3,0.3333333333333333
it-wa,77,41,118,0.3474576271186441
action-and,2,3,5,0.6
somalia-to,1,1,2,0.5
had-some,1,2,3,0.6666666666666666
food-some,1,1,2,0.5
hit-man,2,1,3,0.3333333333333333
a-people.,2,4,6,0.6666666666666666
ablaze-my,3,1,4,0.25
forest-her,1,2,3,0.6666666666666666
#magginoodle-loss,1,2,3,0.6666666666666666
about-the,73,62,135,0.45925925925925926
he's-now,3,1,4,0.25
did-is,8,2,10,0.2
bb4sp-watch,2,1,3,0.3333333333333333
understand-wa,1,1,2,0.5
marine-of,1,2,3,0.6666666666666666
fire-ross,1,1,2,0.5
class.-i,1,1,2,0.5
get-yeah,1,1,2,0.5
be-something,1,1,2,0.5
quarantine-û÷extremely,3,1,4,0.25
emergency-saw,1,1,2,0.5
#nursing-service,2,1,3,0.3333333333333333
and-coming,6,1,7,0.14285714285714285
&amp;-eye,1,1,2,0.5
these-they,4,1,5,0.2
do-his,7,2,9,0.2222222222222222
degree-the,2,4,6,0.6666666666666666
#royals-the,3,1,4,0.25
wa-you're,1,1,2,0.5
me-watch,4,2,6,0.3333333333333333
glad-more,1,2,3,0.6666666666666666
chance-to,5,6,11,0.5454545454545454
noise-of,1,2,3,0.6666666666666666
school-would,2,1,3,0.3333333333333333
last-piling,2,1,3,0.3333333333333333
8-charged,2,1,3,0.3333333333333333
careless-fire,1,1,2,0.5
drowned-the,9,3,12,0.25
force-storm,1,2,3,0.6666666666666666
it-read,4,1,5,0.2
how-multidimensi,1,1,2,0.5
avoid-on,1,1,2,0.5
pay'-with,18,2,20,0.1
being-my,5,2,7,0.2857142857142857
guess-to,6,1,7,0.14285714285714285
&amp;-blessing,5,1,6,0.16666666666666666
landslide-out,1,1,2,0.5
team-this,1,1,2,0.5
show-this,1,4,5,0.8
a-will,57,29,86,0.3372093023255814
lamp-work,10,2,12,0.16666666666666666
fatal-in,3,12,15,0.8
be-eye,2,1,3,0.3333333333333333
a-care,4,4,8,0.5
a-former,2,2,4,0.5
at-totaling,8,1,9,0.1111111111111111
degree-it,1,3,4,0.75
big-up,4,1,5,0.2
??????-city.,1,1,2,0.5
ben-weak,1,1,2,0.5
hole-the,4,4,8,0.5
bc-do,1,1,2,0.5
but-damage,3,2,5,0.4
area.-bicep.,1,1,2,0.5
but-service,1,1,2,0.5
god-pray,4,1,5,0.2
hope-we,2,1,3,0.3333333333333333
hostage-my,1,3,4,0.75
crashed-my,7,2,9,0.2222222222222222
christian-over,2,1,3,0.3333333333333333
not-reason,5,1,6,0.16666666666666666
light-truck,5,1,6,0.16666666666666666
from-room,1,1,2,0.5
shit-video,3,2,5,0.4
force-player,1,1,2,0.5
http://t.co/bbdpnj8xsx-socialism,2,1,3,0.3333333333333333
#tbt-the,1,1,2,0.5
help!-will,1,1,2,0.5
cool-wave,1,1,2,0.5
burning-home,2,1,3,0.3333333333333333
but-hijack,1,1,2,0.5
christian-widespread,1,1,2,0.5
alarm-all,1,1,2,0.5
must-survive,1,1,2,0.5
this-way,6,2,8,0.25
offensive-quarantine,18,2,20,0.1
money-still,2,2,4,0.5
cooper.-only,1,1,2,0.5
blog-on,2,2,4,0.5
child-war,1,1,2,0.5
hellfire!-it,7,3,10,0.3
hope-with,1,1,2,0.5
but-want,10,1,11,0.09090909090909091
free-in,5,3,8,0.375
in-though.,1,1,2,0.5
sometimes-you,4,1,5,0.2
have-injury,6,1,7,0.14285714285714285
at-while,9,4,13,0.3076923076923077
bicep.-not,1,1,2,0.5
have-so,18,2,20,0.1
appears-what,13,3,16,0.1875
to-wind,13,12,25,0.48
for-racist,1,3,4,0.75
a-drop,2,1,3,0.3333333333333333
country-it,3,3,6,0.5
china's-rubble?,5,6,11,0.5454545454545454
in-year,16,22,38,0.5789473684210527
front-with,1,2,3,0.6666666666666666
been-deluge,2,1,3,0.3333333333333333
harm-it.,1,2,3,0.6666666666666666
last-me,7,1,8,0.125
an-high,2,1,3,0.3333333333333333
be-help!,1,1,2,0.5
go-ty,1,1,2,0.5
drake-it,2,1,3,0.3333333333333333
mo-the,2,1,3,0.3333333333333333
a-ship,16,4,20,0.2
in-india,1,6,7,0.8571428571428571
inside-of,2,1,3,0.3333333333333333
tell-that,4,1,5,0.2
much-one,3,1,4,0.25
mountain-took,1,1,2,0.5
#360wisenews-are,2,2,4,0.5
accidentally-cliff,1,2,3,0.6666666666666666
did-that,12,2,14,0.14285714285714285
failure-rule,1,3,4,0.75
bc-but,5,2,7,0.2857142857142857
hunt...-market,1,1,2,0.5
dad-is,2,1,3,0.3333333333333333
four-in,1,9,10,0.9
yeah-you,1,1,2,0.5
spent-the,1,2,3,0.6666666666666666
70-my,1,2,3,0.6666666666666666
the-ûïyou,2,1,3,0.3333333333333333
but-panic,4,2,6,0.3333333333333333
another-by,2,3,5,0.6
cleared:incident-exit,1,2,3,0.6666666666666666
:-or,1,1,2,0.5
ha-just,15,2,17,0.11764705882352941
in-san,2,3,5,0.6
in-over,14,29,43,0.6744186046511628
have-lost,3,1,4,0.25
md-with,1,4,5,0.8
internally-wom...,2,1,3,0.3333333333333333
a-bathroom,3,2,5,0.4
full-spot,8,1,9,0.1111111111111111
any-flood,5,1,6,0.16666666666666666
fire-wire,1,1,2,0.5
it-number,1,1,2,0.5
be-played,1,1,2,0.5
insurance-windstorm,2,2,4,0.5
fire-them,2,2,4,0.5
at-space,8,1,9,0.1111111111111111
&amp;-many,1,1,2,0.5
am-of,12,4,16,0.25
more-want,1,1,2,0.5
bicep.-that,1,1,2,0.5
at-portland,1,2,3,0.6666666666666666
#hot-policy,4,1,5,0.2
all-where,2,2,4,0.5
outlook-weather,3,7,10,0.7
demolition-home,1,2,3,0.6666666666666666
people-that,14,9,23,0.391304347826087
all-why,2,2,4,0.5
and-remain,2,1,3,0.3333333333333333
6+-phone,1,1,2,0.5
--lamp,9,2,11,0.18181818181818182
another-god,1,2,3,0.6666666666666666
ever-first,1,1,2,0.5
destroyed-have,1,3,4,0.75
feeling-horrible,4,3,7,0.42857142857142855
an-white,1,2,3,0.6666666666666666
a-held,2,1,3,0.3333333333333333
before-with,3,1,4,0.25
cameroon-from,1,9,10,0.9
dreaming-to,1,1,2,0.5
medical-of,1,1,2,0.5
in.-they,1,1,2,0.5
protect-the,3,3,6,0.5
bomb-my,1,1,2,0.5
2-home,1,2,3,0.6666666666666666
and-rt,2,7,9,0.7777777777777778
have-road,1,1,2,0.5
class-is,2,7,9,0.7777777777777778
6-the,3,8,11,0.7272727272727273
a-the...,1,6,7,0.8571428571428571
for-magic,1,1,2,0.5
head-with,3,1,4,0.25
i-room,4,4,8,0.5
by-fat,1,2,3,0.6666666666666666
dust-with,1,3,4,0.75
forest:-river,5,3,8,0.375
fire.-is,2,6,8,0.75
crystal-lightning,2,2,4,0.5
giving-is,10,3,13,0.23076923076923078
started-the,6,2,8,0.25
cold.-the,2,1,3,0.3333333333333333
stop-thing,1,2,3,0.6666666666666666
be-message,2,1,3,0.3333333333333333
rejected-the,1,2,3,0.6666666666666666
during-i,5,1,6,0.16666666666666666
30-up,1,3,4,0.75
drowning-save,1,2,3,0.6666666666666666
fatality-the,8,8,16,0.5
had-that.,1,1,2,0.5
do-when,7,4,11,0.36363636363636365
hughes-on,2,1,3,0.3333333333333333
are-when,12,8,20,0.4
for-tornado,1,1,2,0.5
3-and,9,3,12,0.25
after-via,2,20,22,0.9090909090909091
co-so,1,1,2,0.5
for-pretty,3,1,4,0.25
lol-most,1,2,3,0.6666666666666666
siren-with,7,1,8,0.125
in-rainstorm,2,16,18,0.8888888888888888
whole-youûªve,4,3,7,0.42857142857142855
destroyed-food,1,1,2,0.5
time-tv,2,1,3,0.3333333333333333
a-report,2,10,12,0.8333333333333334
listen-worth,2,1,3,0.3333333333333333
apocalyptic-godslove,2,1,3,0.3333333333333333
more-wounded,1,1,2,0.5
lizard-morning,1,1,2,0.5
my-tank,1,1,2,0.5
few-is,3,1,4,0.25
horse...-the,10,6,16,0.375
be-predict,1,1,2,0.5
sparked-this,3,1,4,0.25
powerful-the,3,1,4,0.25
than-that,11,5,16,0.3125
in-rescued,4,8,12,0.6666666666666666
car-lightning,1,1,2,0.5
pakistan.-the,1,2,3,0.6666666666666666
siren-this,3,1,4,0.25
and-sister,5,2,7,0.2857142857142857
everything-the,9,2,11,0.18181818181818182
brother-tsunami,1,1,2,0.5
great-right,1,1,2,0.5
govt-in,1,2,3,0.6666666666666666
a-omg,3,1,4,0.25
go-to,54,16,70,0.22857142857142856
ground-of,1,2,3,0.6666666666666666
and-he's,8,1,9,0.1111111111111111
i-possible,3,2,5,0.4
can't-drown,2,1,3,0.3333333333333333
someone-your,2,2,4,0.5
and-colour,7,1,8,0.125
a-threw,2,1,3,0.3333333333333333
a-syrian,3,1,4,0.25
/-what,1,2,3,0.6666666666666666
--his,4,2,6,0.3333333333333333
got-people,2,1,3,0.3333333333333333
big-just,1,1,2,0.5
this!-to,1,1,2,0.5
a-youûªve,4,3,7,0.42857142857142855
not-year,6,1,7,0.14285714285714285
for-parenthood,2,1,3,0.3333333333333333
light-spot,8,2,10,0.2
anything-hellfire!,3,1,4,0.25
for-which,1,2,3,0.6666666666666666
--forest,1,3,4,0.75
more-now,10,1,11,0.09090909090909091
in-sixth,2,1,3,0.3333333333333333
/-rd,2,5,7,0.7142857142857143
he-madinah.,4,2,6,0.3333333333333333
an-good,1,2,3,0.6666666666666666
look-up,5,2,7,0.2857142857142857
began-that,1,1,2,0.5
like-only,5,2,7,0.2857142857142857
finally-get,3,1,4,0.25
any-ultimate,2,2,4,0.5
have-we,30,20,50,0.4
a-emergency,13,23,36,0.6388888888888888
capture-mohammed,1,1,2,0.5
been-look,3,1,4,0.25
allows-parole,3,9,12,0.75
lot.-my,2,1,3,0.3333333333333333
hosting-instead,1,1,2,0.5
fine-just,2,1,3,0.3333333333333333
#ban-for,1,2,3,0.6666666666666666
4x4-combo,6,1,7,0.14285714285714285
side-your,1,2,3,0.6666666666666666
a-sandstorm,3,50,53,0.9433962264150944
first-people,1,1,2,0.5
2-time,2,2,4,0.5
every-one,1,2,3,0.6666666666666666
baby-just,3,1,4,0.25
annihilation-national,10,6,16,0.375
ha-of,47,49,96,0.5104166666666666
burning....-oooooohhhh,1,1,2,0.5
because-this,1,1,2,0.5
my-or,21,2,23,0.08695652173913043
me.-not,1,1,2,0.5
stock-this,10,1,11,0.09090909090909091
#aoms-city,1,2,3,0.6666666666666666
by-lightning,2,2,4,0.5
epic-p.o.p.e.,1,1,2,0.5
bullet-of,1,1,2,0.5
any-other,1,1,2,0.5
desolation.-just,1,1,2,0.5
destiny-the,10,2,12,0.16666666666666666
at-become,1,2,3,0.6666666666666666
an-car,1,5,6,0.8333333333333334
bargain-from,2,1,3,0.3333333333333333
15-year,4,2,6,0.3333333333333333
d-if,3,1,4,0.25
all-arrived,2,1,3,0.3333333333333333
coming-said,1,1,2,0.5
board-windstorm,3,2,5,0.4
california:-time2015-08-06,1,3,4,0.75
we're-you!,2,1,3,0.3333333333333333
fast-on,1,1,2,0.5
people-so,5,2,7,0.2857142857142857
hey-now,1,1,2,0.5
refugee-turkish,2,2,4,0.5
isn't-with,1,1,2,0.5
damage.-wa,1,1,2,0.5
on-toronto,1,1,2,0.5
feel-so,7,1,8,0.125
i-times.,1,1,2,0.5
collapse-england,1,1,2,0.5
5c-apple,1,1,2,0.5
much-think,2,1,3,0.3333333333333333
reddit-will,27,4,31,0.12903225806451613
and-different,1,1,2,0.5
and-here,4,4,8,0.5
member-this,2,1,3,0.3333333333333333
check-lava,3,1,4,0.25
a-atomic,2,10,12,0.8333333333333334
i-mean,12,4,16,0.25
can-take,3,2,5,0.4
mass-people,1,6,7,0.8571428571428571
need-with,5,1,6,0.16666666666666666
bringing-her,4,2,6,0.3333333333333333
among-australiaûªs,1,1,2,0.5
back-war,1,1,2,0.5
need-wa,2,1,3,0.3333333333333333
hobo-purse,7,1,8,0.125
else-see,1,1,2,0.5
but-knew,1,1,2,0.5
with-world,7,2,9,0.2222222222222222
at-hour,2,2,4,0.5
helping-out,1,1,2,0.5
all-building,2,5,7,0.7142857142857143
evacuated-odeon,1,4,5,0.8
no-we,10,4,14,0.2857142857142857
bro-you,4,1,5,0.2
death-fatality,1,3,4,0.75
last-people,5,3,8,0.375
all-from,4,9,13,0.6923076923076923
#amageddon-#onlinecommunities,1,1,2,0.5
lion-the,3,3,6,0.5
and-how,38,12,50,0.24
hour-on,2,1,3,0.3333333333333333
among-on,1,1,2,0.5
mass-me.,1,1,2,0.5
with-yours,19,2,21,0.09523809523809523
loud-my,18,5,23,0.21739130434782608
first-jonathan,2,3,5,0.6
flame-new,2,1,3,0.3333333333333333
getting-most,1,1,2,0.5
anniversary-of,1,39,40,0.975
4-police,1,3,4,0.75
be-going,14,5,19,0.2631578947368421
a-stand,4,3,7,0.42857142857142855
in-t...,1,5,6,0.8333333333333334
collapse-crisis,1,3,4,0.75
spoke-to,1,2,3,0.6666666666666666
@noah_anyname-the,1,1,2,0.5
been-week,1,1,2,0.5
3-5,1,1,2,0.5
by-mass,2,3,5,0.6
hurricane-with,2,1,3,0.3333333333333333
airplane-killed,2,1,3,0.3333333333333333
i-those,8,4,12,0.3333333333333333
an-based,1,1,2,0.5
to-wake,7,14,21,0.6666666666666666
me-wake,1,1,2,0.5
being-of,10,21,31,0.6774193548387096
survivor-to,1,2,3,0.6666666666666666
big-of,5,5,10,0.5
caribbean-the,1,3,4,0.75
ha-nothing,1,1,2,0.5
done.-like,1,1,2,0.5
leave-who,2,1,3,0.3333333333333333
obliterate-ûò,2,1,3,0.3333333333333333
bus-for,4,10,14,0.7142857142857143
a-hear,6,2,8,0.25
#news-truth...,3,4,7,0.5714285714285714
kid-the,14,1,15,0.06666666666666667
injury:i-495-silver,1,4,5,0.8
a-action,8,9,17,0.5294117647058824
keep-seems,1,1,2,0.5
emergency-if,1,1,2,0.5
news!-wind,13,3,16,0.1875
ambulance-service,1,1,2,0.5
car-like,6,2,8,0.25
cruz-shouting,1,1,2,0.5
banned-content,15,2,17,0.11764705882352941
but-could,5,6,11,0.5454545454545454
about-whirlwind,1,1,2,0.5
by-desire,8,2,10,0.2
russia-to,1,1,2,0.5
his-just,10,2,12,0.16666666666666666
spirit-to,4,1,5,0.2
get-money,1,2,3,0.6666666666666666
exploded-in,4,2,6,0.3333333333333333
because-harm/kid,2,1,3,0.3333333333333333
blocking-injury,1,1,2,0.5
day-the,41,28,69,0.4057971014492754
bottom-to,1,1,2,0.5
asap-you,1,1,2,0.5
2-but,4,2,6,0.3333333333333333
#foodscare-#magginoodle,1,2,3,0.6666666666666666
#womens-leather,5,1,6,0.16666666666666666
blood-out,2,2,4,0.5
smoke-this,2,1,3,0.3333333333333333
would-you,21,12,33,0.36363636363636365
after-thought,1,1,2,0.5
do-he,8,3,11,0.2727272727272727
about-then,3,2,5,0.4
remember-to,9,4,13,0.3076923076923077
escape-on,1,1,2,0.5
enormous-reading,1,1,2,0.5
my-room,9,3,12,0.25
17-in,1,7,8,0.875
bomb-i,1,5,6,0.8333333333333334
destroy-no,3,2,5,0.4
away-time,4,2,6,0.3333333333333333
--spring,1,4,5,0.8
5-pm,1,5,6,0.8333333333333334
computer-sound,12,5,17,0.29411764705882354
ability-to,3,2,5,0.4
of-where's,1,1,2,0.5
/-and,2,1,3,0.3333333333333333
agree-but,2,1,3,0.3333333333333333
child-for,3,4,7,0.5714285714285714
@stretcher-a,1,1,2,0.5
like-would,16,4,20,0.2
getting-went,1,1,2,0.5
apocalypse-my,3,2,5,0.4
damn-in,4,1,5,0.2
can-down,2,1,3,0.3333333333333333
good-putin,1,1,2,0.5
--battle,3,1,4,0.25
friend-give,1,1,2,0.5
i-lord,7,1,8,0.125
#allah-#reflect,2,1,3,0.3333333333333333
about-letûªs,4,1,5,0.2
image-infamous,1,1,2,0.5
mean-they,1,1,2,0.5
tonight-week,1,1,2,0.5
among-bundled,1,1,2,0.5
out.-way,1,1,2,0.5
died-in,6,19,25,0.76
mass-movie,1,1,2,0.5
m-of,2,12,14,0.8571428571428571
of-take,16,4,20,0.2
and-devastation:,1,1,2,0.5
of-online,4,1,5,0.2
and-too,15,10,25,0.4
government-set,1,1,2,0.5
1-on,1,1,2,0.5
shit-that,10,4,14,0.2857142857142857
a-legit,2,1,3,0.3333333333333333
chemical-unit,1,4,5,0.8
#prophetmuhammad-he,4,2,6,0.3333333333333333
cat-this,1,1,2,0.5
??????-kid,2,1,3,0.3333333333333333
of-true.,1,1,2,0.5
bush-one,1,1,2,0.5
#news-8,1,1,2,0.5
gold-on,1,2,3,0.6666666666666666
and-tear,1,2,3,0.6666666666666666
is-val,1,1,2,0.5
from-life,1,3,4,0.75
ever-of,11,6,17,0.35294117647058826
soudelor-space,1,1,2,0.5
eye-medium,1,2,3,0.6666666666666666
fortunately-the,2,1,3,0.3333333333333333
lot-the,17,9,26,0.34615384615384615
#bookboost-girl,1,2,3,0.6666666666666666
and-second,4,2,6,0.3333333333333333
--reshapes,1,1,2,0.5
take-your,10,4,14,0.2857142857142857
and-saw,11,3,14,0.21428571428571427
fatality-u,1,2,3,0.6666666666666666
they're-what,1,2,3,0.6666666666666666
absolutely-man,1,1,2,0.5
flooding-the,5,8,13,0.6153846153846154
a-fatal,2,6,8,0.75
--failure,1,2,3,0.6666666666666666
evacuated-they,1,1,2,0.5
ink-of,2,1,3,0.3333333333333333
pick-up,2,2,4,0.5
it-place,3,3,6,0.5
blood-you,2,2,4,0.5
collision-head,2,1,3,0.3333333333333333
did-tell,1,1,2,0.5
fear-to,10,1,11,0.09090909090909091
far-that,3,1,4,0.25
on-stop,2,1,3,0.3333333333333333
ball-your,3,1,4,0.25
equal-in,3,2,5,0.4
to-we,52,37,89,0.4157303370786517
fifth-playing,2,1,3,0.3333333333333333
/r/worldnews-via,1,2,3,0.6666666666666666
#frontpage:-sanctions.,1,2,3,0.6666666666666666
but-than,4,3,7,0.42857142857142855
of-pretty,3,1,4,0.25
no.-the,1,4,5,0.8
for-iran,2,1,3,0.3333333333333333
life-shit,2,1,3,0.3333333333333333
6+-car,1,1,2,0.5
her-leg,2,1,3,0.3333333333333333
in-seismic,2,5,7,0.7142857142857143
disease-in,2,7,9,0.7777777777777778
fall-watch,2,2,4,0.5
have-his,3,1,4,0.25
bad-i'd,1,1,2,0.5
way-were,1,1,2,0.5
natural-to,6,11,17,0.6470588235294118
test-via,2,1,3,0.3333333333333333
home-wa,1,3,4,0.75
after-wa,12,15,27,0.5555555555555556
knew-they,2,2,4,0.5
not-too,7,1,8,0.125
their-why,1,2,3,0.6666666666666666
be-nuclear,1,8,9,0.8888888888888888
city-high,1,1,2,0.5
say-there,2,1,3,0.3333333333333333
'the-hollywood,6,5,11,0.45454545454545453
in-promise,1,1,2,0.5
blow-i,1,5,6,0.8333333333333334
#photo-the,2,1,3,0.3333333333333333
a-hate,12,1,13,0.07692307692307693
is-rescued,1,1,2,0.5
for-strategy,1,4,5,0.8
and-rainier,1,1,2,0.5
??-an,4,1,5,0.2
for-planned,4,2,6,0.3333333333333333
car-the,25,11,36,0.3055555555555556
child-i,4,1,5,0.2
flame-i,4,3,7,0.42857142857142855
change.-who,4,2,6,0.3333333333333333
charity.'-date,4,2,6,0.3333333333333333
are-dog,1,1,2,0.5
in-via,14,32,46,0.6956521739130435
hand-with,3,1,4,0.25
a-collapsed,8,5,13,0.38461538461538464
natural-u,1,1,2,0.5
of-player,3,2,5,0.4
fr-to,4,1,5,0.2
have-where,1,5,6,0.8333333333333334
niggas.-u,1,1,2,0.5
good-way,2,1,3,0.3333333333333333
me-morning,2,1,3,0.3333333333333333
fashionable-leisure,2,1,3,0.3333333333333333
(feat.-brown,3,1,4,0.25
play-to,12,1,13,0.07692307692307693
a-bicycle,1,2,3,0.6666666666666666
all-no,7,3,10,0.3
and-fear,19,1,20,0.05
--first,3,3,6,0.5
one-reason,2,1,3,0.3333333333333333
+-of,7,6,13,0.46153846153846156
it's-rain.,1,1,2,0.5
#forever-#hellfire,2,1,3,0.3333333333333333
6-lightning,1,1,2,0.5
18-the,2,1,3,0.3333333333333333
ambulance-the,3,4,7,0.5714285714285714
bomb-wa,1,4,5,0.8
fire-thing,1,4,5,0.8
it-mum,1,1,2,0.5
on-sunday,2,1,3,0.3333333333333333
a-acting,1,1,2,0.5
clash-to,1,1,2,0.5
#quran-#truth,3,4,7,0.5714285714285714
have-two,5,10,15,0.6666666666666666
just-near,1,1,2,0.5
anyone-their,1,1,2,0.5
had-other,1,1,2,0.5
:)-it,3,1,4,0.25
burning-what,2,3,5,0.6
he-sir,1,1,2,0.5
my-time,15,3,18,0.16666666666666666
starter-survival,1,1,2,0.5
knew-the,1,2,3,0.6666666666666666
call-little,1,1,2,0.5
since-wa,3,2,5,0.4
building-site,1,2,3,0.6666666666666666
hysteria-of,2,1,3,0.3333333333333333
burned-doing,1,1,2,0.5
1970-cyclone,1,1,2,0.5
at-happening,1,1,2,0.5
a-find,11,1,12,0.08333333333333333
bay.-the,1,1,2,0.5
hike:-percent,1,1,2,0.5
an-and...,1,1,2,0.5
said-wound,1,1,2,0.5
guy-no,2,1,3,0.3333333333333333
miss-this,1,1,2,0.5
bill-the,3,1,4,0.25
could-new,1,3,4,0.75
officer-va.,1,3,4,0.75
sinkhole-to,1,4,5,0.8
#islam!-it,3,3,6,0.5
of-ok.,1,2,3,0.6666666666666666
a-men,4,4,8,0.5
brisk-calorie,1,1,2,0.5
of-when,25,12,37,0.32432432432432434
curfew-news,1,1,2,0.5
and-pregnant,3,1,4,0.25
a-water,9,9,18,0.5
being-but,6,3,9,0.3333333333333333
bombed-u,3,2,5,0.4
show-where,2,1,3,0.3333333333333333
for-û÷politics,2,4,6,0.6666666666666666
is-make,7,5,12,0.4166666666666667
can't-even,8,1,9,0.1111111111111111
episode-video,1,1,2,0.5
at-zombie,2,1,3,0.3333333333333333
bang-to,20,4,24,0.16666666666666666
#nestleindia-slip,1,2,3,0.6666666666666666
idp-internally,1,4,5,0.8
building-down,1,8,9,0.8888888888888888
could-fact,1,1,2,0.5
community-for,1,2,3,0.6666666666666666
i-weak,1,1,2,0.5
apocalypse-that,1,1,2,0.5
is-report,1,2,3,0.6666666666666666
some-weak,2,2,4,0.5
know-like,6,3,9,0.3333333333333333
a-i'm,83,33,116,0.28448275862068967
after-change.,2,1,3,0.3333333333333333
so-wanted,6,1,7,0.14285714285714285
drunk-totally,3,1,4,0.25
is-refugees;,1,4,5,0.8
dan-you,1,1,2,0.5
please-someone,1,1,2,0.5
likely-rise,7,1,8,0.125
the-uk,1,2,3,0.6666666666666666
drown-how,1,1,2,0.5
so-while,2,2,4,0.5
explosion-in,3,12,15,0.8
doesn't-will,3,1,4,0.25
i-smoke,17,1,18,0.05555555555555555
trauma-when,1,1,2,0.5
and-film,1,1,2,0.5
new-were,2,1,3,0.3333333333333333
rain-to,4,5,9,0.5555555555555556
for-little,3,2,5,0.4
always-for,5,2,7,0.2857142857142857
sometimes-the,3,1,4,0.25
of-pain,18,1,19,0.05263157894736842
4-sex,1,1,2,0.5
so-watch,2,2,4,0.5
i-murderer,2,2,4,0.5
each-in,1,2,3,0.6666666666666666
stand-voice,2,1,3,0.3333333333333333
their-will,2,3,5,0.6
gay-to,8,1,9,0.1111111111111111
and-mf,1,1,2,0.5
expect-to,2,3,5,0.6
at-young,1,1,2,0.5
gm!-i,5,1,6,0.16666666666666666
take-weapon,1,1,2,0.5
germ-in,3,11,14,0.7857142857142857
on-tv,1,3,4,0.75
big-is,1,3,4,0.75
by-volcano,1,1,2,0.5
driver-on,1,1,2,0.5
2pm-at,2,1,3,0.3333333333333333
bundled-trent,1,1,2,0.5
be-remember,2,1,3,0.3333333333333333
after-death,1,3,4,0.75
are-support,2,1,3,0.3333333333333333
beautiful-just,1,1,2,0.5
and-bad,13,5,18,0.2777777777777778
in-trapped,23,10,33,0.30303030303030304
realize-when,1,1,2,0.5
a-context,1,1,2,0.5
flood-when,3,1,4,0.25
emergency-evacuation,4,1,5,0.2
donûªt-want,3,1,4,0.25
gave-the,7,3,10,0.3
it-screamed,2,2,4,0.5
--level,5,2,7,0.2857142857142857
before-into,2,1,3,0.3333333333333333
near-while,1,2,3,0.6666666666666666
or-so,8,4,12,0.3333333333333333
it-madinah.,4,2,6,0.3333333333333333
an-last,3,1,4,0.25
till-will,1,1,2,0.5
black-on,3,3,6,0.5
covered-the,1,1,2,0.5
my-unconfirmed!,13,3,16,0.1875
drop-in,2,1,3,0.3333333333333333
but-gonna,4,1,5,0.2
--township,1,2,3,0.6666666666666666
soon-world,1,1,2,0.5
and-collide,13,1,14,0.07142857142857142
in-person,7,8,15,0.5333333333333333
on-step,1,1,2,0.5
desire-let,8,2,10,0.2
this-year.,1,2,3,0.6666666666666666
and-thursday,3,1,4,0.25
is-island,1,12,13,0.9230769230769231
brutally-mum,1,1,2,0.5
no-wa,4,12,16,0.75
exploded-with,1,2,3,0.6666666666666666
after-against,1,1,2,0.5
in-waiting,1,2,3,0.6666666666666666
@bradleybrad47-is,1,1,2,0.5
21:1023-apocalypse,1,1,2,0.5
bet-of,1,1,2,0.5
#prebreak-land,1,7,8,0.875
in-lock,1,2,3,0.6666666666666666
line-with,1,2,3,0.6666666666666666
no-west,1,1,2,0.5
2pcs-offroad,3,1,4,0.25
into-land,8,4,12,0.3333333333333333
flood-it,2,2,4,0.5
some-there,2,5,7,0.7142857142857143
back-had,2,1,3,0.3333333333333333
accident.-in,2,1,3,0.3333333333333333
this-whirlwind,3,2,5,0.4
just-out!,1,1,2,0.5
department-service,1,1,2,0.5
me.-you,9,3,12,0.25
collided-have,2,4,6,0.6666666666666666
cop-of,3,1,4,0.25
after-me,6,2,8,0.25
by-hellfire,8,3,11,0.2727272727272727
no-return,1,5,6,0.8333333333333334
cooper.-image,1,1,2,0.5
say-that,12,14,26,0.5384615384615384
a-keep,11,5,16,0.3125
i-little,19,4,23,0.17391304347826086
for-loss,1,2,3,0.6666666666666666
&amp;-woman,2,2,4,0.5
are-hot,1,1,2,0.5
over-washington,1,2,3,0.6666666666666666
#9-bicep.,1,1,2,0.5
a-enough,4,2,6,0.3333333333333333
by-insurance,1,2,3,0.6666666666666666
car-in,17,39,56,0.6964285714285714
another-have,6,1,7,0.14285714285714285
is-isn't,1,2,3,0.6666666666666666
being-or,6,1,7,0.14285714285714285
i-pay,1,1,2,0.5
are-told,1,1,2,0.5
--player,1,1,2,0.5
animal!-horse,2,1,3,0.3333333333333333
country-mountain,1,2,3,0.6666666666666666
are-look,1,2,3,0.6666666666666666
about-have,11,4,15,0.26666666666666666
by-life,7,3,10,0.3
horrible-while,4,3,7,0.42857142857142855
and-army,4,6,10,0.6
collapse-world,1,1,2,0.5
they-tornado,2,1,3,0.3333333333333333
cyclist-roanoke,1,4,5,0.8
me.-the,9,1,10,0.1
cyclist-win,1,2,3,0.6666666666666666
a-there,48,26,74,0.35135135135135137
from-govt,1,2,3,0.6666666666666666
philippine-truck,1,1,2,0.5
on-read,1,2,3,0.6666666666666666
during-this,3,3,6,0.5
bush-you,1,5,6,0.8333333333333334
a-exploded,5,5,10,0.5
#gbbo-rubber,1,1,2,0.5
content-to,4,2,6,0.3333333333333333
into-subreddits,15,2,17,0.11764705882352941
dont-the,8,1,9,0.1111111111111111
all-well,3,1,4,0.25
dinner-wedding,1,1,2,0.5
don't-is,23,14,37,0.3783783783783784
over-via,2,3,5,0.6
always-it,7,3,10,0.3
pray-w/heavenly,5,1,6,0.16666666666666666
cry-the,4,1,5,0.2
dead-to,6,5,11,0.45454545454545453
a-save,8,8,16,0.5
down-like,5,3,8,0.375
i'm-need,6,1,7,0.14285714285714285
catastrophe-the,10,4,14,0.2857142857142857
my-plan,2,2,4,0.5
7-battle,1,1,2,0.5
did-done,1,2,3,0.6666666666666666
from-wa,6,9,15,0.6
guy-you,14,1,15,0.06666666666666667
hazard-or,1,1,2,0.5
from-sparked,2,1,3,0.3333333333333333
@-tunein,1,1,2,0.5
to-trauma,12,6,18,0.3333333333333333
but-save,3,1,4,0.25
http://t.co/jlzk2hdetg-the,1,1,2,0.5
--17:52:25,1,1,2,0.5
from-this,19,20,39,0.5128205128205128
enough-so,1,1,2,0.5
ruin-that,9,1,10,0.1
and-peaceful,1,1,2,0.5
seek-windstorm,6,2,8,0.25
across-via,1,1,2,0.5
the-why,36,14,50,0.28
by-ever,1,1,2,0.5
heat-in,7,12,19,0.631578947368421
by-them,2,2,4,0.5
set-some,3,1,4,0.25
????-a,20,6,26,0.23076923076923078
crushed-you,1,1,2,0.5
hard-i,2,3,5,0.6
last-two,2,1,3,0.3333333333333333
fan-i,3,2,5,0.4
new-wa,5,1,6,0.16666666666666666
nation-on,1,1,2,0.5
my-olive,2,1,3,0.3333333333333333
that-walk,1,1,2,0.5
an-official,1,2,3,0.6666666666666666
get-they,8,1,9,0.1111111111111111
damn-so,4,2,6,0.3333333333333333
pain-there,3,1,4,0.25
bad-debate,1,1,2,0.5
spill-than,1,26,27,0.9629629629629629
lunch-to,2,1,3,0.3333333333333333
like-these,4,1,5,0.2
recommend-we,2,1,3,0.3333333333333333
any-can,1,1,2,0.5
aircraft-evacuation,1,5,6,0.8333333333333334
death-in,9,30,39,0.7692307692307693
a-he's,15,2,17,0.11764705882352941
sunk-the,15,3,18,0.16666666666666666
for-screaming,1,1,2,0.5
led-spot,8,1,9,0.1111111111111111
and-dangerous,3,2,5,0.4
hope-your,5,2,7,0.2857142857142857
ha-they,5,4,9,0.4444444444444444
arsonist-girl,1,1,2,0.5
are-chance,2,2,4,0.5
just-there,6,3,9,0.3333333333333333
say-you,17,5,22,0.22727272727272727
demolition-over,1,1,2,0.5
called-some,1,10,11,0.9090909090909091
#slanglucci-coming,3,1,4,0.25
month-on,1,1,2,0.5
c-130-hostage,1,10,11,0.9090909090909091
my-week,2,1,3,0.3333333333333333
did-mass,1,1,2,0.5
a-bee,1,1,2,0.5
hunger-to,1,1,2,0.5
the...-to,2,3,5,0.6
in-o,4,1,5,0.2
the-wind,7,7,14,0.5
calorie-walking,2,1,3,0.3333333333333333
are-over,5,4,9,0.4444444444444444
i-what,48,20,68,0.29411764705882354
#undergroundrailraod-in,1,1,2,0.5
getting-of,14,4,18,0.2222222222222222
'a-of,1,1,2,0.5
all-to,55,27,82,0.32926829268292684
burning....-mmmmmm,1,1,2,0.5
7-flood,1,2,3,0.6666666666666666
#best-sound,12,5,17,0.29411764705882354
and-melt,1,1,2,0.5
of-their,22,18,40,0.45
sparked-å¨,1,1,2,0.5
rain.-to,1,3,4,0.75
a-betrayed,1,2,3,0.6666666666666666
is-trying,6,1,7,0.14285714285714285
set-they,2,1,3,0.3333333333333333
harm/kid-you,2,1,3,0.3333333333333333
island-to,4,1,5,0.2
chewing-on,1,1,2,0.5
#offers2go-loss,1,2,3,0.6666666666666666
the-win,4,3,7,0.42857142857142855
telling-the,1,1,2,0.5
please-would,1,1,2,0.5
hail-is,2,2,4,0.5
but-only,6,2,8,0.25
for-will,21,14,35,0.4
many-people,3,3,6,0.5
american-u,1,1,2,0.5
crash:-in,10,10,20,0.5
are-music,1,1,2,0.5
insurance-texas,1,3,4,0.75
got-kid,4,1,5,0.2
are-tsunami,1,1,2,0.5
line-on,2,5,7,0.7142857142857143
i-youtube,2,1,3,0.3333333333333333
alarm-and,1,5,6,0.8333333333333334
dance-the,5,2,7,0.2857142857142857
along-spinning,1,1,2,0.5
of-rt,13,21,34,0.6176470588235294
day-world,1,1,2,0.5
are-see,9,1,10,0.1
family-via,2,1,3,0.3333333333333333
5c-8-pin,1,1,2,0.5
done-it,2,1,3,0.3333333333333333
bagging-no,1,1,2,0.5
not-under,1,1,2,0.5
cold-down,1,1,2,0.5
#preparedness-library:,2,2,4,0.5
by-remembering,1,3,4,0.75
rescue-the,7,1,8,0.125
saw-they,1,1,2,0.5
and-replace,4,1,5,0.2
learn-the,16,5,21,0.23809523809523808
hand-man,2,1,3,0.3333333333333333
hell-the,10,2,12,0.16666666666666666
find-home,1,2,3,0.6666666666666666
#islam-into,4,2,6,0.3333333333333333
5-5c,2,2,4,0.5
life-people,2,6,8,0.75
canûªt-your,1,1,2,0.5
of-t...,1,5,6,0.8333333333333334
are-harm,3,1,4,0.25
gave-they,2,1,3,0.3333333333333333
&amp;-due,1,5,6,0.8333333333333334
follow-go,2,1,3,0.3333333333333333
like-link,1,1,2,0.5
of-recently,1,2,3,0.6666666666666666
engulfed-of,6,2,8,0.25
--mod,1,2,3,0.6666666666666666
future-http://t.co/afmkcfn1tl,1,1,2,0.5
help!-rt,1,1,2,0.5
at-lot,2,1,3,0.3333333333333333
noise-to,3,1,4,0.25
bc-not,3,1,4,0.25
those-weapon,1,1,2,0.5
apocalypse-to,6,1,7,0.14285714285714285
collision-with,1,1,2,0.5
@change-wild,5,4,9,0.4444444444444444
act-collapsed,2,1,3,0.3333333333333333
good-here,1,1,2,0.5
me-please,5,2,7,0.2857142857142857
4-family,2,1,3,0.3333333333333333
i'm-up,8,3,11,0.2727272727272727
plane-that,2,2,4,0.5
drought-is,1,4,5,0.8
help-may,1,1,2,0.5
wa-why,5,1,6,0.16666666666666666
get-these,1,1,2,0.5
u-world,3,1,4,0.25
another-daughter,1,1,2,0.5
#hot-[black,12,5,17,0.29411764705882354
&amp;-rule,1,1,2,0.5
down-thing,2,1,3,0.3333333333333333
to-wish,2,2,4,0.5
don't-rioting,1,1,2,0.5
fight-if,1,1,2,0.5
someone-with,3,1,4,0.25
always-but,5,1,6,0.16666666666666666
message-will,3,2,5,0.4
day-one,6,4,10,0.4
board-the,3,7,10,0.7
but-later,1,2,3,0.6666666666666666
&amp;-structural,1,1,2,0.5
due-now,1,2,3,0.6666666666666666
life-on,6,7,13,0.5384615384615384
--men,1,8,9,0.8888888888888888
i-never,15,8,23,0.34782608695652173
bomb-not,2,2,4,0.5
a-office,1,4,5,0.8
girl-wa,1,2,3,0.6666666666666666
be-date,4,2,6,0.3333333333333333
on-past,1,3,4,0.75
26-people,1,2,3,0.6666666666666666
being-the,22,28,50,0.56
2014-in,1,3,4,0.75
about-work,1,1,2,0.5
&amp;-le,1,1,2,0.5
crazy-her,1,1,2,0.5
#prophetmuhammad-engulfed,4,2,6,0.3333333333333333
send-u,2,2,4,0.5
leisure-water-resistant,2,1,3,0.3333333333333333
lot-will,4,1,5,0.2
collapse-history:,1,1,2,0.5
dead-now,1,1,2,0.5
nuclear-the,10,34,44,0.7727272727272727
mention-so,3,1,4,0.25
a-best,8,4,12,0.3333333333333333
doe-out,3,1,4,0.25
daughter-threw,1,1,2,0.5
and-meeting,2,4,6,0.6666666666666666
is-long,2,2,4,0.5
bad-body,1,1,2,0.5
at-video,6,7,13,0.5384615384615384
include-the,1,5,6,0.8333333333333334
my-than,2,5,7,0.7142857142857143
add-on,2,1,3,0.3333333333333333
could-self,2,1,3,0.3333333333333333
'i-i,6,1,7,0.14285714285714285
5-director,1,1,2,0.5
humans!-islam,1,1,2,0.5
truck-with,1,1,2,0.5
#pbban-fast,3,1,4,0.25
child-last,1,1,2,0.5
book-collins,1,1,2,0.5
i-may,17,2,19,0.10526315789473684
project-the,6,1,7,0.14285714285714285
an-book,1,1,2,0.5
run-so,3,1,4,0.25
and-broke,8,1,9,0.1111111111111111
that.-wa,2,1,3,0.3333333333333333
evacuated-fan,1,4,5,0.8
are-me,14,1,15,0.06666666666666667
good-some,3,1,4,0.25
doe-someone,1,1,2,0.5
my-story,1,1,2,0.5
i'd-panic,1,1,2,0.5
to-twitter,12,2,14,0.14285714285714285
for-war,3,6,9,0.6666666666666666
live-while,1,1,2,0.5
the-therapy,2,2,4,0.5
a-film,1,1,2,0.5
to-well,4,4,8,0.5
any-from,1,3,4,0.75
don't-i'm,8,5,13,0.38461538461538464
weapon-you,4,4,8,0.5
fire-from,1,9,10,0.9
say-team,2,1,3,0.3333333333333333
been-consequence,2,1,3,0.3333333333333333
??-cross,2,1,3,0.3333333333333333
ass.-from,13,3,16,0.1875
military-wa,1,2,3,0.6666666666666666
it's-t,1,1,2,0.5
crashed-this,2,1,3,0.3333333333333333
when-with,7,3,10,0.3
be-hour,3,1,4,0.25
hit-off,1,1,2,0.5
music-want,2,1,3,0.3333333333333333
listen-the,5,1,6,0.16666666666666666
/-a,3,6,9,0.6666666666666666
cross-in,2,1,3,0.3333333333333333
like-work,3,2,5,0.4
fraction-in,1,1,2,0.5
of-trip,2,1,3,0.3333333333333333
down-your,3,4,7,0.5714285714285714
https://t.co/moll5vd8yd-is,3,1,4,0.25
dutch-the,1,3,4,0.75
humans!-the,1,1,2,0.5
been-going,2,1,3,0.3333333333333333
continued-to,1,1,2,0.5
told-until,2,1,3,0.3333333333333333
ha-way,2,1,3,0.3333333333333333
an-displaced,3,1,4,0.25
sound-you,2,1,3,0.3333333333333333
no-plan,1,3,4,0.75
at-be,15,6,21,0.2857142857142857
12-in,2,3,5,0.6
book-war,1,1,2,0.5
is-making,3,3,6,0.5
planned-together,2,1,3,0.3333333333333333
silver-spring,1,4,5,0.8
great-on,2,1,3,0.3333333333333333
anything-that,4,3,7,0.42857142857142855
a-both,8,1,9,0.1111111111111111
at-u,5,4,9,0.4444444444444444
girl-will,1,1,2,0.5
#sismo--,1,4,5,0.8
--bomber,1,17,18,0.9444444444444444
haven't-yet,1,2,3,0.6666666666666666
a-talk,3,5,8,0.625
fall-with,2,2,4,0.5
blanket-starter,1,1,2,0.5
/-at,3,4,7,0.5714285714285714
that-want,12,4,16,0.25
never-up,4,1,5,0.2
and-own,4,3,7,0.42857142857142855
like-you.,1,1,2,0.5
by-non-compliant,1,1,2,0.5
philippine-via,1,1,2,0.5
keep-to,12,3,15,0.2
from-week,2,2,4,0.5
face-over,1,1,2,0.5
??-as,6,1,7,0.14285714285714285
and-massive,1,1,2,0.5
to-vip,3,1,4,0.25
them-while,2,1,3,0.3333333333333333
hit-run,1,1,2,0.5
mum-the,1,1,2,0.5
a-room,3,3,6,0.5
because-ill,1,1,2,0.5
always-i'm,2,1,3,0.3333333333333333
breathing-may,1,1,2,0.5
(peace-a,4,2,6,0.3333333333333333
be-use,7,1,8,0.125
melt-the,1,2,3,0.6666666666666666
already-with,3,1,4,0.25
2-in,13,37,50,0.74
ha-life,4,2,6,0.3333333333333333
@change-annihilation,5,4,9,0.4444444444444444
doing-have,1,1,2,0.5
--will,8,9,17,0.5294117647058824
flood-|,1,6,7,0.8571428571428571
fully-it,1,2,3,0.6666666666666666
bioterrorism-of,4,4,8,0.5
feel-the,19,7,26,0.2692307692307692
of-state,5,11,16,0.6875
long-on,4,1,5,0.2
casualty-is,2,4,6,0.6666666666666666
lead-that,3,1,4,0.25
christian-detained,1,1,2,0.5
'the-trapped,6,5,11,0.45454545454545453
collided-while,1,1,2,0.5
grenade-just,1,1,2,0.5
deluged-invoices.,6,1,7,0.14285714285714285
after-riot,1,1,2,0.5
national-stop,10,6,16,0.375
ha-meat-loving,4,1,5,0.2
'superhero'-of,2,1,3,0.3333333333333333
and-financial,1,2,3,0.6666666666666666
just-nearby.,13,3,16,0.1875
damage-u,1,1,2,0.5
is-while,7,3,10,0.3
a-mix,1,1,2,0.5
realise-when,4,3,7,0.42857142857142855
beat-up,2,1,3,0.3333333333333333
control-let,4,1,5,0.2
from-pick,1,1,2,0.5
future-to,8,1,9,0.1111111111111111
at-chemical,2,9,11,0.8181818181818182
blue-new,2,1,3,0.3333333333333333
reward-terrorism!,1,1,2,0.5
accuses-internally,2,1,3,0.3333333333333333
&lt;-and,1,1,2,0.5
box-how,1,1,2,0.5
england-from,1,1,2,0.5
--used,2,1,3,0.3333333333333333
the-wouldn't,5,2,7,0.2857142857142857
rescued-wa,2,3,5,0.6
past-with,2,1,3,0.3333333333333333
--&gt;-the,3,2,5,0.4
a-small,7,4,11,0.36363636363636365
follow-murder?,1,1,2,0.5
????-thunder,2,1,3,0.3333333333333333
kraft-recall,1,1,2,0.5
send-we,1,1,2,0.5
nyc-to,1,2,3,0.6666666666666666
happening-like,1,1,2,0.5
for-liked,1,2,3,0.6666666666666666
a-towards,1,3,4,0.75
firey-like,1,1,2,0.5
life-today,1,1,2,0.5
can-send,4,1,5,0.2
did-so,3,1,4,0.25
being-rt,1,1,2,0.5
fear-is,12,3,15,0.2
evacuate-should,1,1,2,0.5
china's-stock,13,6,19,0.3157894736842105
to-world's,1,1,2,0.5
major-thunder,1,1,2,0.5
to-war,9,13,22,0.5909090909090909
at-not,18,5,23,0.21739130434782608
my-pic,2,1,3,0.3333333333333333
building-integrity,1,1,2,0.5
#breakingnews-to,1,1,2,0.5
burn-like,2,1,3,0.3333333333333333
i-spent,2,1,3,0.3333333333333333
downtown-emergency,4,1,5,0.2
a-bang.,1,1,2,0.5
bombed.-it,1,1,2,0.5
firey-the,1,1,2,0.5
america-who,4,2,6,0.3333333333333333
one-we,6,1,7,0.14285714285714285
don't-watching,1,1,2,0.5
--hard,1,1,2,0.5
last-there,1,1,2,0.5
d.b.-infamous,1,1,2,0.5
down-i'm,2,1,3,0.3333333333333333
el-the,1,1,2,0.5
#hot-computer,12,5,17,0.29411764705882354
godslove-sister,1,1,2,0.5
how-start,2,2,4,0.5
n-say,1,1,2,0.5
else-that,4,1,5,0.2
--knife,1,1,2,0.5
home-your,4,5,9,0.5555555555555556
care-patient,4,1,5,0.2
out-to,80,21,101,0.2079207920792079
and-part,5,3,8,0.375
is-police,2,3,5,0.6
a-failure,11,14,25,0.56
smoky-stranded,1,2,3,0.6666666666666666
expected-in,2,4,6,0.6666666666666666
both-who,1,1,2,0.5
to-world.,1,1,2,0.5
#forever-it,2,1,3,0.3333333333333333
hijack-jonathan,4,10,14,0.7142857142857143
like-went,1,2,3,0.6666666666666666
for-lovely,2,1,3,0.3333333333333333
who-wounded,1,1,2,0.5
??????-all,2,1,3,0.3333333333333333
man-on,4,6,10,0.6
but-mark,1,1,2,0.5
cannot-is,1,2,3,0.6666666666666666
can-their,2,3,5,0.6
can-some,2,1,3,0.3333333333333333
desolation-is,3,1,4,0.25
still-this,4,2,6,0.3333333333333333
a-snowball,1,1,2,0.5
firefighter-for,1,1,2,0.5
blow-life,1,2,3,0.6666666666666666
#hampshire-#winter,1,1,2,0.5
the-vital,1,1,2,0.5
inside-love,1,1,2,0.5
but-dad,1,2,3,0.6666666666666666
of-sick,2,2,4,0.5
by-could,2,4,6,0.6666666666666666
b4-to,1,2,3,0.6666666666666666
death-me,5,1,6,0.16666666666666666
trying-worst,1,1,2,0.5
damage-now,1,1,2,0.5
can-to,41,16,57,0.2807017543859649
#world-bioterror,1,1,2,0.5
no-traffic,1,3,4,0.75
insurance-of,2,3,5,0.6
really-this,3,3,6,0.5
so-ûó,3,1,4,0.25
from-yourself,7,2,9,0.2222222222222222
or-send,1,1,2,0.5
come-you,14,4,18,0.2222222222222222
friend-he,2,1,3,0.3333333333333333
account-on,2,1,3,0.3333333333333333
are-them,5,7,12,0.5833333333333334
in-murderer,1,5,6,0.8333333333333334
burn-crash,1,1,2,0.5
everyone-not,1,1,2,0.5
night-up,2,1,3,0.3333333333333333
i-supposed,4,2,6,0.3333333333333333
girl-i'm,6,1,7,0.14285714285714285
at-nc,1,3,4,0.75
...-video,1,3,4,0.75
for-watch,4,5,9,0.5555555555555556
dorret's-off's,1,1,2,0.5
for-her.,2,1,3,0.3333333333333333
ocean-the,4,6,10,0.6
rioting-that,1,1,2,0.5
to-tomorrow,4,5,9,0.5555555555555556
a-so,69,24,93,0.25806451612903225
banned-before,1,1,2,0.5
droid-full,1,1,2,0.5
daughter-the,5,1,6,0.16666666666666666
i-need,45,6,51,0.11764705882352941
family-our,2,1,3,0.3333333333333333
bed-my,7,2,9,0.2222222222222222
engulfed-he,6,2,8,0.25
just-wrong,2,1,3,0.3333333333333333
transport-via,3,4,7,0.5714285714285714
horse-it,2,1,3,0.3333333333333333
emergency.-in,2,1,3,0.3333333333333333
#bbc-#cnn,3,5,8,0.625
he-holding,1,1,2,0.5
article-year,1,1,2,0.5
i-this,85,34,119,0.2857142857142857
is-new,9,9,18,0.5
eventually-will,1,4,5,0.8
&amp;-least,1,2,3,0.6666666666666666
the-worry,1,3,4,0.75
17:52:25-utc2015-08-05,1,1,2,0.5
by-damage,1,1,2,0.5
and...-plan,4,2,6,0.3333333333333333
may-ruin,1,1,2,0.5
down-how,3,1,4,0.25
stay-to,5,1,6,0.16666666666666666
life-w/heavenly,5,1,6,0.16666666666666666
like-say,5,2,7,0.2857142857142857
on-roanoke,1,2,3,0.6666666666666666
hey-people,2,1,3,0.3333333333333333
where-you,16,3,19,0.15789473684210525
godslove-the,2,1,3,0.3333333333333333
a...-with,2,1,3,0.3333333333333333
harm-the,13,1,14,0.07142857142857142
arson-in,2,16,18,0.8888888888888888
by-cop,1,3,4,0.75
found-france,1,8,9,0.8888888888888888
30-would,1,1,2,0.5
http://t.co/pyehwodwun-transformation,1,1,2,0.5
now-want,1,1,2,0.5
then-what,1,1,2,0.5
naved-pakistan,1,3,4,0.75
&amp;-ink,2,1,3,0.3333333333333333
from-online,1,2,3,0.6666666666666666
and-lot,10,3,13,0.23076923076923078
been-utterly,1,2,3,0.6666666666666666
keep-now!,2,1,3,0.3333333333333333
'if-a,3,1,4,0.25
8%-have,1,1,2,0.5
a-drum,2,1,3,0.3333333333333333
electrocuted-me,1,1,2,0.5
stop-u.s,5,3,8,0.375
so-u,12,2,14,0.14285714285714285
collapse-shocked,1,2,3,0.6666666666666666
fire.-in,1,6,7,0.8571428571428571
--working,1,1,2,0.5
right-that,7,3,10,0.3
#course-crash,4,2,6,0.3333333333333333
match-to,4,1,5,0.2
newest-u,3,2,5,0.4
know-tree,2,1,3,0.3333333333333333
bash-shouting,1,1,2,0.5
by-high,1,1,2,0.5
at-time.,1,1,2,0.5
and-bp,1,1,2,0.5
a-unconfirmed!,26,6,32,0.1875
apc-lady,2,1,3,0.3333333333333333
--somalia,1,1,2,0.5
:p-it,1,1,2,0.5
mom-threw,1,1,2,0.5
it-story,2,2,4,0.5
disaster-of,6,13,19,0.6842105263157895
the-û_,9,5,14,0.35714285714285715
safe-that,1,1,2,0.5
stop-will,1,3,4,0.75
ah-i,1,1,2,0.5
http://t.co/afmkcfn1tl-the,2,1,3,0.3333333333333333
evacuation-time,1,1,2,0.5
reû_-wire,1,1,2,0.5
@accionempresa-bargain,1,1,2,0.5
a-displaced,1,7,8,0.875
i'm-to,63,18,81,0.2222222222222222
!!!-i,2,1,3,0.3333333333333333
a-nation,1,2,3,0.6666666666666666
man-wife,1,1,2,0.5
is-once,4,2,6,0.3333333333333333
it-somehow,2,1,3,0.3333333333333333
it-riot,1,3,4,0.75
coming-u,2,3,5,0.6
ain't-shit,1,1,2,0.5
in-pic,3,17,20,0.85
bigamist-in,2,1,3,0.3333333333333333
deal-not,1,1,2,0.5
long-through,1,1,2,0.5
a-until,6,4,10,0.4
--are,3,9,12,0.75
and-helicopter,1,1,2,0.5
my-today,6,5,11,0.45454545454545453
fire-wild,5,22,27,0.8148148148148148
car-ha,1,1,2,0.5
--comment,1,1,2,0.5
chest/torso-gunshot,1,1,2,0.5
alarm-evacuated,1,1,2,0.5
bullet-i,2,3,5,0.6
lab-mishap,5,12,17,0.7058823529411765
listen-to,9,1,10,0.1
terrorist-you,4,6,10,0.6
roof-the,2,5,7,0.7142857142857143
cree-wire,1,1,2,0.5
tired-to,3,1,4,0.25
hysteria-the,1,1,2,0.5
fire-show,1,2,3,0.6666666666666666
coming-don't,3,1,4,0.25
a-blight,11,1,12,0.08333333333333333
native-of,1,1,2,0.5
m-utc2015-08-05,2,11,13,0.8461538461538461
day-of,21,12,33,0.36363636363636365
is-second,3,8,11,0.7272727272727273
and-hope,9,5,14,0.35714285714285715
doesn't-you,5,1,6,0.16666666666666666
and...-bayelsa,4,2,6,0.3333333333333333
in-sinkhole,7,17,24,0.7083333333333334
but-scale,1,1,2,0.5
'superhero'-drowning,1,1,2,0.5
it-pandemonium,1,1,2,0.5
ha-å¨,2,1,3,0.3333333333333333
at-nu,1,2,3,0.6666666666666666
#quote-god,2,1,3,0.3333333333333333
like-where,3,2,5,0.4
listen-love,3,1,4,0.25
around-away,1,2,3,0.6666666666666666
for-old,2,3,5,0.6
describes-people,2,1,3,0.3333333333333333
cruz-head,1,1,2,0.5
a-hijacking,15,5,20,0.25
a-never-ending,2,1,3,0.3333333333333333
bleeding-me,1,1,2,0.5
didn't-the,11,5,16,0.3125
this-time.,1,1,2,0.5
near-the,5,15,20,0.75
because-blew,1,1,2,0.5
by-not,8,5,13,0.38461538461538464
rain.-the,3,2,5,0.4
in-rider,2,3,5,0.6
coming-i,6,1,7,0.14285714285714285
building-p.o.p.e.,1,1,2,0.5
down-to,16,11,27,0.4074074074074074
at-breakfast,1,1,2,0.5
people-terrorist,1,1,2,0.5
ha-tear,1,1,2,0.5
and-so,85,21,106,0.19811320754716982
recently-to,1,1,2,0.5
are-ross,1,1,2,0.5
calorie-mph,1,1,2,0.5
up-who,2,3,5,0.6
a-summer,9,4,13,0.3076923076923077
among-worst,2,1,3,0.3333333333333333
family-just,1,1,2,0.5
from-see,1,2,3,0.6666666666666666
any-don't,5,5,10,0.5
phone-the,8,1,9,0.1111111111111111
let-on,4,2,6,0.3333333333333333
child-the,10,9,19,0.47368421052631576
&amp;-2,12,7,19,0.3684210526315789
afraid-are,2,1,3,0.3333333333333333
fire-tree,1,5,6,0.8333333333333334
reshapes-strike,1,1,2,0.5
being-more,1,1,2,0.5
is-via,8,7,15,0.4666666666666667
and-carry,1,1,2,0.5
good-someone,1,1,2,0.5
simulate-unit,1,4,5,0.8
for-put,5,2,7,0.2857142857142857
#michelebachman-inferno,1,1,2,0.5
saying-they,2,1,3,0.3333333333333333
adult-of,2,2,4,0.5
scheme-to,4,1,5,0.2
annihilated-by,2,1,3,0.3333333333333333
derail-how,2,1,3,0.3333333333333333
fire-philippine,1,1,2,0.5
the-world.,8,4,12,0.3333333333333333
and-heard,9,3,12,0.25
believe-more,2,2,4,0.5
we-were,4,13,17,0.7647058823529411
??-and,21,11,32,0.34375
idea-of,2,2,4,0.5
mean-the,8,8,16,0.5
my-water,4,11,15,0.7333333333333333
mudslide'-on,1,1,2,0.5
or-what,5,1,6,0.16666666666666666
feeling-to,3,2,5,0.4
into-this,5,5,10,0.5
drown-swim,1,1,2,0.5
and-put,12,2,14,0.14285714285714285
sex-threw,1,1,2,0.5
??-from,5,1,6,0.16666666666666666
earthquake-u,2,3,5,0.6
pounded-with,1,1,2,0.5
b-so,1,1,2,0.5
last-we,2,1,3,0.3333333333333333
injury-is,5,1,6,0.16666666666666666
from-with,9,7,16,0.4375
5-today,2,2,4,0.5
for-petition,2,1,3,0.3333333333333333
casualty-the,5,19,24,0.7916666666666666
#hot-1980,1,7,8,0.875
it's-sometimes,4,1,5,0.2
#talkradio-listen,1,1,2,0.5
--had,2,1,3,0.3333333333333333
tear-with,2,2,4,0.5
even-from,4,2,6,0.3333333333333333
after-will,4,2,6,0.3333333333333333
of-tell,4,6,10,0.6
city-how,1,1,2,0.5
is-upon,8,2,10,0.2
anyone-by,2,1,3,0.3333333333333333
be-huge,1,1,2,0.5
curved-lamp,6,1,7,0.14285714285714285
do-someone,2,1,3,0.3333333333333333
https://t.co/rqwuoy1fm4-idp,1,3,4,0.75
china-to,2,3,5,0.6
and-disaster,6,10,16,0.625
at-washington,1,1,2,0.5
and-thus,1,1,2,0.5
a-wounded,2,4,6,0.6666666666666666
area.-only,1,1,2,0.5
is-pray,5,3,8,0.375
africa-country,1,1,2,0.5
be-have,14,3,17,0.17647058823529413
me-what,3,4,7,0.5714285714285714
life-with,7,2,9,0.2222222222222222
of-whats,1,1,2,0.5
a-mayhem!,1,1,2,0.5
fire-start,2,3,5,0.6
bagging-this,2,2,4,0.5
from-up,7,25,32,0.78125
drag-i,2,1,3,0.3333333333333333
building-failure:,1,1,2,0.5
building-set,2,3,5,0.6
dying-of,4,2,6,0.3333333333333333
but-got,9,4,13,0.3076923076923077
else-like,3,1,4,0.25
are-tweet,2,2,4,0.5
siren-up,1,1,2,0.5
detonation-mountaineering,2,1,3,0.3333333333333333
#quote-and,2,1,3,0.3333333333333333
event-to,2,3,5,0.6
post-to,3,3,6,0.5
&amp;-problem,1,3,4,0.75
and-buildings.,1,1,2,0.5
getting-if,1,1,2,0.5
my-those,1,1,2,0.5
gunshot-in,3,2,5,0.4
by-today,1,1,2,0.5
danger-the,14,3,17,0.17647058823529413
a-store,1,1,2,0.5
walk-you,4,1,5,0.2
of-seat,1,1,2,0.5
for-head,3,1,4,0.25
&amp;-send,1,2,3,0.6666666666666666
left-stop,1,1,2,0.5
a-putin,2,1,3,0.3333333333333333
class-i,1,2,3,0.6666666666666666
a-middle,4,5,9,0.5555555555555556
having-to,9,5,14,0.35714285714285715
in-won,2,1,3,0.3333333333333333
like-well,6,1,7,0.14285714285714285
picked!-we're,2,1,3,0.3333333333333333
#strategicpatience-is,1,4,5,0.8
make-meet,1,1,2,0.5
a-crater,2,2,4,0.5
heat-it's,1,3,4,0.75
for-windstorm,9,2,11,0.18181818181818182
i-probably,10,1,11,0.09090909090909091
the-three,4,6,10,0.6
at-bundled,1,1,2,0.5
emergency-new,7,1,8,0.125
deal-that,1,1,2,0.5
a-young,3,5,8,0.625
pull-up,1,1,2,0.5
of-time.,2,2,4,0.5
internet-the,7,4,11,0.36363636363636365
@'armageddon-xp',3,1,4,0.25
of-read,9,6,15,0.4
and-can,30,6,36,0.16666666666666666
how-medium,1,2,3,0.6666666666666666
new-nuclear,1,1,2,0.5
me-trent,1,1,2,0.5
catastrophe.-over,1,2,3,0.6666666666666666
over-reactor,1,4,5,0.8
60-among,1,1,2,0.5
integrity-repair,1,1,2,0.5
bad-idea,1,1,2,0.5
be-tonight,4,1,5,0.2
know-murderer,1,1,2,0.5
horrible-this,4,4,8,0.5
don't-or,9,1,10,0.1
a-you've,4,1,5,0.2
12000-from,1,9,10,0.9
city-youth,1,1,2,0.5
a-based,3,7,10,0.7
attempt-to,1,1,2,0.5
loud-the,15,6,21,0.2857142857142857
gotta-to,2,1,3,0.3333333333333333
much-when,1,1,2,0.5
a-factor,1,1,2,0.5
after-trip,1,1,2,0.5
after-|,1,1,2,0.5
it-|,2,1,3,0.3333333333333333
in-traffic,2,6,8,0.75
fedex-will,5,4,9,0.4444444444444444
activated-emergency,1,3,4,0.75
deluge-for,6,1,7,0.14285714285714285
apocalyptic-http://t.co/cybksxhf7d,2,2,4,0.5
news-world,2,4,6,0.6666666666666666
most-you,4,1,5,0.2
choking-hazard,1,1,2,0.5
fighting-the,2,5,7,0.7142857142857143
find-i,8,3,11,0.2727272727272727
careless-start,2,2,4,0.5
@tomcatarts-were,1,1,2,0.5
nothing-sure,1,2,3,0.6666666666666666
confirmed-the,1,6,7,0.8571428571428571
a-later,2,4,6,0.6666666666666666
at-lightning,3,4,7,0.5714285714285714
content-is,1,1,2,0.5
@'armageddon-reason,3,1,4,0.25
#ashes-how,1,1,2,0.5
--mullah,1,1,2,0.5
i-issue,2,4,6,0.6666666666666666
near-of,2,17,19,0.8947368421052632
gt-jet,2,1,3,0.3333333333333333
--:,5,5,10,0.5
and-chief,4,1,5,0.2
like-up.,1,2,3,0.6666666666666666
into-like,6,2,8,0.25
company-the,4,3,7,0.42857142857142855
a-never,18,11,29,0.3793103448275862
????-heat,1,1,2,0.5
24-a,1,4,5,0.8
been-or,4,2,6,0.3333333333333333
being-story,1,4,5,0.8
this-window,1,2,3,0.6666666666666666
donûªt-is,5,1,6,0.16666666666666666
bat-in,2,1,3,0.3333333333333333
be-told,1,1,2,0.5
sure-wa,2,1,3,0.3333333333333333
pandemonium-scene,2,1,3,0.3333333333333333
military-pakistan,1,1,2,0.5
black-people,5,5,10,0.5
brother-the,13,1,14,0.07142857142857142
my-night,6,1,7,0.14285714285714285
careful-so,4,1,5,0.2
getting-out,4,1,5,0.2
accused-in,1,1,2,0.5
obliterated-world,1,1,2,0.5
...-in,8,40,48,0.8333333333333334
down-fan,1,2,3,0.6666666666666666
bloody-life,1,1,2,0.5
2015-fire,1,4,5,0.8
life-so,3,2,5,0.4
in-terrorism!,2,2,4,0.5
more-my,6,3,9,0.3333333333333333
bad-good,1,1,2,0.5
in-will,29,15,44,0.3409090909090909
me-scared,2,1,3,0.3333333333333333
are-out,15,12,27,0.4444444444444444
is-something,7,7,14,0.5
my-that,40,6,46,0.13043478260869565
am-so,1,1,2,0.5
be-would,28,9,37,0.24324324324324326
a-emotion,5,1,6,0.16666666666666666
are-stand,7,1,8,0.125
to-worse,4,1,5,0.2
country-is,4,6,10,0.6
hi-it,1,1,2,0.5
a-û_,7,7,14,0.5
humans!-terrorism!,1,1,2,0.5
humanity-the,4,4,8,0.5
need-up,5,1,6,0.16666666666666666
a-impact,1,1,2,0.5
human-to,3,2,5,0.4
30-to,2,12,14,0.8571428571428571
show-video,1,6,7,0.8571428571428571
review-to,1,1,2,0.5
&amp;-you,31,7,38,0.18421052631578946
don't-he,1,3,4,0.75
but-free,2,1,3,0.3333333333333333
if-stop,1,1,2,0.5
17:52:25-4km,1,1,2,0.5
appreciated-the,2,1,3,0.3333333333333333
extremely-have,1,1,2,0.5
lol-that,7,1,8,0.125
be-once,1,2,3,0.6666666666666666
#1-in,2,3,5,0.6
but-there's,3,1,4,0.25
first-lady,3,2,5,0.4
if-it,31,15,46,0.32608695652173914
damage-may,1,1,2,0.5
interview-the,1,1,2,0.5
at-under,1,1,2,0.5
dont-like,1,1,2,0.5
any-who,2,1,3,0.3333333333333333
many-or,19,2,21,0.09523809523809523
and-well,10,2,12,0.16666666666666666
both-in,4,4,8,0.5
and-or,32,6,38,0.15789473684210525
#photography-new,2,1,3,0.3333333333333333
a-engulfed,11,10,21,0.47619047619047616
&amp;-i,50,13,63,0.20634920634920634
ever-wa,5,1,6,0.16666666666666666
or-we,7,4,11,0.36363636363636365
for-piece,1,1,2,0.5
#undergroundrailraod-#yahistorical,1,1,2,0.5
attack-blocked,5,1,6,0.16666666666666666
deal-like,2,1,3,0.3333333333333333
back-wa,8,3,11,0.2727272727272727
mention-that,4,1,5,0.2
1970-gt,2,1,3,0.3333333333333333
jacksonville-memorial,2,1,3,0.3333333333333333
quarantine-update,4,1,5,0.2
of-traumatised,5,1,6,0.16666666666666666
+-is,4,2,6,0.3333333333333333
hour-of,11,7,18,0.3888888888888889
got-some,3,2,5,0.4
don't-mass,4,1,5,0.2
really-so,4,1,5,0.2
is-killing,1,1,2,0.5
if-upon,4,2,6,0.3333333333333333
not-service,1,1,2,0.5
most-up,3,1,4,0.25
but-now,12,2,14,0.14285714285714285
#baltimore-noonan@cindynoonan-heartbreak,1,1,2,0.5
because-home,2,4,6,0.6666666666666666
kid-some,2,1,3,0.3333333333333333
and-in,216,169,385,0.43896103896103894
elephant-reveals,1,1,2,0.5
in-what,33,22,55,0.4
be-tornado,1,1,2,0.5
like-out,11,3,14,0.21428571428571427
buildings?-of,1,1,2,0.5
murderer-only,1,1,2,0.5
is-p,1,1,2,0.5
from-report,1,2,3,0.6666666666666666
i-trauma.,2,1,3,0.3333333333333333
full-i'm,1,1,2,0.5
it-me.,1,2,3,0.6666666666666666
number-that,1,1,2,0.5
connector-phone,1,1,2,0.5
another-apocalypse,1,1,2,0.5
many-see,1,1,2,0.5
came-turned,4,2,6,0.3333333333333333
like-water,1,2,3,0.6666666666666666
.-stop,1,1,2,0.5
but-down,7,3,10,0.3
u-wow,1,1,2,0.5
cool-would,2,1,3,0.3333333333333333
for-use,4,1,5,0.2
can-into,4,1,5,0.2
moment-wa,1,1,2,0.5
a-audio,2,1,3,0.3333333333333333
#jonathanferrell-gunshot,1,1,2,0.5
for-vega,2,1,3,0.3333333333333333
heart-wa,3,4,7,0.5714285714285714
collided-to,3,2,5,0.4
is-than,16,10,26,0.38461538461538464
are-who,8,6,14,0.42857142857142855
this-wild,1,1,2,0.5
look-really,2,1,3,0.3333333333333333
for-other,4,1,5,0.2
are-now,10,3,13,0.23076923076923078
between-on,1,1,2,0.5
and-guy,11,1,12,0.08333333333333333
when-why,5,1,6,0.16666666666666666
by-inferno,1,1,2,0.5
military-who,1,6,7,0.8571428571428571
just-murder,1,3,4,0.75
--were,1,7,8,0.875
can-of,25,9,34,0.2647058823529412
failure-on,2,3,5,0.6
displaced-stealing,2,1,3,0.3333333333333333
seriously-to,3,2,5,0.4
--aba,4,2,6,0.3333333333333333
a-survive,9,5,14,0.35714285714285715
probably-the,9,1,10,0.1
bundled-collapse,1,1,2,0.5
in-thanks,1,1,2,0.5
i-siren,5,5,10,0.5
by-it,19,13,32,0.40625
of-road,3,11,14,0.7857142857142857
don't-friend,1,1,2,0.5
a-land,20,23,43,0.5348837209302325
the-w/,13,3,16,0.1875
i-water,3,22,25,0.88
--explosion,4,3,7,0.42857142857142855
a-year,26,31,57,0.543859649122807
actually-of,3,2,5,0.4
feel-look,2,1,3,0.3333333333333333
(twia)-of,1,1,2,0.5
do-there's,1,1,2,0.5
15-august,1,1,2,0.5
shape-to,16,2,18,0.1111111111111111
first-suicide,1,2,3,0.6666666666666666
can-from,12,3,15,0.2
how-shit,1,2,3,0.6666666666666666
battle-eye,8,1,9,0.1111111111111111
#hot-or,4,1,5,0.2
combo-flood,8,1,9,0.1111111111111111
season.-the,1,2,3,0.6666666666666666
hazardous-until,1,1,2,0.5
got-had,1,2,3,0.6666666666666666
or-responder,1,1,2,0.5
be-wild,1,3,4,0.75
get-man,10,1,11,0.09090909090909091
apartment-at,2,2,4,0.5
until-|,2,1,3,0.3333333333333333
eye-turn,1,1,2,0.5
for-that.,1,1,2,0.5
by-û_,4,2,6,0.3333333333333333
by-cross,4,1,5,0.2
--building,3,2,5,0.4
there-why,6,1,7,0.14285714285714285
his-wife,10,4,14,0.2857142857142857
disaster-i,3,3,6,0.5
if-wouldn't,2,1,3,0.3333333333333333
engulfed-with,3,1,4,0.25
came-for,4,1,5,0.2
a-lava,12,1,13,0.07692307692307693
better-to,10,1,11,0.09090909090909091
day-up,4,2,6,0.3333333333333333
5-charger,2,2,4,0.5
remember-when,2,1,3,0.3333333333333333
collide-that,1,1,2,0.5
funtenna:-hat,12,5,17,0.29411764705882354
boy-with,1,42,43,0.9767441860465116
talk-the,4,4,8,0.5
he-if,11,7,18,0.3888888888888889
at-she,1,5,6,0.8333333333333334
in-site,2,15,17,0.8823529411764706
bang.-loud,1,1,2,0.5
famine-what,1,1,2,0.5
chile:-hollywood,7,5,12,0.4166666666666667
came-wa,6,3,9,0.3333333333333333
near-use,1,1,2,0.5
evacuate-of,3,5,8,0.625
fedex-wake,5,11,16,0.6875
effect-or,15,2,17,0.11764705882352941
at-last,11,2,13,0.15384615384615385
into-then,3,1,4,0.25
sport-the,7,2,9,0.2222222222222222
10-a,1,2,3,0.6666666666666666
bear-to,3,2,5,0.4
all-being,7,6,13,0.46153846153846156
the-wounded,13,3,16,0.1875
#news-and,2,2,4,0.5
for-mill,2,1,3,0.3333333333333333
1-quickly,1,1,2,0.5
#kerricktrial-bicep.,1,1,2,0.5
are-say,4,5,9,0.5555555555555556
still-to,16,7,23,0.30434782608695654
is-ten,1,2,3,0.6666666666666666
my-really,4,2,6,0.3333333333333333
ambulance-my,2,1,3,0.3333333333333333
france-up,1,1,2,0.5
but-driver,1,1,2,0.5
about-body,1,1,2,0.5
2015-5,1,2,3,0.6666666666666666
he-land,8,4,12,0.3333333333333333
can-weapon,5,2,7,0.2857142857142857
but-natural,1,1,2,0.5
charity.'-the,4,2,6,0.3333333333333333
against-had,1,1,2,0.5
see-wa,1,1,2,0.5
little-your,2,1,3,0.3333333333333333
do-see,3,2,5,0.4
how-ûò,1,2,3,0.6666666666666666
arson-charged,1,1,2,0.5
my-panicking,8,1,9,0.1111111111111111
97/georgia-exit,1,4,5,0.8
at-running,1,1,2,0.5
ahead-ministers:,2,1,3,0.3333333333333333
left-you,5,1,6,0.16666666666666666
come-ready,1,1,2,0.5
--release,4,1,5,0.2
insurance-rate,1,2,3,0.6666666666666666
dies..is-to,1,1,2,0.5
all-next,1,2,3,0.6666666666666666
believe-i,12,4,16,0.25
#best-modified,1,7,8,0.875
a-curfew,13,3,16,0.1875
colour-deluged,7,1,8,0.125
but-thing,6,3,9,0.3333333333333333
on-still,6,4,10,0.4
in-place.,1,1,2,0.5
our-this,8,6,14,0.42857142857142855
die!please-for,1,1,2,0.5
thank-this,1,2,3,0.6666666666666666
of-want,14,2,16,0.125
end-i'm,2,1,3,0.3333333333333333
fuck-is,4,2,6,0.3333333333333333
thunderstorm-up,1,3,4,0.75
everyday-the,2,4,6,0.6666666666666666
eye-mass,1,1,2,0.5
all-just,12,5,17,0.29411764705882354
an-lawton,1,1,2,0.5
of-planted,1,1,2,0.5
and-pay',8,1,9,0.1111111111111111
famous-is,1,1,2,0.5
cyclist-on,2,3,5,0.6
out-shot,2,1,3,0.3333333333333333
animal-story,1,1,2,0.5
53inch-light,6,1,7,0.14285714285714285
i've-no,3,1,4,0.25
i-pray,8,3,11,0.2727272727272727
place.-the,2,1,3,0.3333333333333333
ahead-via,2,1,3,0.3333333333333333
about-woman,1,1,2,0.5
not-really,4,1,5,0.2
people-want,5,1,6,0.16666666666666666
emergency-natural,2,1,3,0.3333333333333333
picture-the,3,7,10,0.7
&amp;-explosion,1,1,2,0.5
become-to,3,3,6,0.5
to-watching,4,2,6,0.3333333333333333
cause-get,2,1,3,0.3333333333333333
have-update:,1,4,5,0.8
about-worry,3,5,8,0.625
building-music,1,1,2,0.5
charged-of,2,26,28,0.9285714285714286
hostage-up,1,1,2,0.5
in-terrorism,3,3,6,0.5
on-wanted,1,2,3,0.6666666666666666
five-of,2,1,3,0.3333333333333333
ebay-read,15,1,16,0.0625
#best-wave,12,5,17,0.29411764705882354
listen-you,3,1,4,0.25
i-this.,1,1,2,0.5
--rare,1,2,3,0.6666666666666666
level-the,5,4,9,0.4444444444444444
are-maybe,1,1,2,0.5
going-him,3,2,5,0.4
for-targeting,2,2,4,0.5
&amp;-need,6,4,10,0.4
it-was.,1,1,2,0.5
#pbban-for,3,1,4,0.25
fire-no,3,11,14,0.7857142857142857
effect-new,15,2,17,0.11764705882352941
minority-obliterate,2,1,3,0.3333333333333333
just-smoke,5,1,6,0.16666666666666666
been-if,7,6,13,0.46153846153846156
burned-with,2,1,3,0.3333333333333333
content-if,1,1,2,0.5
red-to,3,2,5,0.4
feel-he,4,2,6,0.3333333333333333
please-this,2,4,6,0.6666666666666666
i-me:,1,1,2,0.5
colour-likely,7,1,8,0.125
small-to,2,1,3,0.3333333333333333
an-died,1,2,3,0.6666666666666666
need-off,1,1,2,0.5
a-blow,2,5,7,0.7142857142857143
next-week,2,1,3,0.3333333333333333
ferguson's-look,2,1,3,0.3333333333333333
offensiveûª-to,3,1,4,0.25
#sismo-the,1,2,3,0.6666666666666666
off-u,1,2,3,0.6666666666666666
are-totally,2,2,4,0.5
reduced-the,5,2,7,0.2857142857142857
#prophetmuhammad-madinah.,4,2,6,0.3333333333333333
home-now,1,3,4,0.75
died-to,2,1,3,0.3333333333333333
(hwo)-issue,1,7,8,0.875
attack-he,5,3,8,0.375
lone-of,1,2,3,0.6666666666666666
light-of,2,1,3,0.3333333333333333
burning-city.,1,1,2,0.5
lead-we,3,1,4,0.25
peak-the,1,2,3,0.6666666666666666
chase-for,1,1,2,0.5
now-on,10,13,23,0.5652173913043478
away-the,16,5,21,0.23809523809523808
be-their,4,2,6,0.3333333333333333
hijacker-the,7,5,12,0.4166666666666667
w/-will,1,1,2,0.5
allowed-to,3,5,8,0.625
bridge-collapse,3,26,29,0.896551724137931
of-this,63,32,95,0.3368421052631579
heart-no,2,1,3,0.3333333333333333
request-with,1,1,2,0.5
except-to,1,2,3,0.6666666666666666
people-who,11,7,18,0.3888888888888889
health-to,5,1,6,0.16666666666666666
isn't-that,2,5,7,0.7142857142857143
chicago-with,1,1,2,0.5
god-my,9,2,11,0.18181818181818182
help-keep,1,1,2,0.5
an-got,4,2,6,0.3333333333333333
to-totally,9,4,13,0.3076923076923077
1.3-the,1,1,2,0.5
after-update:,1,3,4,0.75
cook-totally,3,1,4,0.25
alone-and,8,1,9,0.1111111111111111
move-the,7,4,11,0.36363636363636365
be-week,5,1,6,0.16666666666666666
me-my,77,8,85,0.09411764705882353
her-plaguing,2,1,3,0.3333333333333333
??????-u,1,1,2,0.5
an-material,2,1,3,0.3333333333333333
by-full,19,1,20,0.05
#slanglucci-greatest,3,1,4,0.25
follow-lovely,1,1,2,0.5
after-tree,1,1,2,0.5
falling-it,2,1,3,0.3333333333333333
are-bloody,1,1,2,0.5
cliff.-really,1,1,2,0.5
can't-not,4,1,5,0.2
his-|,5,1,6,0.16666666666666666
control-is,7,1,8,0.125
control-you!,4,1,5,0.2
this-via,6,3,9,0.3333333333333333
ha-tried.,2,1,3,0.3333333333333333
going-have,14,1,15,0.06666666666666667
#jonathanferrell-in,2,2,4,0.5
repair-to,2,1,3,0.3333333333333333
are-use,2,1,3,0.3333333333333333
&amp;-high,2,2,4,0.5
problem-to,1,3,4,0.75
where-white,1,1,2,0.5
like-me,20,5,25,0.2
#strategicpatience-people;,1,4,5,0.8
make-way,5,1,6,0.16666666666666666
at-bombed,1,1,2,0.5
bloody-this,2,1,3,0.3333333333333333
her-it,10,5,15,0.3333333333333333
real-this,6,1,7,0.14285714285714285
dan-head,1,1,2,0.5
i-start,6,1,7,0.14285714285714285
of-rainstorm,2,1,3,0.3333333333333333
destiny-life,5,1,6,0.16666666666666666
off-ok,1,1,2,0.5
#hampshire-new,1,1,2,0.5
get-under,1,24,25,0.96
happened-i,4,2,6,0.3333333333333333
bleeding-can,1,1,2,0.5
if-own,3,2,5,0.4
islamic-the,1,1,2,0.5
too-wa,4,1,5,0.2
ha-half,2,1,3,0.3333333333333333
australiaûªs-worst,1,1,2,0.5
go-well,1,1,2,0.5
consequence-tried.,2,1,3,0.3333333333333333
for-mention,2,1,3,0.3333333333333333
another-one,2,4,6,0.6666666666666666
a-ago,3,5,8,0.625
glad-got,2,2,4,0.5
description-piling,2,1,3,0.3333333333333333
i'm-too,1,1,2,0.5
more-see,5,3,8,0.375
a-window,1,2,3,0.6666666666666666
but-wont,2,1,3,0.3333333333333333
if-you've,1,1,2,0.5
wa-worry,1,2,3,0.6666666666666666
fire-with,8,11,19,0.5789473684210527
just-photo,1,1,2,0.5
about-happen,1,1,2,0.5
lady-of,4,1,5,0.2
gunman-kill,1,6,7,0.8571428571428571
won't-you,9,2,11,0.18181818181818182
a-bunch,3,1,4,0.25
death-this,2,1,3,0.3333333333333333
about-chile,8,1,9,0.1111111111111111
attack-now,1,2,3,0.6666666666666666
apocalypse-it's,1,2,3,0.6666666666666666
if-over,5,1,6,0.16666666666666666
person-they,1,1,2,0.5
tribal-which,4,2,6,0.3333333333333333
about-extremely,1,1,2,0.5
look-wanna,1,1,2,0.5
against-wa,1,3,4,0.75
my-some,10,15,25,0.6
bioterror-lab,5,14,19,0.7368421052631579
it's-mass,3,2,5,0.4
full-work,13,2,15,0.13333333333333333
building-oooh,1,1,2,0.5
her-tornado,2,1,3,0.3333333333333333
bc-had,1,1,2,0.5
do-sex,2,1,3,0.3333333333333333
emergency-for,8,13,21,0.6190476190476191
have-know,13,2,15,0.13333333333333333
a-move,6,9,15,0.6
collapse-reminds,1,1,2,0.5
#hellfire-describes,2,1,3,0.3333333333333333
star-with,8,1,9,0.1111111111111111
control-of,3,7,10,0.7
a-italian,2,3,5,0.6
can-imagine,1,1,2,0.5
is-start,8,2,10,0.2
but-yeah,3,1,4,0.25
fatality-not,2,1,3,0.3333333333333333
fire-only,2,3,5,0.6
day-great,2,1,3,0.3333333333333333
self-image?-you,10,3,13,0.23076923076923078
a-blaze,7,3,10,0.3
&amp;-top,6,1,7,0.14285714285714285
im-wow,1,1,2,0.5
not-on,19,15,34,0.4411764705882353
in-industry,1,5,6,0.8333333333333334
until-whipped,2,1,3,0.3333333333333333
ago-at,1,3,4,0.75
found-is,5,19,24,0.7916666666666666
man-or,3,1,4,0.25
i-tremor,1,1,2,0.5
did-he,8,4,12,0.3333333333333333
loose-of,4,1,5,0.2
else-for,1,2,3,0.6666666666666666
once-you,7,1,8,0.125
impending-the,1,3,4,0.75
--seven,2,1,3,0.3333333333333333
is-line,3,1,4,0.25
at-reshapes,1,2,3,0.6666666666666666
hear-my,2,1,3,0.3333333333333333
a-or,62,21,83,0.25301204819277107
get-many,2,1,3,0.3333333333333333
cliff-i,10,4,14,0.2857142857142857
damage-for,2,1,3,0.3333333333333333
scale-the,3,3,6,0.5
immediately-to,1,1,2,0.5
during-zone,1,1,2,0.5
jean-your,1,3,4,0.75
http://t.co/0wratka2jl-love,2,1,3,0.3333333333333333
(temporary:300)-@'armageddon,3,1,4,0.25
$300000-runner,1,1,2,0.5
nude-teen,1,1,2,0.5
haha-i,7,3,10,0.3
90-a,3,1,4,0.25
against-to,4,3,7,0.42857142857142855
me.-someone,2,3,5,0.6
are-stay,3,1,4,0.25
out-your,5,2,7,0.2857142857142857
#prophetmuhammad-wa,4,2,6,0.3333333333333333
the-you're,24,4,28,0.14285714285714285
a-late,3,7,10,0.7
the-there,64,29,93,0.3118279569892473
have-want,3,2,5,0.4
find-the,13,5,18,0.2777777777777778
and-hazardous,6,4,10,0.4
fatality-in,4,9,13,0.6923076923076923
angry-trafford,1,4,5,0.8
#phoenix-beautiful,1,1,2,0.5
do-fatality,2,1,3,0.3333333333333333
no-said,6,1,7,0.14285714285714285
no-school,1,2,3,0.6666666666666666
at-because,7,1,8,0.125
at-getting,6,2,8,0.25
hope-no,2,1,3,0.3333333333333333
cinema-fire,1,4,5,0.8
banquet-refugee,1,1,2,0.5
i'm-time,3,4,7,0.5714285714285714
#treeporn-in,1,2,3,0.6666666666666666
die!please-horse,1,1,2,0.5
percent-rate,1,1,2,0.5
decide-to,5,1,6,0.16666666666666666
#gilbert23-&amp;,4,2,6,0.3333333333333333
bus-i'm,1,1,2,0.5
ha-see,2,1,3,0.3333333333333333
at-two,1,10,11,0.9090909090909091
did-if,2,1,3,0.3333333333333333
ago-is,3,1,4,0.25
blown-will,2,1,3,0.3333333333333333
home-is,1,6,7,0.8571428571428571
in-neighbour's,13,3,16,0.1875
collins-general,1,1,2,0.5
are-street,2,2,4,0.5
about-he,4,5,9,0.5555555555555556
at-in,39,76,115,0.6608695652173913
are-their,6,2,8,0.25
anger-widespread,1,1,2,0.5
accident-the,5,6,11,0.5454545454545454
angry-openly,4,2,6,0.3333333333333333
into-too,1,1,2,0.5
hit.-wa,1,1,2,0.5
burning-hero,1,2,3,0.6666666666666666
tv-will,1,1,2,0.5
cheese-of,4,3,7,0.42857142857142855
??-how,3,1,4,0.25
combo-full,8,1,9,0.1111111111111111
starter-wire,1,1,2,0.5
a-crush:,3,1,4,0.25
and-destruction,7,2,9,0.2222222222222222
piling-surah,2,1,3,0.3333333333333333
of-transport,7,14,21,0.6666666666666666
but-war,2,3,5,0.6
one-save,2,2,4,0.5
a-shooter,1,1,2,0.5
former-langley,1,2,3,0.6666666666666666
in-injuries.,1,3,4,0.75
forget-the,3,2,5,0.4
can't-i,45,6,51,0.11764705882352941
don't-now,4,1,5,0.2
attacking-the,4,1,5,0.2
lost-wa,1,2,3,0.6666666666666666
climate-is,8,6,14,0.42857142857142855
a-hospital,3,3,6,0.5
for-me,31,8,39,0.20512820512820512
apparently-is,2,1,3,0.3333333333333333
all-than,3,8,11,0.7272727272727273
issue-jax,1,1,2,0.5
change.-the,4,2,6,0.3333333333333333
and-student,2,1,3,0.3333333333333333
need-will,3,1,4,0.25
of-stabbing,1,4,5,0.8
death-if,1,1,2,0.5
drive-it,1,1,2,0.5
catastrophe-of,4,4,8,0.5
custom-in,2,1,3,0.3333333333333333
so-would,11,4,15,0.26666666666666666
a-w/o,1,1,2,0.5
accuses-openly,2,1,3,0.3333333333333333
away-get,3,1,4,0.25
help-our,5,2,7,0.2857142857142857
by-car,1,7,8,0.875
first-tension,2,1,3,0.3333333333333333
deluged-pay',8,1,9,0.1111111111111111
war-we,1,1,2,0.5
a-trauma,7,7,14,0.5
set-with,5,4,9,0.4444444444444444
bounty-phoenix,1,3,4,0.75
have-nature,1,1,2,0.5
ever-his,3,2,5,0.4
me-up.,1,1,2,0.5
a-crowd,2,1,3,0.3333333333333333
result-to,2,2,4,0.5
enough-is,2,1,3,0.3333333333333333
our-rain,1,1,2,0.5
12-go,1,1,2,0.5
my-then,11,2,13,0.15384615384615385
#photography-a,1,1,2,0.5
keep-them,1,1,2,0.5
been-rioting,1,2,3,0.6666666666666666
the-try,12,5,17,0.29411764705882354
full-way,2,1,3,0.3333333333333333
of-remember,2,1,3,0.3333333333333333
--storm,2,5,7,0.7142857142857143
??????-let,1,1,2,0.5
old-on,2,1,3,0.3333333333333333
#gbbo-not,2,1,3,0.3333333333333333
avoided-could,1,1,2,0.5
certificate-on,1,1,2,0.5
#reddit-quarantine,2,1,3,0.3333333333333333
so-you!,4,1,5,0.2
church-to,2,1,3,0.3333333333333333
error-in,1,1,2,0.5
is-okay.,1,1,2,0.5
everyone-get,2,1,3,0.3333333333333333
&amp;-leave,2,1,3,0.3333333333333333
blew-to,6,1,7,0.14285714285714285
every-world,1,1,2,0.5
ink-love,2,1,3,0.3333333333333333
content-offensive,12,2,14,0.14285714285714285
that-till,1,1,2,0.5
6+-8-pin,1,1,2,0.5
it's-our,1,1,2,0.5
1st-a,2,3,5,0.6
up-yeah,1,1,2,0.5
brisk-walking,1,1,2,0.5
at-heart,2,2,4,0.5
...-is,5,15,20,0.75
realise-time,3,3,6,0.5
??????-pledge,1,1,2,0.5
the-thinking,11,5,16,0.3125
horror-to,1,3,4,0.75
drowned-off,1,5,6,0.8333333333333334
1-into,1,1,2,0.5
first-from,2,3,5,0.6
are-end,1,1,2,0.5
charity.'-yourself,4,2,6,0.3333333333333333
i-quickly,1,1,2,0.5
back-left,1,1,2,0.5
#preparedness-any,2,2,4,0.5
they-would,9,4,13,0.3076923076923077
and-over,21,8,29,0.27586206896551724
back-off,3,1,4,0.25
derail-you,1,1,2,0.5
be-dark,1,1,2,0.5
are-ever,1,1,2,0.5
&amp;-living,1,1,2,0.5
by-they,6,5,11,0.45454545454545453
come-know,2,1,3,0.3333333333333333
in-second,2,4,6,0.6666666666666666
in-thunder,1,2,3,0.6666666666666666
school-so,1,1,2,0.5
at-fleet,8,1,9,0.1111111111111111
every-there,1,2,3,0.6666666666666666
for-i,136,27,163,0.1656441717791411
when-world,4,1,5,0.2
dad-that,2,1,3,0.3333333333333333
lady-purse,10,1,11,0.09090909090909091
is-ur,12,2,14,0.14285714285714285
only-weapon,3,1,4,0.25
i-will,68,10,78,0.1282051282051282
who-with,8,5,13,0.38461538461538464
hurt-much,1,1,2,0.5
but-today,1,2,3,0.6666666666666666
5-of,8,2,10,0.2
letûªs-want,3,1,4,0.25
do-the,66,24,90,0.26666666666666666
dry-in,1,3,4,0.75
&lt;3-and,3,1,4,0.25
black-for,1,1,2,0.5
my-our,3,3,6,0.5
at-fuck,1,1,2,0.5
and-explosion,3,4,7,0.5714285714285714
#farrakhan-america,2,1,3,0.3333333333333333
--downtown,1,1,2,0.5
service-the,19,26,45,0.5777777777777777
thank-you,19,3,22,0.13636363636363635
after-official,1,1,2,0.5
into-that,6,12,18,0.6666666666666666
in-mention,1,1,2,0.5
emergency-not,2,2,4,0.5
it-watching,3,3,6,0.5
like-world,1,3,4,0.75
down-our,2,1,3,0.3333333333333333
are-need,6,2,8,0.25
activated-ha,1,2,3,0.6666666666666666
don't-wave,2,1,3,0.3333333333333333
morning-on,3,3,6,0.5
iran-the,7,11,18,0.6111111111111112
and-p.o.p.e.,1,1,2,0.5
shit-some,5,6,11,0.5454545454545454
burned-of,6,3,9,0.3333333333333333
said-some,1,1,2,0.5
me-ran,1,1,2,0.5
land-look,1,1,2,0.5
thunderstorm-will,1,4,5,0.8
centre-fire,1,4,5,0.8
i-you!,1,1,2,0.5
this-were,3,4,7,0.5714285714285714
a-horse,3,2,5,0.4
been-bloody,2,1,3,0.3333333333333333
fav-to,3,2,5,0.4
beach-the,3,3,6,0.5
hat-to,12,5,17,0.29411764705882354
player-storm,1,1,2,0.5
church-in,1,3,4,0.75
around-it,2,4,6,0.6666666666666666
kinda-of,1,1,2,0.5
i'm-only,6,1,7,0.14285714285714285
down-them,2,1,3,0.3333333333333333
cool-just,1,2,3,0.6666666666666666
home-sinking,4,3,7,0.42857142857142855
before-blew,2,1,3,0.3333333333333333
storm-will,1,1,2,0.5
huge-new,2,1,3,0.3333333333333333
mass-on,1,3,4,0.75
like-scream,1,1,2,0.5
giving-upon,4,2,6,0.3333333333333333
#genocide;-strategy,1,4,5,0.8
sometimes-with,1,1,2,0.5
at-occurred,8,4,12,0.3333333333333333
blessing-derail,5,1,6,0.16666666666666666
have-today,1,1,2,0.5
disease-to,2,6,8,0.75
dont-there,1,1,2,0.5
#forever-up,2,1,3,0.3333333333333333
drought:-the,1,2,3,0.6666666666666666
blizzard-i,4,1,5,0.2
fedex-stop,1,5,6,0.8333333333333334
don't-them,5,3,8,0.375
also-with,2,1,3,0.3333333333333333
a-structural,9,16,25,0.64
me-she,2,3,5,0.6
#news-injured,1,1,2,0.5
it's-never,4,3,7,0.42857142857142855
a-extremely,3,1,4,0.25
body-http://t.co/zujwuiomb3,3,1,4,0.25
and-face,14,3,17,0.17647058823529413
board-ha,2,1,3,0.3333333333333333
came-some,1,1,2,0.5
#womens-faux,5,1,6,0.16666666666666666
being-if,2,1,3,0.3333333333333333
lot-what's,1,1,2,0.5
drone-of,1,4,5,0.8
after-last,2,8,10,0.8
on-update:,1,5,6,0.8333333333333334
during-last,1,1,2,0.5
can't-may,1,1,2,0.5
poor-so,2,1,3,0.3333333333333333
horror;-idp,1,4,5,0.8
for-rest,2,2,4,0.5
of-yet,3,2,5,0.4
bash-to,3,2,5,0.4
ima-right,1,1,2,0.5
of-w/heavenly,5,1,6,0.16666666666666666
her-look,4,6,10,0.6
but-mention,1,1,2,0.5
service-work,2,2,4,0.5
heart-next,2,1,3,0.3333333333333333
change.-god,2,1,3,0.3333333333333333
careless-it,2,2,4,0.5
funtenna:-wave,12,5,17,0.29411764705882354
#pdx911-[portland,1,1,2,0.5
at-co,2,1,3,0.3333333333333333
meat-loving-the,10,2,12,0.16666666666666666
for-hazardous,2,6,8,0.75
de-this,1,1,2,0.5
charles-in,1,1,2,0.5
but-some,9,3,12,0.25
in-nuclear,4,20,24,0.8333333333333334
--displaced,1,5,6,0.8333333333333334
collided-he,3,1,4,0.25
got-wa,7,6,13,0.46153846153846156
almost-i,12,2,14,0.14285714285714285
going-into,4,1,5,0.2
&amp;-she,7,1,8,0.125
failure-the,5,11,16,0.6875
only-person,1,1,2,0.5
to-youth,1,1,2,0.5
and-best.,1,1,2,0.5
crash-video,1,3,4,0.75
being-fear,2,1,3,0.3333333333333333
coach-field.,1,1,2,0.5
everyone-of,8,5,13,0.38461538461538464
be-inundated,6,1,7,0.14285714285714285
the-zone.,1,2,3,0.6666666666666666
diamond-that,1,1,2,0.5
also-is,2,3,5,0.6
the-with,218,100,318,0.31446540880503143
by-time,2,3,5,0.6
a-news:,1,2,3,0.6666666666666666
battle-occurred,8,1,9,0.1111111111111111
make-the,47,11,58,0.1896551724137931
own-your,10,3,13,0.23076923076923078
--whistle,1,1,2,0.5
12-home,1,1,2,0.5
looking-to,6,1,7,0.14285714285714285
a-spider,3,1,4,0.25
after-unsafe,1,2,3,0.6666666666666666
blanket-kit,1,1,2,0.5
#photo-#tree,1,1,2,0.5
hijack-virgil,1,2,3,0.6666666666666666
actually-so,1,1,2,0.5
@-the,8,1,9,0.1111111111111111
get-u.,1,1,2,0.5
--gateau,1,1,2,0.5
me-thunder,1,1,2,0.5
burning-last,2,2,4,0.5
he-told,5,1,6,0.16666666666666666
have-mine,1,1,2,0.5
if-this,12,7,19,0.3684210526315789
had-year,3,1,4,0.25
all-this,22,8,30,0.26666666666666666
made-of,9,5,14,0.35714285714285715
or-take,5,1,6,0.16666666666666666
deadly-to,1,4,5,0.8
and-public,2,2,4,0.5
offer-to,4,1,5,0.2
and-mad,2,1,3,0.3333333333333333
disappearance-the,1,2,3,0.6666666666666666
or-while,1,1,2,0.5
defense-the,3,2,5,0.4
burning-etc,1,2,3,0.6666666666666666
burning-ha,1,2,3,0.6666666666666666
follow-her,1,1,2,0.5
state-that,1,2,3,0.6666666666666666
and-lightening,3,2,5,0.4
anyone-like,2,1,3,0.3333333333333333
emergency-fund,1,1,2,0.5
it-keep,8,2,10,0.2
die-the,6,1,7,0.14285714285714285
if-plan,2,1,3,0.3333333333333333
sideline-sub,3,2,5,0.4
always-fire,2,1,3,0.3333333333333333
do-we,9,2,11,0.18181818181818182
box-one,1,1,2,0.5
building-save,2,2,4,0.5
.-in,2,2,4,0.5
still-water,2,1,3,0.3333333333333333
off-scared,1,1,2,0.5
destroyed-with,10,2,12,0.16666666666666666
tree-you,2,1,3,0.3333333333333333
so-up,16,2,18,0.1111111111111111
for-operation,1,1,2,0.5
car-her,2,1,3,0.3333333333333333
is-know,18,7,25,0.28
begin-on,2,14,16,0.875
in-should,13,5,18,0.2777777777777778
half-is,8,4,12,0.3333333333333333
detonation-fashionable,2,1,3,0.3333333333333333
natural-on,1,4,5,0.8
#directioners-http://t.co/encmhz6y34,5,1,6,0.16666666666666666
be-great,3,1,4,0.25
baby-without,8,4,12,0.3333333333333333
here-out,4,6,10,0.6
or-ur,1,1,2,0.5
do-ha,9,2,11,0.18181818181818182
china-news,1,1,2,0.5
abused+desolate&amp;lost-follow,1,1,2,0.5
first-year,3,4,7,0.5714285714285714
how-naved,1,1,2,0.5
say-under,1,7,8,0.875
don't-work,4,2,6,0.3333333333333333
on-really,3,3,6,0.5
pulling-the,1,1,2,0.5
demolish-illegal,4,1,5,0.2
are-very,2,1,3,0.3333333333333333
about-no,3,1,4,0.25
for-violent,1,2,3,0.6666666666666666
left-when,1,1,2,0.5
make-one,3,1,4,0.25
building-via,1,3,4,0.75
ha-today,1,1,2,0.5
mercury-moulding,1,1,2,0.5
by-make,3,2,5,0.4
older-were,1,1,2,0.5
--weapon,10,1,11,0.09090909090909091
certain-with,1,1,2,0.5
are-would,7,3,10,0.3
@potus-the,3,4,7,0.5714285714285714
collapse-i,5,4,9,0.4444444444444444
him-not,3,1,4,0.25
insurance-you,1,1,2,0.5
going-no,3,1,4,0.25
00:52:25-utc2015-08-05,1,1,2,0.5
(peace-by,4,2,6,0.3333333333333333
about-murderer,1,3,4,0.75
are-parent,2,1,3,0.3333333333333333
of-senior,1,4,5,0.8
movie-of,6,3,9,0.3333333333333333
an-no,4,1,5,0.2
at-office,2,1,3,0.3333333333333333
#handbag-lady,5,1,6,0.16666666666666666
murder.-to,1,1,2,0.5
by-seen,2,1,3,0.3333333333333333
and-tragedy,1,1,2,0.5
on-serious,1,2,3,0.6666666666666666
are-concerned,1,2,3,0.6666666666666666
but-massacre,1,1,2,0.5
been-hasn't,1,3,4,0.75
knew-wa,3,1,4,0.25
up-week,1,1,2,0.5
http://t.co/jlzk2hdetg-rt,1,1,2,0.5
destruction-for,3,5,8,0.625
him-that,6,2,8,0.25
to-won't,6,1,7,0.14285714285714285
and-both,7,5,12,0.4166666666666667
inside-when,1,1,2,0.5
and-im,9,2,11,0.18181818181818182
mod-via,2,1,3,0.3333333333333333
direction-http://t.co/q2eblokeve,5,1,6,0.16666666666666666
exploded-she,2,1,3,0.3333333333333333
feeling-is,2,1,3,0.3333333333333333
a-phoenix,1,2,3,0.6666666666666666
hearing-to,1,3,4,0.75
a-cant,6,2,8,0.25
#allah-surah,2,1,3,0.3333333333333333
know-some,1,1,2,0.5
no-video,1,1,2,0.5
in-until,7,5,12,0.4166666666666667
fighting-on,1,2,3,0.6666666666666666
army-by,3,1,4,0.25
and-bush,1,2,3,0.6666666666666666
5-for,14,7,21,0.3333333333333333
a-war,33,27,60,0.45
and-information,5,1,6,0.16666666666666666
@-a,2,3,5,0.6
medium-the,8,13,21,0.6190476190476191
2-by,12,4,16,0.25
death.-the,1,2,3,0.6666666666666666
how-used,5,1,6,0.16666666666666666
did-would,1,1,2,0.5
$300000-cyclist,1,2,3,0.6666666666666666
fucking-up,1,1,2,0.5
heat-up.,1,1,2,0.5
to-weapon,10,12,22,0.5454545454545454
of-wedding,2,2,4,0.5
realize-to,1,1,2,0.5
--top,2,2,4,0.5
of-surah,4,2,6,0.3333333333333333
up-white,1,1,2,0.5
i-took,3,1,4,0.25
@corleonedaboss-it,3,1,4,0.25
donûªt-it,7,4,11,0.36363636363636365
giving-if,5,2,7,0.2857142857142857
do-play,3,1,4,0.25
by-joe,2,1,3,0.3333333333333333
by-yourself,7,2,9,0.2222222222222222
so-song,2,1,3,0.3333333333333333
just-twice,1,1,2,0.5
hell-on,1,1,2,0.5
cree-curved,6,1,7,0.14285714285714285
...-no,2,4,6,0.6666666666666666
one-u,3,2,5,0.4
ok.-the,1,1,2,0.5
that's-the,20,12,32,0.375
4-see,1,1,2,0.5
annihilation-park,5,3,8,0.375
picked!-you,2,1,3,0.3333333333333333
emergency-in,18,23,41,0.5609756097560976
act-of,6,5,11,0.45454545454545453
caused-that,1,5,6,0.8333333333333334
jedi-star,1,1,2,0.5
board-of,3,5,8,0.625
self-image?-the,9,2,11,0.18181818181818182
phone-whole,4,3,7,0.42857142857142855
bomb-have,1,2,3,0.6666666666666666
i-then,18,7,25,0.28
#insurance-change,1,1,2,0.5
for-kill,4,2,6,0.3333333333333333
a-damaged,1,2,3,0.6666666666666666
hi-the,8,3,11,0.2727272727272727
emergency-just,1,1,2,0.5
apocalyptic-of,2,2,4,0.5
most-survivor,1,1,2,0.5
in-play,3,1,4,0.25
service-u.s,5,3,8,0.375
man-own,2,1,3,0.3333333333333333
a-remains,1,1,2,0.5
can-destroyed,1,1,2,0.5
no-two,3,2,5,0.4
only-prevent,1,1,2,0.5
doesn't-for,2,3,5,0.6
my-well,5,2,7,0.2857142857142857
every-we,2,2,4,0.5
collided-who,1,3,4,0.75
disaster-in,5,21,26,0.8076923076923077
&amp;-there,3,2,5,0.4
17-a,3,6,9,0.6666666666666666
my-open,2,1,3,0.3333333333333333
a-feeling,9,3,12,0.25
but-get,15,5,20,0.25
cree-mining,3,1,4,0.25
bare-with,1,1,2,0.5
been-down,3,1,4,0.25
lightning-strike,2,4,6,0.6666666666666666
in-tidal,2,1,3,0.3333333333333333
chest/torso-wound,2,2,4,0.5
a-seek,2,6,8,0.75
he-him.,2,1,3,0.3333333333333333
ha-past,2,1,3,0.3333333333333333
germ-longer,6,11,17,0.6470588235294118
call-help,1,1,2,0.5
deserves-your,1,1,2,0.5
and-blew,7,1,8,0.125
home-view,1,1,2,0.5
face-on,8,1,9,0.1111111111111111
doing-you,6,1,7,0.14285714285714285
hazardous-issue,1,7,8,0.875
is-lion,1,1,2,0.5
p.o.p.e.-to,1,1,2,0.5
child-her,5,2,7,0.2857142857142857
see-we,5,1,6,0.16666666666666666
building-fight,1,1,2,0.5
salt-via,5,4,9,0.4444444444444444
died-he,1,1,2,0.5
medium-on,1,1,2,0.5
going-should,1,1,2,0.5
have-tornado,1,2,3,0.6666666666666666
even-state,1,1,2,0.5
injury-we,5,1,6,0.16666666666666666
by-that's,2,2,4,0.5
our-over,2,1,3,0.3333333333333333
can-for,14,9,23,0.391304347826087
agree-i,6,2,8,0.25
school-year,5,1,6,0.16666666666666666
not-public,1,1,2,0.5
mess-up,1,1,2,0.5
a-photo:,5,4,9,0.4444444444444444
rain-when,1,2,3,0.6666666666666666
enough-long,1,1,2,0.5
are-on,17,32,49,0.6530612244897959
are-yours,8,1,9,0.1111111111111111
along-fire,1,5,6,0.8333333333333334
were-will,1,1,2,0.5
girl-mountain,1,2,3,0.6666666666666666
gonna-whole,1,1,2,0.5
in-into,19,24,43,0.5581395348837209
an-may,1,1,2,0.5
info-on,2,1,3,0.3333333333333333
i-via,2,2,4,0.5
after-false,1,4,5,0.8
right-said,1,2,3,0.6666666666666666
bare-in,1,1,2,0.5
?-from,1,1,2,0.5
bridge-if,1,2,3,0.6666666666666666
#pantherattack-red,3,2,5,0.4
morning-to,2,4,6,0.6666666666666666
is-islam,2,2,4,0.5
to-windstorm,8,2,10,0.2
bayelsa-by,4,2,6,0.3333333333333333
and-every,11,1,12,0.08333333333333333
he's-up,3,1,4,0.25
before-one,1,1,2,0.5
having-when,1,1,2,0.5
a-jacksonville,2,1,3,0.3333333333333333
her-to,43,4,47,0.0851063829787234
new-one,3,1,4,0.25
at-of,50,76,126,0.6031746031746031
live-what,1,2,3,0.6666666666666666
called-he,2,1,3,0.3333333333333333
an-going,2,1,3,0.3333333333333333
just-might,2,1,3,0.3333333333333333
building.-to,1,1,2,0.5
mine-of,1,1,2,0.5
actually-death,1,1,2,0.5
info/order-new,1,1,2,0.5
going?-your,1,1,2,0.5
hijack-lady,2,2,4,0.5
a-meet,1,3,4,0.75
for-man,7,5,12,0.4166666666666667
friend-you,8,1,9,0.1111111111111111
an-possible,1,2,3,0.6666666666666666
one-wound,1,2,3,0.6666666666666666
how-twitter,2,2,4,0.5
desolation.-sun.,1,1,2,0.5
accident-get,1,1,2,0.5
are-for,17,36,53,0.6792452830188679
loop-spring,1,4,5,0.8
that-there,25,12,37,0.32432432432432434
he-|,5,1,6,0.16666666666666666
out-you,27,3,30,0.1
time.-whole,1,1,2,0.5
that-to,132,52,184,0.2826086956521739
horrible-many,15,2,17,0.11764705882352941
a-agree,4,2,6,0.3333333333333333
2015-august,2,7,9,0.7777777777777778
--old,2,1,3,0.3333333333333333
flame-full,3,1,4,0.25
first-my,6,4,10,0.4
ferguson's-year,2,1,3,0.3333333333333333
profile-to,2,1,3,0.3333333333333333
decision-the,4,4,8,0.5
because-everyone,2,3,5,0.6
in-melt,1,1,2,0.5
in-motor,1,1,2,0.5
people;-refugees;,1,4,5,0.8
out-so,12,5,17,0.29411764705882354
equal-terrorism!,1,1,2,0.5
all-smoke,5,1,6,0.16666666666666666
counter-to,1,1,2,0.5
evacuation-for,1,15,16,0.9375
health.-to,1,1,2,0.5
and-turned,8,2,10,0.2
explosion:-the,1,1,2,0.5
can't-some,2,2,4,0.5
father-the,3,3,6,0.5
military-service,1,1,2,0.5
got-say,3,1,4,0.25
think-you,10,4,14,0.2857142857142857
a-their,27,12,39,0.3076923076923077
a-description,2,1,3,0.3333333333333333
a-st,2,2,4,0.5
being-truck,1,4,5,0.8
almost-crashed,1,2,3,0.6666666666666666
is-lesbian,1,1,2,0.5
calling-is,1,3,4,0.75
having-in,4,2,6,0.3333333333333333
time2015-08-05-utc2015-08-05,1,3,4,0.75
first-responder,15,12,27,0.4444444444444444
never-when,3,2,5,0.4
fuck-that,1,1,2,0.5
security-that,1,4,5,0.8
and-effort,1,1,2,0.5
#360wisenews-stock,2,2,4,0.5
relief-stealing,2,1,3,0.3333333333333333
in-spring,3,1,4,0.25
after-stopped,1,1,2,0.5
mass-such,1,1,2,0.5
socialism-tried.,2,1,3,0.3333333333333333
innocent-their,1,1,2,0.5
ima-this,1,1,2,0.5
come-the,27,11,38,0.2894736842105263
2.1a-lightning,1,1,2,0.5
fall-sir,1,1,2,0.5
shouting-to,2,2,4,0.5
explain-to,2,1,3,0.3333333333333333
shooting-the,3,8,11,0.7272727272727273
hit-out,1,1,2,0.5
battle-fleet,8,1,9,0.1111111111111111
derailed-ha,1,3,4,0.75
doe-it,9,5,14,0.35714285714285715
a-too,16,6,22,0.2727272727272727
sparked-stock,4,1,5,0.2
inner-spring,1,4,5,0.8
give-i,2,2,4,0.5
#strategicpatience-horror;,1,4,5,0.8
me-top,1,1,2,0.5
president-to,1,5,6,0.8333333333333334
crystal-strike,1,1,2,0.5
date-half,4,2,6,0.3333333333333333
--fog,6,1,7,0.14285714285714285
it-possible,1,3,4,0.75
of-research,4,3,7,0.42857142857142855
is-stay,1,4,5,0.8
is-la,1,14,15,0.9333333333333333
u-way,5,1,6,0.16666666666666666
agree-u,2,1,3,0.3333333333333333
show-started,2,1,3,0.3333333333333333
disaster-your,3,3,6,0.5
are-structural,1,1,2,0.5
it's-stand,8,1,9,0.1111111111111111
of-order,14,9,23,0.391304347826087
away.-in,2,1,3,0.3333333333333333
do-let's,3,1,4,0.25
--http://t.co/9nwajli9cr,1,1,2,0.5
tested-wa,1,1,2,0.5
make-still,1,3,4,0.75
that-would,22,5,27,0.18518518518518517
no-outside,1,1,2,0.5
hit-this,4,2,6,0.3333333333333333
madinah.-peace,4,2,6,0.3333333333333333
not-|,10,3,13,0.23076923076923078
madinah.-wa,4,2,6,0.3333333333333333
for-move,4,5,9,0.5555555555555556
been-this,25,10,35,0.2857142857142857
#1-the,3,3,6,0.5
one-other,2,1,3,0.3333333333333333
bake-great,1,1,2,0.5
on-turned,3,1,4,0.25
fedex-longer,11,15,26,0.5769230769230769
child-when,1,1,2,0.5
or-rain,2,1,3,0.3333333333333333
--time2015-08-06,1,9,10,0.9
all-not,11,6,17,0.35294117647058826
and-watch,3,1,4,0.25
building-city,2,1,3,0.3333333333333333
apocalypse-zombie,4,1,5,0.2
doe-your,3,1,4,0.25
flooding-in,1,13,14,0.9285714285714286
be-inferno,1,1,2,0.5
the-used,21,4,25,0.16
end-one,1,1,2,0.5
a-af,2,1,3,0.3333333333333333
????????-u,1,1,2,0.5
now.-you,2,1,3,0.3333333333333333
found-man,1,1,2,0.5
...-ash,1,1,2,0.5
their-them,7,1,8,0.125
flight-to,1,3,4,0.75
destruction-total,1,1,2,0.5
in-woman,15,14,29,0.4827586206896552
how-stupid,1,1,2,0.5
disaster-to,9,19,28,0.6785714285714286
been-no,5,5,10,0.5
people-thing,1,2,3,0.6666666666666666
get-please,1,1,2,0.5
carry-out,1,1,2,0.5
any-wa,1,1,2,0.5
cliff.-fall,3,1,4,0.25
on-wanna,5,1,6,0.16666666666666666
and-though,4,1,5,0.2
#radio--,2,1,3,0.3333333333333333
life-the,27,28,55,0.509090909090909
see-up.,2,1,3,0.3333333333333333
largest-the,5,4,9,0.4444444444444444
could-for,5,9,14,0.6428571428571429
at-were,3,13,16,0.8125
find-your,2,1,3,0.3333333333333333
due-your,1,1,2,0.5
and-blood,10,5,15,0.3333333333333333
get-whirlwind,2,1,3,0.3333333333333333
like-mean,1,4,5,0.8
tell-u,1,3,4,0.75
end-this,3,2,5,0.4
direction-for,7,1,8,0.125
that-wound,7,3,10,0.3
never-this,1,2,3,0.6666666666666666
in-u,16,20,36,0.5555555555555556
the-totally,3,3,6,0.5
3-on,2,1,3,0.3333333333333333
obliterate-planned,3,1,4,0.25
down-when,3,3,6,0.5
horse-rt,1,1,2,0.5
of-that.,3,3,6,0.5
4x4-work,6,1,7,0.14285714285714285
a-attacked,4,8,12,0.6666666666666666
if-some,2,3,5,0.6
anything-in,3,2,5,0.4
in-natural,2,5,7,0.7142857142857143
#prebreak-in,3,21,24,0.875
bang-the,8,1,9,0.1111111111111111
21:1023-enormous,1,1,2,0.5
4wd-mining,3,1,4,0.25
people-too,1,1,2,0.5
in-n,4,1,5,0.2
for-wa,19,9,28,0.32142857142857145
&amp;-ever,3,3,6,0.5
but-rioting,1,4,5,0.8
#ashes-at,1,1,2,0.5
if-then,12,6,18,0.3333333333333333
social-that,1,1,2,0.5
by-like,6,4,10,0.4
my-never,9,1,10,0.1
and-suspect,2,2,4,0.5
even-of,10,5,15,0.3333333333333333
extremely-to,1,1,2,0.5
me-weapon,4,1,5,0.2
bayelsa-in,6,9,15,0.6
into-is,10,3,13,0.23076923076923078
room-were,1,1,2,0.5
seems-the,2,4,6,0.6666666666666666
can-emergency,4,1,5,0.2
me-new,1,1,2,0.5
body-nigga,2,2,4,0.5
'the-a,5,10,15,0.6666666666666666
case-to,2,3,5,0.6
be-some,5,4,9,0.4444444444444444
for-risk,1,2,3,0.6666666666666666
#gilbert23-https://t.co/e8dl1lncvu,2,1,3,0.3333333333333333
attack.-for,2,1,3,0.3333333333333333
#handbag-new,5,1,6,0.16666666666666666
murder.-need,1,1,2,0.5
in-me,45,16,61,0.26229508196721313
catastrophic-of,2,17,19,0.8947368421052632
&amp;-north,2,2,4,0.5
https://t.co/e8dl1lncvu-will,2,1,3,0.3333333333333333
a-injury,20,6,26,0.23076923076923078
full-the,17,1,18,0.05555555555555555
broken-the,3,1,4,0.25
military-supreme,2,2,4,0.5
back-fighting,2,1,3,0.3333333333333333
came-war,5,2,7,0.2857142857142857
from-recover,1,2,3,0.6666666666666666
led-work,13,2,15,0.13333333333333333
got-only,3,2,5,0.4
fergusonûªs-upheaval,1,1,2,0.5
from-song,5,1,6,0.16666666666666666
:-rt,2,2,4,0.5
govt-u,1,1,2,0.5
...-of,4,29,33,0.8787878787878788
can't-get,3,3,6,0.5
america-god,2,1,3,0.3333333333333333
a-scott,1,1,2,0.5
anyone-know,3,1,4,0.25
is-own,2,1,3,0.3333333333333333
i-you.,8,3,11,0.2727272727272727
a-yourself,7,2,9,0.2222222222222222
#world-and,1,2,3,0.6666666666666666
girl-she,1,2,3,0.6666666666666666
at-collapse,3,10,13,0.7692307692307693
came-seen,1,1,2,0.5
for-riot,2,1,3,0.3333333333333333
ablaze-wa,4,3,7,0.42857142857142855
gonna-year,2,1,3,0.3333333333333333
care-injury,1,3,4,0.75
arson-gay,5,1,6,0.16666666666666666
it-too.,1,1,2,0.5
ha-made,1,1,2,0.5
sky-to,7,2,9,0.2222222222222222
bomb-this,2,4,6,0.6666666666666666
are-kinda,2,1,3,0.3333333333333333
i'm-survived,2,1,3,0.3333333333333333
??-like,12,2,14,0.14285714285714285
about-leave,1,1,2,0.5
scary-when,1,1,2,0.5
notice-victim,1,4,5,0.8
and-space,2,1,3,0.3333333333333333
--work,12,3,15,0.2
collapsed-dorret's,1,1,2,0.5
&amp;-by,10,9,19,0.47368421052631576
im-my,10,5,15,0.3333333333333333
from-many,1,1,2,0.5
don't-realize,1,1,2,0.5
kit-torch,1,1,2,0.5
+-murder?,1,1,2,0.5
car-good,1,1,2,0.5
mass-sick,1,1,2,0.5
my-were,3,1,4,0.25
forever-i,2,1,3,0.3333333333333333
and-made,19,2,21,0.09523809523809523
at-atomic,1,3,4,0.75
my-toronto,1,1,2,0.5
dude-up,2,2,4,0.5
camp-to,4,2,6,0.3333333333333333
hosting-is,1,1,2,0.5
doesn't-is,5,2,7,0.2857142857142857
appears-of,14,3,17,0.17647058823529413
because-life,2,1,3,0.3333333333333333
an-make,2,1,3,0.3333333333333333
??-really,6,1,7,0.14285714285714285
#rioting-#undergroundrailraod,1,1,2,0.5
and-this,74,32,106,0.3018867924528302
do.-in,1,1,2,0.5
lol-some,2,3,5,0.6
u-year,1,1,2,0.5
getting-going,3,1,4,0.25
evacuate-fire,1,7,8,0.875
for-win,3,1,4,0.25
by-suicide,1,7,8,0.875
dad-her,1,4,5,0.8
lil-that,1,1,2,0.5
bb4sp-parenthood,2,1,3,0.3333333333333333
$300000-greenway,1,1,2,0.5
lawton-world,1,1,2,0.5
a-western,4,1,5,0.2
been-horrible,8,6,14,0.42857142857142855
drowning-your,1,1,2,0.5
pandemonium-woman,8,4,12,0.3333333333333333
in-rubble?,5,6,11,0.5454545454545454
help!-we,1,1,2,0.5
live-saw,1,12,13,0.9230769230769231
inside-living,1,1,2,0.5
not-work,3,2,5,0.4
into-would,3,2,5,0.4
great-until,1,1,2,0.5
if-ur,1,1,2,0.5
#???????-in,1,1,2,0.5
2-your,3,1,4,0.25
pathogen-wake,2,1,3,0.3333333333333333
bomb-i'm,4,1,5,0.2
#business-now,1,1,2,0.5
do-would,3,3,6,0.5
attack-over,1,2,3,0.6666666666666666
illegal-international,4,1,5,0.2
i'm-set,1,1,2,0.5
in-nyc,1,2,3,0.6666666666666666
of-sea,1,3,4,0.75
of-survivor,4,11,15,0.7333333333333333
at-worst,1,1,2,0.5
day-open,1,1,2,0.5
movie-the,12,5,17,0.29411764705882354
need-out,4,1,5,0.2
the-town,4,5,9,0.5555555555555556
by-other,1,4,5,0.8
????-check,1,1,2,0.5
use-wa,1,1,2,0.5
attack-blessing,5,1,6,0.16666666666666666
pay'-shape,7,1,8,0.125
fuel-is,1,2,3,0.6666666666666666
maker-the,2,2,4,0.5
in-open,3,6,9,0.6666666666666666
#pantherattack-@youngheroesid,3,2,5,0.4
apollo-ûò,2,1,3,0.3333333333333333
&amp;-destiny,5,1,6,0.16666666666666666
first-wa,7,8,15,0.5333333333333333
it-ship,2,1,3,0.3333333333333333
but-how,4,3,7,0.42857142857142855
notice-stir,1,4,5,0.8
are-well,2,1,3,0.3333333333333333
mean-you,10,4,14,0.2857142857142857
me-wa,14,6,20,0.3
:(-that,1,1,2,0.5
gunshot-is,2,2,4,0.5
disaster-natural,12,15,27,0.5555555555555556
car-look,2,1,3,0.3333333333333333
can't-it.,4,2,6,0.3333333333333333
in-subject,1,1,2,0.5
at-church,1,2,3,0.6666666666666666
come-down,1,2,3,0.6666666666666666
ha-until,1,2,3,0.6666666666666666
one-time,4,4,8,0.5
anymore.-what,1,1,2,0.5
owner-whipped,2,1,3,0.3333333333333333
??-forest,1,1,2,0.5
i'll-where,1,1,2,0.5
it-need,7,4,11,0.36363636363636365
4x4-fog,6,1,7,0.14285714285714285
or-whether,2,1,3,0.3333333333333333
it-though,2,1,3,0.3333333333333333
southampton-swansea,1,2,3,0.6666666666666666
get-then,5,1,6,0.16666666666666666
and-rain.,1,1,2,0.5
in-langley,1,2,3,0.6666666666666666
name-to,8,3,11,0.2727272727272727
1980-to,1,8,9,0.8888888888888888
is-reason,7,3,10,0.3
but-good,5,2,7,0.2857142857142857
the-would,59,33,92,0.358695652173913
came-i,9,3,12,0.25
into-plane,1,2,3,0.6666666666666666
fan-http://t.co/encmhz6y34,5,1,6,0.16666666666666666
dead-up,1,1,2,0.5
--seismic,3,1,4,0.25
&amp;-playing,2,1,3,0.3333333333333333
a-internally,1,4,5,0.8
just-tell,1,1,2,0.5
??-someone,3,1,4,0.25
a-concept,1,2,3,0.6666666666666666
building-they,5,6,11,0.5454545454545454
??-he,7,1,8,0.125
12-my,2,1,3,0.3333333333333333
two-u,1,1,2,0.5
on-via,12,9,21,0.42857142857142855
night-thursday,1,1,2,0.5
(hwo)-hazardous,1,7,8,0.875
a-pdp:,1,1,2,0.5
and-else,2,2,4,0.5
seismic-somalia,1,1,2,0.5
car-to,9,14,23,0.6086956521739131
know-next,1,2,3,0.6666666666666666
i-sometimes,1,3,4,0.75
them!-we,2,1,3,0.3333333333333333
much-or,1,1,2,0.5
to-women.,1,1,2,0.5
but-story,1,2,3,0.6666666666666666
computer-hat,12,5,17,0.29411764705882354
are-pundit,1,1,2,0.5
all-new,5,1,6,0.16666666666666666
13-in,4,2,6,0.3333333333333333
hunt...-sparked,1,1,2,0.5
&amp;-join,1,1,2,0.5
game-the,31,6,37,0.16216216216216217
bigger-the,1,1,2,0.5
at-can,4,3,7,0.42857142857142855
name-so,3,1,4,0.25
#hot-content,4,1,5,0.2
fire-meet,1,1,2,0.5
a-cable,2,2,4,0.5
about-get,7,1,8,0.125
fraction-our,1,1,2,0.5
cree-full,12,3,15,0.2
people-right,1,1,2,0.5
armageddon?-is,3,1,4,0.25
natural-when,2,5,7,0.7142857142857143
in-windstorm,3,2,5,0.4
mac-of,2,1,3,0.3333333333333333
blood-is,5,1,6,0.16666666666666666
bioterrorism-to,2,5,7,0.7142857142857143
wa-will,2,1,3,0.3333333333333333
disaster-last,1,1,2,0.5
emergency-emergency...,1,1,2,0.5
is-wound,9,4,13,0.3076923076923077
low-my,1,1,2,0.5
a-person,20,4,24,0.16666666666666666
any-what's,1,1,2,0.5
cinema-following,1,4,5,0.8
angel-of,4,1,5,0.2
and-done.,1,1,2,0.5
a-stop,11,2,13,0.15384615384615385
get-thing,1,1,2,0.5
heard-you,1,2,3,0.6666666666666666
girl-hunk,1,2,3,0.6666666666666666
an-took,1,2,3,0.6666666666666666
it's-pay',8,1,9,0.1111111111111111
--could,5,4,9,0.4444444444444444
shut-the,3,2,5,0.4
been-literally,1,1,2,0.5
a-hasn't,3,3,6,0.5
don't-it,14,7,21,0.3333333333333333
doe-only,1,1,2,0.5
21:1023-spirit,1,1,2,0.5
everyone-with,1,1,2,0.5
by-should,2,1,3,0.3333333333333333
make-on,9,4,13,0.3076923076923077
collapsed-her,1,2,3,0.6666666666666666
by-he's,1,1,2,0.5
need-them!,2,1,3,0.3333333333333333
letûªs-or,3,1,4,0.25
flag-not,3,1,4,0.25
it-wrecked,1,1,2,0.5
still-tho,1,1,2,0.5
#jonathanferrell-chest/torso,1,1,2,0.5
be-turn,1,1,2,0.5
it-shooting,1,2,3,0.6666666666666666
an-your,11,3,14,0.21428571428571427
blanket-torch,1,1,2,0.5
after-at,6,27,33,0.8181818181818182
back-down,1,2,3,0.6666666666666666
can't-have,8,2,10,0.2
mile-to,1,7,8,0.875
given-to,3,3,6,0.5
:)-be,3,1,4,0.25
end-the,17,13,30,0.43333333333333335
down-some,4,1,5,0.2
#ashes-collapse,1,1,2,0.5
demolition-the,6,4,10,0.4
building-that,4,5,9,0.5555555555555556
of-vehicle,4,2,6,0.3333333333333333
flash-of,1,6,7,0.8571428571428571
chance-is,3,2,5,0.4
abandoned-evacuation,1,5,6,0.8333333333333334
from-home,3,3,6,0.5
car-cree,3,1,4,0.25
i-off,25,14,39,0.358974358974359
breaking-i,13,3,16,0.1875
according-from,2,1,3,0.3333333333333333
few-heard,1,1,2,0.5
car-reaû_,3,1,4,0.25
--newlywed,3,1,4,0.25
could-fall,3,1,4,0.25
is-out,20,9,29,0.3103448275862069
by-then,1,2,3,0.6666666666666666
he-know,5,1,6,0.16666666666666666
about-ha,6,2,8,0.25
7-destroyed,1,1,2,0.5
abuse-of,1,1,2,0.5
elizabeth-of,1,1,2,0.5
from-shut,1,1,2,0.5
4-about,1,1,2,0.5
and-flew,1,1,2,0.5
life-than,1,1,2,0.5
#???????--,1,1,2,0.5
is-set,4,1,5,0.2
at-i,55,14,69,0.2028985507246377
emergency-know,3,1,4,0.25
game-i,16,3,19,0.15789473684210525
fuel-in,1,2,3,0.6666666666666666
to-track,1,2,3,0.6666666666666666
have-someone,4,2,6,0.3333333333333333
on-wa,28,29,57,0.5087719298245614
harm-know,1,4,5,0.8
idps:-wom...,2,1,3,0.3333333333333333
being-how,2,2,4,0.5
in-quarantine,2,3,5,0.6
hazardous-olap,1,2,3,0.6666666666666666
nearby.-unconfirmed!,13,3,16,0.1875
an-family,3,4,7,0.5714285714285714
can-love,3,2,5,0.4
for-sense,1,1,2,0.5
safety-to,1,5,6,0.8333333333333334
god-on,6,1,7,0.14285714285714285
longer-transport,9,12,21,0.5714285714285714
by-we're,2,1,3,0.3333333333333333
big-in,4,3,7,0.42857142857142855
hold-of,1,2,3,0.6666666666666666
@jamesmelville-of,2,1,3,0.3333333333333333
missing-new,1,1,2,0.5
way-will,1,1,2,0.5
j.-joe,1,1,2,0.5
cold-to,4,2,6,0.3333333333333333
go-more,1,1,2,0.5
said-to,8,9,17,0.5294117647058824
building-but,6,3,9,0.3333333333333333
at-reminds,1,1,2,0.5
caused-out,2,1,3,0.3333333333333333
blue-to,5,2,7,0.2857142857142857
feminist-ha,4,1,5,0.2
help-on,4,2,6,0.3333333333333333
delivers-pandemonium,8,4,12,0.3333333333333333
a-week,13,16,29,0.5517241379310345
a-soul,13,1,14,0.07142857142857142
flattened-the,11,3,14,0.21428571428571427
people-tough,1,1,2,0.5
got-of,14,6,20,0.3
--6,4,7,11,0.6363636363636364
arsenal-be,1,1,2,0.5
are-war,2,3,5,0.6
?-you,5,1,6,0.16666666666666666
just-lol,1,1,2,0.5
drowning-pool,1,1,2,0.5
at-have,12,8,20,0.4
300w-offroad,6,1,7,0.14285714285714285
a-rescue,6,10,16,0.625
--worse,2,1,3,0.3333333333333333
act-keep,2,1,3,0.3333333333333333
drowning-the,11,1,12,0.08333333333333333
a-past,2,4,6,0.6666666666666666
if-make,4,5,9,0.5555555555555556
a-annual,1,2,3,0.6666666666666666
but-who,7,4,11,0.36363636363636365
cop-just,2,1,3,0.3333333333333333
listen-on,2,1,3,0.3333333333333333
of-w/,5,1,6,0.16666666666666666
more-online,1,1,2,0.5
it-remember,3,2,5,0.4
picked!-vote:,2,1,3,0.3333333333333333
#myfitnesspal-minute,1,1,2,0.5
life-some,1,1,2,0.5
#nestleindia-hazardous,1,2,3,0.6666666666666666
jedi-read,1,1,2,0.5
in-truth,1,1,2,0.5
friend-out,2,1,3,0.3333333333333333
short-work,1,1,2,0.5
and-storm,2,21,23,0.9130434782608695
danger-or,2,1,3,0.3333333333333333
peace-tribal,4,2,6,0.3333333333333333
destroyed-star,8,1,9,0.1111111111111111
had-literally,2,1,3,0.3333333333333333
being-them,1,1,2,0.5
back-to,50,17,67,0.2537313432835821
in-new,30,13,43,0.3023255813953488
no-still,2,2,4,0.5
back-which,1,2,3,0.6666666666666666
not-survive,1,1,2,0.5
became-that,1,1,2,0.5
from-landslide,1,2,3,0.6666666666666666
king-the,3,2,5,0.4
but-low,2,1,3,0.3333333333333333
him-i,22,2,24,0.08333333333333333
both-is,4,1,5,0.2
i-make,17,4,21,0.19047619047619047
a-constant,2,1,3,0.3333333333333333
i-worth,1,1,2,0.5
emotional-i,4,1,5,0.2
had-there,1,3,4,0.75
#islam-turned,4,2,6,0.3333333333333333
say-tree,1,5,6,0.8333333333333334
how-icymi,1,1,2,0.5
#treeporn-the,1,1,2,0.5
can-petition,3,1,4,0.25
an-group,3,5,8,0.625
bridge-on,2,2,4,0.5
data-the,4,1,5,0.2
donûªt-to,8,2,10,0.2
can-inside,2,1,3,0.3333333333333333
coming-oppression,3,1,4,0.25
ha-suicide,1,1,2,0.5
that-whole,4,5,9,0.5555555555555556
do-remember,1,1,2,0.5
late-too,1,2,3,0.6666666666666666
i-message,2,1,3,0.3333333333333333
police-some,3,3,6,0.5
terrorism-the,1,4,5,0.8
at-take,4,2,6,0.3333333333333333
for-my,90,10,100,0.1
getting-that,9,1,10,0.1
aim-of,1,2,3,0.6666666666666666
anthrax-wake,5,12,17,0.7058823529411765
it's-top,11,1,12,0.08333333333333333
sketch-the,1,1,2,0.5
colour-of,8,1,9,0.1111111111111111
building-pledge,1,1,2,0.5
2015-and,1,2,3,0.6666666666666666
leave-man,1,1,2,0.5
can-just,7,1,8,0.125
as-fat,1,1,2,0.5
it-rioting,1,1,2,0.5
them-want,2,1,3,0.3333333333333333
eye-in,5,3,8,0.375
--injury:i-495,1,4,5,0.8
a-last,15,19,34,0.5588235294117647
be-it,34,22,56,0.39285714285714285
is-short,1,1,2,0.5
collins-lightning,1,1,2,0.5
i-support,3,4,7,0.5714285714285714
disaster-is,3,1,4,0.25
just-spit,1,1,2,0.5
j.-lightning,1,1,2,0.5
fire-i,9,13,22,0.5909090909090909
just-some,9,4,13,0.3076923076923077
and-called,2,3,5,0.6
shit-winston,2,2,4,0.5
that's-way,1,1,2,0.5
feeling-this,7,3,10,0.3
as-wa,3,2,5,0.4
after-from,2,9,11,0.8181818181818182
head-storm,2,1,3,0.3333333333333333
than-worse,2,2,4,0.5
long-to,12,2,14,0.14285714285714285
the-though,3,2,5,0.4
and-okay,3,1,4,0.25
be-wall,1,1,2,0.5
hostage-with,1,3,4,0.75
just-though,1,1,2,0.5
dam-of,1,2,3,0.6666666666666666
half-year,1,2,3,0.6666666666666666
emergency-is,8,2,10,0.2
building-more,1,2,3,0.6666666666666666
give-twister,1,1,2,0.5
a-quickly,3,3,6,0.5
&amp;-rescue,1,2,3,0.6666666666666666
chile-released,8,1,9,0.1111111111111111
no-trying,3,1,4,0.25
been-u.s.,1,5,6,0.8333333333333334
#islam!-letûªs,1,1,2,0.5
flying-my,2,1,3,0.3333333333333333
--get,2,2,4,0.5
served-the,2,2,4,0.5
it.-of,8,3,11,0.2727272727272727
a-nude,1,1,2,0.5
--tonight,3,1,4,0.25
and-order,2,2,4,0.5
60%-census,1,1,2,0.5
scared-so,1,1,2,0.5
saw-wire,1,1,2,0.5
dangerous-in,2,1,3,0.3333333333333333
and-quite,1,3,4,0.75
weak-winston,1,1,2,0.5
#best-effect,4,1,5,0.2
--investigating,1,7,8,0.875
destiny-that,5,1,6,0.16666666666666666
owner-petition,2,1,3,0.3333333333333333
is-trunk,1,2,3,0.6666666666666666
apocalyptic-u,2,2,4,0.5
for-those,4,4,8,0.5
get-via,4,1,5,0.2
war-who,2,2,4,0.5
and-situation,1,3,4,0.75
into-soldier,1,2,3,0.6666666666666666
hard-is,3,3,6,0.5
http://t.co/jlzk2hdetg-known,1,1,2,0.5
daughter-party,1,1,2,0.5
and-wild,5,3,8,0.375
new-razed,1,1,2,0.5
starter-whistle,1,1,2,0.5
collapsed-of,3,2,5,0.4
#aoms-#bookboost,1,2,3,0.6666666666666666
a-weapon,14,10,24,0.4166666666666667
https://t.co/e8dl1lncvu-need,2,1,3,0.3333333333333333
baby-wa,2,2,4,0.5
2-had,4,2,6,0.3333333333333333
2-the,34,18,52,0.34615384615384615
a-today,14,9,23,0.391304347826087
huge-is,1,4,5,0.8
almost-had,1,1,2,0.5
plan-start,1,1,2,0.5
today.-wa,5,1,6,0.16666666666666666
d.b.-hijacker,1,1,2,0.5
of-youth,1,3,4,0.75
just-wind,13,7,20,0.35
an-only,3,3,6,0.5
#best-in,3,21,24,0.875
military-not,2,2,4,0.5
in-ûó,1,1,2,0.5
after-we,1,1,2,0.5
sex-twister,1,1,2,0.5
on-siren,2,4,6,0.6666666666666666
(peace-half,4,2,6,0.3333333333333333
but-they,18,10,28,0.35714285714285715
been-day,7,2,9,0.2222222222222222
back-so,9,1,10,0.1
&amp;-into,3,2,5,0.4
??-never,2,2,4,0.5
criminal-the,2,2,4,0.5
center-in,5,4,9,0.4444444444444444
food-the,5,8,13,0.6153846153846154
so-you're,2,1,3,0.3333333333333333
is-way,16,9,25,0.36
but-word,4,1,5,0.2
lava-my,11,2,13,0.15384615384615385
rule-to,10,5,15,0.3333333333333333
concerned-that,1,2,3,0.6666666666666666
#hot-data,12,5,17,0.29411764705882354
2015-world,1,1,2,0.5
#cnn-#god,3,4,7,0.5714285714285714
people-u,4,3,7,0.42857142857142855
and-fuck,10,2,12,0.16666666666666666
i-rocket,1,1,2,0.5
sent-that,2,1,3,0.3333333333333333
floods.-the,4,2,6,0.3333333333333333
to-v,4,1,5,0.2
least-of,3,5,8,0.625
fucking-most,1,1,2,0.5
my-war,4,1,5,0.2
mourning-stabbing,1,4,5,0.8
in-lived,1,2,3,0.6666666666666666
how-world,4,2,6,0.3333333333333333
a-bring,1,3,4,0.75
extremely-is,2,3,5,0.6
arrived-riot,2,1,3,0.3333333333333333
devastation-this,1,2,3,0.6666666666666666
five-it,1,1,2,0.5
had-this,4,4,8,0.5
&amp;-police,1,4,5,0.8
live-on,9,1,10,0.1
from-video,19,3,22,0.13636363636363635
an-island,1,1,2,0.5
on-there's,2,2,4,0.5
bagging-drake,9,1,10,0.1
and-tonight,1,1,2,0.5
became-in,1,1,2,0.5
destruction-not,1,1,2,0.5
(.90-rn,1,1,2,0.5
a-murder,4,8,12,0.6666666666666666
hearing-that,1,1,2,0.5
down-just,5,5,10,0.5
&amp;-ca,2,1,3,0.3333333333333333
could-slower,1,1,2,0.5
i'm-on,18,9,27,0.3333333333333333
i-reading,1,2,3,0.6666666666666666
'second'-death,1,1,2,0.5
death-get,1,1,2,0.5
the-trapped,4,3,7,0.42857142857142855
a-in,377,464,841,0.5517241379310345
atomic-level,1,2,3,0.6666666666666666
murder-of,2,14,16,0.875
public-to,8,1,9,0.1111111111111111
don't-feel,2,1,3,0.3333333333333333
#onlinecommunities-now,2,1,3,0.3333333333333333
jonathan-to,4,10,14,0.7142857142857143
being-with,9,1,10,0.1
about-be,12,2,14,0.14285714285714285
music-winston,1,1,2,0.5
survivor-were,1,1,2,0.5
sanctions.-the,1,2,3,0.6666666666666666
state-the,10,14,24,0.5833333333333334
--world,10,7,17,0.4117647058823529
--your,12,4,16,0.25
and...-lady,2,1,3,0.3333333333333333
--city,1,6,7,0.8571428571428571
#thanku-http://t.co/cybksxhf7d,2,1,3,0.3333333333333333
a-safe,2,1,3,0.3333333333333333
a-anyone,4,4,8,0.5
of-same,2,1,3,0.3333333333333333
more-reactor,1,1,2,0.5
breaking-from,13,4,17,0.23529411764705882
account-of,4,9,13,0.6923076923076923
gabon-to,1,1,2,0.5
a-squad,1,1,2,0.5
doesn't-new,1,1,2,0.5
like-long,3,1,4,0.25
#bookboost-#ibooklove,1,2,3,0.6666666666666666
about-on,10,6,16,0.375
a-first,17,13,30,0.43333333333333335
off-really,2,1,3,0.3333333333333333
after-va.,1,2,3,0.6666666666666666
on-secret,10,2,12,0.16666666666666666
bleeding-in,3,1,4,0.25
i'm-in,44,13,57,0.22807017543859648
for-on.,1,1,2,0.5
coming-that,2,2,4,0.5
two-year,1,2,3,0.6666666666666666
and-mass,6,15,21,0.7142857142857143
--british,1,8,9,0.8888888888888888
can't-swim,1,1,2,0.5
collection-droid,1,1,2,0.5
don't-isn't,2,1,3,0.3333333333333333
the-week,9,2,11,0.18181818181818182
be-time,6,2,8,0.25
of-older,1,2,3,0.6666666666666666
he-her,9,1,10,0.1
heartless-is,2,1,3,0.3333333333333333
lawton-lightning,1,1,2,0.5
people-these,1,2,3,0.6666666666666666
along-with,5,3,8,0.375
this-up,12,26,38,0.6842105263157895
land-specially,1,10,11,0.9090909090909091
nuclear-via,2,3,5,0.6
every-where,1,1,2,0.5
&amp;-beautiful,1,1,2,0.5
a-wreck,14,2,16,0.125
#bioterror-the,1,2,3,0.6666666666666666
had-sooo,1,1,2,0.5
ignition-standard,7,2,9,0.2222222222222222
--off's,1,1,2,0.5
(twia)-director,1,1,2,0.5
climate-of,5,1,6,0.16666666666666666
displaced-on,1,1,2,0.5
bomb-omg,1,1,2,0.5
last-wa,12,10,22,0.45454545454545453
be-then,9,1,10,0.1
and...-of,1,3,4,0.75
attack-hospital,1,1,2,0.5
are-general,1,1,2,0.5
about-starring...,6,4,10,0.4
here's-to,2,1,3,0.3333333333333333
2015]-hijacking,12,5,17,0.29411764705882354
in-while,5,10,15,0.6666666666666666
ambulance-over,1,2,3,0.6666666666666666
my-tide,2,1,3,0.3333333333333333
#winter-new,1,1,2,0.5
a-giving,5,3,8,0.375
thanks-to,5,4,9,0.4444444444444444
major-to,3,5,8,0.625
an-get,6,2,8,0.25
continue-of,3,1,4,0.25
bombed.-like,1,1,2,0.5
in-member,3,5,8,0.625
end-evacuation,1,2,3,0.6666666666666666
--what,3,2,5,0.4
is-you!,5,1,6,0.16666666666666666
it's-would,2,3,5,0.6
derailed-go,1,1,2,0.5
site-the,2,3,5,0.6
oops:-try,1,2,3,0.6666666666666666
about-something,3,1,4,0.25
dead-killing,1,1,2,0.5
have-sorry,3,1,4,0.25
back-be,3,2,5,0.4
at-forest,1,2,3,0.6666666666666666
vote:-worth,2,1,3,0.3333333333333333
have-wild,2,2,4,0.5
more-under,1,1,2,0.5
that-them.,2,1,3,0.3333333333333333
for-out.,1,2,3,0.6666666666666666
field.-on,1,1,2,0.5
'save-yourself,4,2,6,0.3333333333333333
and-winston,1,1,2,0.5
at-walmart,1,1,2,0.5
fighter-to,2,1,3,0.3333333333333333
thru-wa,1,1,2,0.5
external-on,2,1,3,0.3333333333333333
i-today.,2,1,3,0.3333333333333333
from-today's,1,1,2,0.5
new-year.,1,1,2,0.5
but-wanted,5,1,6,0.16666666666666666
hazard-prompt,1,1,2,0.5
#afterlife-control,4,1,5,0.2
if-me,19,4,23,0.17391304347826086
j.-lawton,1,1,2,0.5
#strategicpatience-refugees;,1,4,5,0.8
new-think,2,2,4,0.5
calm-of,1,2,3,0.6666666666666666
i-war,4,4,8,0.5
on-she,7,1,8,0.125
deep-the,7,1,8,0.125
got-off,1,2,3,0.6666666666666666
have-over,7,4,11,0.36363636363636365
injuries.-on,1,1,2,0.5
may-next,1,1,2,0.5
he's-me,2,1,3,0.3333333333333333
iran-terrorism,1,1,2,0.5
in-xd,3,1,4,0.25
concept-the,3,1,4,0.25
3g-when,4,3,7,0.42857142857142855
out-well,2,1,3,0.3333333333333333
300w-bar,6,1,7,0.14285714285714285
nema-wom...,2,1,3,0.3333333333333333
newest-sideline,4,4,8,0.5
a-ton,1,1,2,0.5
petition!take-will,1,1,2,0.5
a-level,7,3,10,0.3
heat-is,2,8,10,0.8
ha-how,6,6,12,0.5
down-what,1,3,4,0.75
ha-with,11,31,42,0.7380952380952381
and-mod,1,1,2,0.5
of-probably,2,1,3,0.3333333333333333
i-missed,2,1,3,0.3333333333333333
in-use,1,4,5,0.8
free-my,3,1,4,0.25
evil-on,1,1,2,0.5
be-problem,1,1,2,0.5
authority-of,2,2,4,0.5
and-inundated,9,1,10,0.1
action-not,1,1,2,0.5
fan-in,4,1,5,0.2
along-body,1,1,2,0.5
emotion-of,2,1,3,0.3333333333333333
be-can't,11,4,15,0.26666666666666666
beat-i,3,2,5,0.4
ben-winston,1,1,2,0.5
an-business,1,2,3,0.6666666666666666
a-canada,1,1,2,0.5
new-who,1,2,3,0.6666666666666666
chase-video,1,1,2,0.5
bag-to,5,2,7,0.2857142857142857
one-trapped,1,1,2,0.5
????????-at,2,1,3,0.3333333333333333
body-tell,1,1,2,0.5
an-collins,1,1,2,0.5
be-upon,5,2,7,0.2857142857142857
day-this,12,4,16,0.25
party-twister,1,1,2,0.5
12-the,2,1,3,0.3333333333333333
for-stand,3,1,4,0.25
a-dog,12,11,23,0.4782608695652174
head-wa,4,1,5,0.2
but-tragedy,3,2,5,0.4
and-pic,3,1,4,0.25
??-leather,2,1,3,0.3333333333333333
associated-fire,2,1,3,0.3333333333333333
casualty-so,2,7,9,0.7777777777777778
this-won't,1,2,3,0.6666666666666666
and-loud,4,2,6,0.3333333333333333
fire-wall,1,1,2,0.5
be-under,2,1,3,0.3333333333333333
which-with,2,4,6,0.6666666666666666
but-having,4,1,5,0.2
chicago-to,1,4,5,0.8
did-up,4,1,5,0.2
given-the,2,1,3,0.3333333333333333
burning-when,1,2,3,0.6666666666666666
that-while,3,5,8,0.625
few-on,2,1,3,0.3333333333333333
at-government,5,1,6,0.16666666666666666
death-old,1,1,2,0.5
be-room,1,1,2,0.5
effect-reddit's,15,2,17,0.11764705882352941
people-their,4,4,8,0.5
gm!-w/heavenly,5,1,6,0.16666666666666666
in-really,12,2,14,0.14285714285714285
an-truck,1,1,2,0.5
have-today.,2,1,3,0.3333333333333333
save-to,11,10,21,0.47619047619047616
high-mountain,1,1,2,0.5
e-utc2015-08-05,1,3,4,0.75
--one,6,9,15,0.6
call-got,1,1,2,0.5
combo-light,8,1,9,0.1111111111111111
@msnbc-a,1,3,4,0.75
the-wont,4,1,5,0.2
i-quest,1,1,2,0.5
ash-bridge,1,3,4,0.75
#newsintweets-to,1,1,2,0.5
added-on,2,1,3,0.3333333333333333
calm-it,1,1,2,0.5
are-why,14,11,25,0.44
china-on,1,2,3,0.6666666666666666
it's-loud,1,1,2,0.5
his-with,11,3,14,0.21428571428571427
apocalypse.-is,2,1,3,0.3333333333333333
go-out,6,2,8,0.25
by-fifth,2,1,3,0.3333333333333333
are-waiting,1,2,3,0.6666666666666666
humanity-of,3,3,6,0.5
bloody-it's,3,1,4,0.25
people-talk,1,1,2,0.5
according-crazy,1,1,2,0.5
choking-recall,1,1,2,0.5
are-collapsed,1,1,2,0.5
i'm-tornado,1,4,5,0.8
caught-you're,1,1,2,0.5
ha-police,3,1,4,0.25
information-the,5,3,8,0.375
news-the,2,23,25,0.92
back-could,1,1,2,0.5
and-wonder,6,1,7,0.14285714285714285
...-history:,1,1,2,0.5
disaster-emergency,1,3,4,0.75
17-at,1,1,2,0.5
amid-widespread,1,1,2,0.5
taken-the,8,4,12,0.3333333333333333
natural-tried.,2,1,3,0.3333333333333333
#globalwarming!!-predict,1,1,2,0.5
hunk-mountain,1,2,3,0.6666666666666666
upon-yourself,4,2,6,0.3333333333333333
https://t.co/moll5vd8yd-oppression,3,1,4,0.25
arson-jewish,1,2,3,0.6666666666666666
entered-the,3,1,4,0.25
ass.-bang,13,3,16,0.1875
you-you'll,6,3,9,0.3333333333333333
from-volcano,2,3,5,0.6
for-longer,2,1,3,0.3333333333333333
medical-to,1,1,2,0.5
islam-of,1,1,2,0.5
may-we,1,3,4,0.75
not-now,4,2,6,0.3333333333333333
--iran,1,1,2,0.5
right-you're,4,1,5,0.2
fear.-my,1,1,2,0.5
and-while,9,9,18,0.5
recognize-waste,1,2,3,0.6666666666666666
for-swimming,1,1,2,0.5
flooding-people,1,1,2,0.5
and-trapped,4,2,6,0.3333333333333333
anything-mention,3,1,4,0.25
about-said,2,3,5,0.6
charged-police,1,1,2,0.5
know-question,1,1,2,0.5
charity.'-giving,4,2,6,0.3333333333333333
he-said,11,2,13,0.15384615384615385
mass-murder,4,25,29,0.8620689655172413
d-i,4,2,6,0.3333333333333333
be-man,1,2,3,0.6666666666666666
injury:i-495-with,1,4,5,0.8
--by,35,62,97,0.6391752577319587
four-of,7,2,9,0.2222222222222222
a-code,1,3,4,0.75
rubble?-stock,5,6,11,0.5454545454545454
hit-up,4,1,5,0.2
--never,1,1,2,0.5
humans!-of,1,1,2,0.5
getting-is,10,3,13,0.23076923076923078
of-pm,2,3,5,0.6
i-thank,10,2,12,0.16666666666666666
be-careful,5,3,8,0.375
american-people,1,1,2,0.5
#bioterror-doesn't,1,2,3,0.6666666666666666
held-on,1,1,2,0.5
&amp;-box,1,2,3,0.6666666666666666
by-press,4,2,6,0.3333333333333333
back-when,2,1,3,0.3333333333333333
at-weapon,1,5,6,0.8333333333333334
face-she,1,1,2,0.5
in-within,1,1,2,0.5
completed-in,1,2,3,0.6666666666666666
is-metal,1,1,2,0.5
but-ppl,2,1,3,0.3333333333333333
industry-of,2,1,3,0.3333333333333333
are-glad,1,1,2,0.5
collapsed-on,3,3,6,0.5
charlotte-the,1,1,2,0.5
in-nigga,7,1,8,0.125
even-i,29,6,35,0.17142857142857143
restore-to,6,1,7,0.14285714285714285
i-look,13,10,23,0.43478260869565216
no-tahoe.,1,1,2,0.5
crash-when,1,3,4,0.75
bring-for,1,2,3,0.6666666666666666
bargain-sparked,2,1,3,0.3333333333333333
is-many,6,4,10,0.4
or-this,10,3,13,0.23076923076923078
operation-you,2,1,3,0.3333333333333333
a-source,1,2,3,0.6666666666666666
got-outside,1,1,2,0.5
#news-on,2,5,7,0.7142857142857143
week-with,5,2,7,0.2857142857142857
get-she,1,1,2,0.5
people-screaming,2,1,3,0.3333333333333333
here-will,3,1,4,0.25
from-ha,6,9,15,0.6
find-wa,3,1,4,0.25
but-damn,1,2,3,0.6666666666666666
of-sad,1,3,4,0.75
fall-of,8,2,10,0.2
them-then,2,2,4,0.5
i.e.-wa,4,2,6,0.3333333333333333
a-cliff,15,17,32,0.53125
exterminate-http://t.co/pyehwodwun,1,1,2,0.5
blew-did,2,1,3,0.3333333333333333
and-kill,3,6,9,0.6666666666666666
leading-to,1,4,5,0.8
cloud-the,3,1,4,0.25
recognize-to,2,2,4,0.5
coming-of,16,7,23,0.30434782608695654
storm.-violent,2,3,5,0.6
image-the,2,2,4,0.5
of-weapons!,1,2,3,0.6666666666666666
had-much,4,1,5,0.2
expect-have,3,1,4,0.25
in-it,98,51,149,0.3422818791946309
same-the,25,5,30,0.16666666666666666
hate-wa,1,1,2,0.5
and-some,36,9,45,0.2
no-which,1,1,2,0.5
a-job,8,5,13,0.38461538461538464
keep-that,4,5,9,0.5555555555555556
but-u,15,4,19,0.21052631578947367
get-tsunami,1,1,2,0.5
host-to,1,2,3,0.6666666666666666
in-lab,7,14,21,0.6666666666666666
beck/arnley-knock,1,1,2,0.5
five-the,4,1,5,0.2
fucking-people,1,1,2,0.5
given-u,1,1,2,0.5
shoulder-the,2,1,3,0.3333333333333333
donûªt-your,4,1,5,0.2
#kerricktrial-say,1,1,2,0.5
flame-me,1,1,2,0.5
into-leaf,1,1,2,0.5
after-rider,1,2,3,0.6666666666666666
bush-year,1,1,2,0.5
of-today,4,17,21,0.8095238095238095
#afterlife-surrounded,4,1,5,0.2
a-cold.,1,1,2,0.5
&amp;-ur,10,2,12,0.16666666666666666
body-with,11,2,13,0.15384615384615385
a-sitting,9,3,12,0.25
bro-the,1,2,3,0.6666666666666666
+-mum,1,1,2,0.5
=-of,5,1,6,0.16666666666666666
any1-if,1,1,2,0.5
on-week,4,4,8,0.5
get-not,11,1,12,0.08333333333333333
do-not,19,7,26,0.2692307692307692
100-you,2,1,3,0.3333333333333333
all-go,6,2,8,0.25
to-w/,15,2,17,0.11764705882352941
direction-is,8,3,11,0.2727272727272727
to-traumatised,3,1,4,0.25
accept-predict,1,1,2,0.5
over-year,2,2,4,0.5
accident-had,1,2,3,0.6666666666666666
air-to,7,2,9,0.2222222222222222
#quran-#terrorism,3,4,7,0.5714285714285714
just-mass,2,2,4,0.5
the-well,13,5,18,0.2777777777777778
america-floods.,2,1,3,0.3333333333333333
and...-tension,2,1,3,0.3333333333333333
can-share,1,1,2,0.5
from-how,7,4,11,0.36363636363636365
evacuate-we,2,5,7,0.7142857142857143
a-already,2,2,4,0.5
after-free,1,1,2,0.5
say-world,1,2,3,0.6666666666666666
help-in,7,10,17,0.5882352941176471
everywhere-is,2,1,3,0.3333333333333333
one-to,40,22,62,0.3548387096774194
missed-with,1,1,2,0.5
in-when,39,35,74,0.47297297297297297
ever-to,4,4,8,0.5
know-people,4,1,5,0.2
by-disaster,5,1,6,0.16666666666666666
government-the,14,12,26,0.46153846153846156
fucking-the,15,2,17,0.11764705882352941
that-will,21,7,28,0.25
died-my,1,1,2,0.5
around-time,1,1,2,0.5
of-ross,1,4,5,0.8
change-wa,1,1,2,0.5
is-thought,1,1,2,0.5
energy-of,2,2,4,0.5
a-hero,6,2,8,0.25
at-hit,1,3,4,0.75
doe-good,3,2,5,0.4
but-everyone,2,1,3,0.3333333333333333
a-done.,1,4,5,0.8
&amp;-hit,3,2,5,0.4
harm/kid-listen,2,1,3,0.3333333333333333
griefûª-mourning,1,4,5,0.8
blizzard-the,3,1,4,0.25
death-will,2,3,5,0.6
brick-the,2,1,3,0.3333333333333333
an-meant,2,1,3,0.3333333333333333
demolish-structure,4,3,7,0.42857142857142855
accident-airplane,3,17,20,0.85
an-area,1,1,2,0.5
obliteration-of,18,1,19,0.05263157894736842
moment-of,3,6,9,0.6666666666666666
ii-war,1,2,3,0.6666666666666666
be-will,64,18,82,0.21951219512195122
leaving-the,4,5,9,0.5555555555555556
#9-#jonathanferrell,1,1,2,0.5
news-on,3,10,13,0.7692307692307693
because-way,1,1,2,0.5
by-fatality,2,2,4,0.5
a-weather,1,9,10,0.9
3-wa,1,2,3,0.6666666666666666
a-two,11,31,42,0.7380952380952381
life-yes,1,1,2,0.5
kid-wa,1,1,2,0.5
a-free,11,1,12,0.08333333333333333
islam-the,1,1,2,0.5
going-shit,1,1,2,0.5
but-can,7,7,14,0.5
at-new,10,4,14,0.2857142857142857
loud-screamed,1,1,2,0.5
bargain-å¨,1,1,2,0.5
#slanglucci-album,3,1,4,0.25
end-like,2,1,3,0.3333333333333333
department-for,3,1,4,0.25
of-version,6,1,7,0.14285714285714285
burn-the,5,1,6,0.16666666666666666
flood-people,1,2,3,0.6666666666666666
address-is,1,1,2,0.5
im-me,7,1,8,0.125
bloody-for,1,1,2,0.5
sex-with,1,2,3,0.6666666666666666
hazardous-loss,1,2,3,0.6666666666666666
it.-know,1,2,3,0.6666666666666666
now-out.,1,2,3,0.6666666666666666
cost-of,2,3,5,0.6
mean-of,6,2,8,0.25
make-over,1,3,4,0.75
forced-the,1,2,3,0.6666666666666666
not-real,3,1,4,0.25
allegiance-building,1,1,2,0.5
a-america's,1,1,2,0.5
loud-wind,13,3,16,0.1875
#kerricktrial-area.,1,1,2,0.5
it's-since,4,4,8,0.5
bus-weighs,1,1,2,0.5
friend-u,1,2,3,0.6666666666666666
bioterrorism-in,3,2,5,0.4
#business-in,2,1,3,0.3333333333333333
and-small,1,1,2,0.5
of-team,2,3,5,0.6
ambulance-|,4,1,5,0.2
god-tornado,2,1,3,0.3333333333333333
chief's-oops:,1,2,3,0.6666666666666666
elizabeth-ûó,1,1,2,0.5
about-burning,1,1,2,0.5
light-your,1,1,2,0.5
&amp;-is,25,12,37,0.32432432432432434
i'm-lot,3,1,4,0.25
my-saw,1,13,14,0.9285714285714286
angry-of,6,2,8,0.25
send-start,1,1,2,0.5
#foodscare-#nestleindia,1,2,3,0.6666666666666666
for-over,10,13,23,0.5652173913043478
age-at,1,1,2,0.5
now!-of,1,1,2,0.5
end-will,3,1,4,0.25
in-minute,2,26,28,0.9285714285714286
and-hasn't,1,1,2,0.5
read-the,14,6,20,0.3
heat-sun,1,1,2,0.5
go-into,18,3,21,0.14285714285714285
christian-cross,3,1,4,0.25
floated-the,3,3,6,0.5
fit-ignition,3,1,4,0.25
gm!-ur,10,2,12,0.16666666666666666
mû_-to,1,1,2,0.5
military-to,6,4,10,0.4
for-tsunami,3,4,7,0.5714285714285714
people-world,5,2,7,0.2857142857142857
ahead-you,3,1,4,0.25
survive-that,5,1,6,0.16666666666666666
price-to,4,1,5,0.2
#hampshire-snowstorm,1,1,2,0.5
(peace-is,4,2,6,0.3333333333333333
by-cladding,1,1,2,0.5
#lgbt-gay,4,1,5,0.2
1.-by,1,1,2,0.5
ever-still,2,1,3,0.3333333333333333
send-wave,12,5,17,0.29411764705882354
bad-you,2,1,3,0.3333333333333333
never-you,14,2,16,0.125
bit-i,1,2,3,0.6666666666666666
4000-couple,4,2,6,0.3333333333333333
3-to,17,10,27,0.37037037037037035
medium-world,1,2,3,0.6666666666666666
a-green,1,1,2,0.5
want-work,4,1,5,0.2
for-survivor,2,8,10,0.8
all-him,4,1,5,0.2
cooler-heat,1,1,2,0.5
owner-until,2,1,3,0.3333333333333333
in-order,2,6,8,0.75
side-stay,1,1,2,0.5
about-but,9,9,18,0.5
charged-child,2,1,3,0.3333333333333333
agree-at,1,2,3,0.6666666666666666
mode-to,3,1,4,0.25
get-website,1,1,2,0.5
disease-ha,1,2,3,0.6666666666666666
&amp;-natural,1,1,2,0.5
cruz-santa,1,2,3,0.6666666666666666
fast-xp',3,1,4,0.25
been-leave,2,1,3,0.3333333333333333
fucking-he,4,1,5,0.2
boy-of,1,24,25,0.96
la-running,1,1,2,0.5
by-landslide,6,1,7,0.14285714285714285
knife-survival,1,1,2,0.5
s-whistle,1,1,2,0.5
night-of,6,2,8,0.25
fatality-running,1,2,3,0.6666666666666666
into-war,7,8,15,0.5333333333333333
national-wild,10,6,16,0.375
they-want,4,1,5,0.2
event-right,1,1,2,0.5
and-shoulder,1,1,2,0.5
derail-is,9,1,10,0.1
me-told,4,2,6,0.3333333333333333
have-u,6,3,9,0.3333333333333333
s-starter,1,1,2,0.5
and-stay,6,4,10,0.4
stadium-to,3,10,13,0.7692307692307693
change.-tornado,2,1,3,0.3333333333333333
have-home,2,3,5,0.6
collided-she,2,1,3,0.3333333333333333
down-israel,1,1,2,0.5
invoices.-out,5,1,6,0.16666666666666666
#insurance-rule,1,1,2,0.5
displaced-internally,3,7,10,0.7
of-palm,2,2,4,0.5
gm!-life,5,1,6,0.16666666666666666
and-batter,1,2,3,0.6666666666666666
have-sport,1,1,2,0.5
about-like,9,2,11,0.18181818181818182
by-charity.',4,2,6,0.3333333333333333
like-you,60,12,72,0.16666666666666666
blown-it,5,1,6,0.16666666666666666
riot-this,1,2,3,0.6666666666666666
obliterated-the,9,1,10,0.1
had-well,1,1,2,0.5
ben-chase,1,1,2,0.5
the-these,12,7,19,0.3684210526315789
super-typhoon,1,1,2,0.5
in-rain,5,5,10,0.5
hijacking-the,2,5,7,0.7142857142857143
down-drag,1,1,2,0.5
do-feel,8,2,10,0.2
be-face,1,1,2,0.5
#afterlife-hellfire,4,1,5,0.2
great-nuclear,1,1,2,0.5
i-shooting,1,1,2,0.5
don't-we,6,4,10,0.4
2011-the,6,1,7,0.14285714285714285
cold-of,5,2,7,0.2857142857142857
enugu-illegal,5,1,6,0.16666666666666666
good-it,6,2,8,0.25
responder-save,1,1,2,0.5
so-went,1,2,3,0.6666666666666666
#foodscare-and,1,2,3,0.6666666666666666
and-wreck,7,4,11,0.36363636363636365
to-yeah,2,4,6,0.6666666666666666
1-ebay,2,1,3,0.3333333333333333
day-for,9,8,17,0.47058823529411764
bomb-nuclear,3,7,10,0.7
of-victim,2,14,16,0.875
not-road,1,1,2,0.5
cheese-recall,1,1,2,0.5
computer-hijacking,12,5,17,0.29411764705882354
now-since,1,1,2,0.5
now-she,2,1,3,0.3333333333333333
factor-to,1,2,3,0.6666666666666666
my-nuclear,1,1,2,0.5
i-news!,14,3,17,0.17647058823529413
were-you,16,7,23,0.30434782608695654
i-line,2,1,3,0.3333333333333333
city-hunk,1,2,3,0.6666666666666666
here-over,2,2,4,0.5
died-that,1,1,2,0.5
least-three,1,1,2,0.5
director-insurance,1,1,2,0.5
ass.-what,13,3,16,0.1875
soldier-to,1,2,3,0.6666666666666666
me-the,100,49,149,0.3288590604026846
@-force,1,1,2,0.5
ahead-and,1,1,2,0.5
ben-want,1,1,2,0.5
all-twister,1,1,2,0.5
a-watch.,1,1,2,0.5
going-it's,9,2,11,0.18181818181818182
have-if,31,7,38,0.18421052631578946
and-my,186,32,218,0.14678899082568808
and-smoke,8,1,9,0.1111111111111111
comment-rule,6,3,9,0.3333333333333333
murderer-you,1,5,6,0.8333333333333334
and-laughing,2,1,3,0.3333333333333333
for-no,26,11,37,0.2972972972972973
i-scream,5,5,10,0.5
http://t.co/jlzk2hdetg-notexplained:,1,1,2,0.5
can-rock,2,1,3,0.3333333333333333
i-right,16,4,20,0.2
need-sign,2,1,3,0.3333333333333333
crash-stock,10,1,11,0.09090909090909091
have-man,4,2,6,0.3333333333333333
away-i'm,2,4,6,0.6666666666666666
of-welfare,1,2,3,0.6666666666666666
fire-odeon,1,4,5,0.8
like-looked,3,2,5,0.4
hard-so,3,2,5,0.4
get-your,14,1,15,0.06666666666666667
off-this,9,3,12,0.25
this-used,1,1,2,0.5
horrible-phone,4,3,7,0.42857142857142855
--look,1,3,4,0.75
market-å¨,1,1,2,0.5
died-you,1,1,2,0.5
emergency-say,1,2,3,0.6666666666666666
president-you,2,5,7,0.7142857142857143
like-wild,4,2,6,0.3333333333333333
awful-wa,1,1,2,0.5
on-with,43,29,72,0.4027777777777778
wa-you,26,5,31,0.16129032258064516
yesterday-you,1,1,2,0.5
ago-the,5,13,18,0.7222222222222222
a-win,13,3,16,0.1875
'i'm-the,2,2,4,0.5
it-wanna,6,1,7,0.14285714285714285
if-search,1,1,2,0.5
collapse-economic,1,1,2,0.5
a-amazing,2,1,3,0.3333333333333333
(temporary:300)-do,3,1,4,0.25
after-that,4,2,6,0.3333333333333333
#news-into,1,1,2,0.5
drum-my,1,1,2,0.5
of-twitter,5,4,9,0.4444444444444444
came-he,11,3,14,0.21428571428571427
action-want,1,1,2,0.5
excuse-up,1,1,2,0.5
lady-plan,4,3,7,0.42857142857142855
had-person,1,1,2,0.5
at-someone,2,1,3,0.3333333333333333
not-the,112,72,184,0.391304347826087
be-crowd,1,1,2,0.5
out-year,5,1,6,0.16666666666666666
said-wa,5,14,19,0.7368421052631579
girl-like,4,2,6,0.3333333333333333
all-sport,1,1,2,0.5
question-this,1,1,2,0.5
a-obliteration.,1,1,2,0.5
beyond-of,6,1,7,0.14285714285714285
be-cause,3,1,4,0.25
#vanuatu-in,1,1,2,0.5
drunk-meal,3,1,4,0.25
can-rubble,1,1,2,0.5
but-on,21,12,33,0.36363636363636365
floods.-plaguing,2,1,3,0.3333333333333333
getting-on,9,1,10,0.1
done-get,2,1,3,0.3333333333333333
america-plaguing,2,1,3,0.3333333333333333
don't-with,20,4,24,0.16666666666666666
accuses-idps:,2,1,3,0.3333333333333333
home-issue,1,1,2,0.5
do-sorry,1,1,2,0.5
of-young,5,3,8,0.375
--child,1,2,3,0.6666666666666666
me.-then,1,1,2,0.5
now.-right,3,1,4,0.25
#pbban-do,3,1,4,0.25
--installation,3,1,4,0.25
any-or,2,1,3,0.3333333333333333
hasbro-of,1,1,2,0.5
show-we,2,1,3,0.3333333333333333
new-say,1,2,3,0.6666666666666666
is-move,4,2,6,0.3333333333333333
apocalypse-it,2,1,3,0.3333333333333333
leave-of,2,2,4,0.5
then-we,5,2,7,0.2857142857142857
how-time,6,2,8,0.25
horse...-park,5,3,8,0.375
tension-to,3,6,9,0.6666666666666666
missing-wave,1,1,2,0.5
tree-under,1,7,8,0.875
actually-the,13,7,20,0.35
crashed-ha,2,3,5,0.6
and-traditional,1,2,3,0.6666666666666666
shot-wasn't,1,1,2,0.5
damage-you,2,2,4,0.5
car-i,7,9,16,0.5625
ground-the,11,15,26,0.5769230769230769
began-the,2,4,6,0.6666666666666666
at-sense,1,1,2,0.5
scared-screamed,1,1,2,0.5
bang-breaking,13,3,16,0.1875
a-long,23,4,27,0.14814814814814814
as-me.,1,1,2,0.5
hope-off,4,2,6,0.3333333333333333
and-iûªm,2,2,4,0.5
like-zone,3,3,6,0.5
and...-patience,2,1,3,0.3333333333333333
sleep-when,1,1,2,0.5
they-war,5,2,7,0.2857142857142857
finnish-will,3,1,4,0.25
both-wa,3,1,4,0.25
by-former,2,2,4,0.5
making-of,7,1,8,0.125
by-control,4,2,6,0.3333333333333333
this-video,1,4,5,0.8
over-should,1,1,2,0.5
demon-to,2,1,3,0.3333333333333333
not-that's,7,1,8,0.125
at-cause,1,1,2,0.5
--el,1,2,3,0.6666666666666666
did-who,1,2,3,0.6666666666666666
all-war,1,4,5,0.8
a-definitely,3,4,7,0.5714285714285714
if-survive,3,1,4,0.25
most-one,2,1,3,0.3333333333333333
#treeporn-snowstorm,1,1,2,0.5
attacked-for,1,2,3,0.6666666666666666
i-were,10,12,22,0.5454545454545454
--making,3,1,4,0.25
by-tension,2,1,3,0.3333333333333333
emergency-rn,3,1,4,0.25
fell-now,1,1,2,0.5
fire-off,2,3,5,0.6
meltdown-the,11,3,14,0.21428571428571427
at-state,5,6,11,0.5454545454545454
hughes-the,3,2,5,0.4
i-roof,1,1,2,0.5
teen-to,3,1,4,0.25
co.-for,1,1,2,0.5
at-green,1,1,2,0.5
#fettilootch-https://t.co/moll5vd8yd,3,1,4,0.25
great-to,10,4,14,0.2857142857142857
if-said,7,2,9,0.2222222222222222
in-room,4,4,8,0.5
car-work,3,1,4,0.25
beach-our,1,1,2,0.5
eyewitness-from,1,5,6,0.8333333333333334
which-who,2,1,3,0.3333333333333333
her-with,8,1,9,0.1111111111111111
my-rescued,2,1,3,0.3333333333333333
that-whipped,2,1,3,0.3333333333333333
be-sent,3,1,4,0.25
langley-truck,1,2,3,0.6666666666666666
chance-that,2,1,3,0.3333333333333333
bioterrorism-think,1,2,3,0.6666666666666666
??-my,48,7,55,0.12727272727272726
his-so,2,1,3,0.3333333333333333
6-and,2,3,5,0.6
--electrocute,1,1,2,0.5
cook-when,4,1,5,0.2
california:-interlaken,1,1,2,0.5
boy-old,1,1,2,0.5
doctor-in,2,2,4,0.5
emergency-providence,4,1,5,0.2
pakistan-supreme,2,1,3,0.3333333333333333
devastation-the,6,37,43,0.8604651162790697
got-okay,1,2,3,0.6666666666666666
burning-can,1,1,2,0.5
got-into,2,2,4,0.5
hope-the,12,6,18,0.3333333333333333
look-year,7,5,12,0.4166666666666667
it-wonder,3,1,4,0.25
get-shot,1,1,2,0.5
have-off,1,3,4,0.75
at-back,10,2,12,0.16666666666666666
in-involved,1,6,7,0.8571428571428571
not-will,12,7,19,0.3684210526315789
deluged-shape,7,1,8,0.125
ground-phone,1,1,2,0.5
crush-high,3,1,4,0.25
and-new,30,6,36,0.16666666666666666
a-talking,5,2,7,0.2857142857142857
and-bought,1,1,2,0.5
??????-building,1,1,2,0.5
to-tree,1,4,5,0.8
banquet-thousand,1,1,2,0.5
home-mom,1,1,2,0.5
movie-to,3,3,6,0.5
it-obliterate,3,1,4,0.25
2-fire,1,5,6,0.8333333333333334
white-will,1,1,2,0.5
'second'-the,1,1,2,0.5
in-mania,1,1,2,0.5
dead-most,1,1,2,0.5
cuz-the,2,1,3,0.3333333333333333
#ibooklove-girl,1,2,3,0.6666666666666666
a-till,2,3,5,0.6
it's-to,61,25,86,0.29069767441860467
doe-like,4,1,5,0.2
publicizing-so,1,1,2,0.5
a-missed,1,3,4,0.75
and-hit,10,10,20,0.5
a-him,14,10,24,0.4166666666666667
far-to,9,3,12,0.25
passing-up,1,1,2,0.5
(and-the,2,1,3,0.3333333333333333
some-water,1,13,14,0.9285714285714286
turned-which,4,2,6,0.3333333333333333
fun-wa,4,1,5,0.2
family-i,5,6,11,0.5454545454545454
minority-planned,2,1,3,0.3333333333333333
make-rise,9,1,10,0.1
do-into,5,1,6,0.16666666666666666
cannot-we,3,1,4,0.25
at-caused,1,1,2,0.5
win-would,4,1,5,0.2
colour-invoices.,5,1,6,0.16666666666666666
be-west,1,1,2,0.5
ancient-found,1,1,2,0.5
gonna-lie,1,1,2,0.5
plan-this,2,2,4,0.5
national-new,1,2,3,0.6666666666666666
is-lie,2,1,3,0.3333333333333333
#hot-quarantined,4,1,5,0.2
best-but,3,1,4,0.25
of-wom...,2,1,3,0.3333333333333333
socialism-unavoidable,2,1,3,0.3333333333333333
don't-girl,3,1,4,0.25
full-of,16,2,18,0.1111111111111111
collection-war,1,1,2,0.5
angry-centre,1,4,5,0.8
--be,18,6,24,0.25
#hellfire-of,4,2,6,0.3333333333333333
bet-the,1,2,3,0.6666666666666666
me-tornado,1,1,2,0.5
owner-the,1,7,8,0.875
day)-rn,1,1,2,0.5
food-people,1,1,2,0.5
i.e.-of,4,2,6,0.3333333333333333
#michelebachman-soon,1,1,2,0.5
activity-have,1,1,2,0.5
imported-in,1,1,2,0.5
story-that,2,1,3,0.3333333333333333
--avalanche,1,1,2,0.5
--the,107,142,249,0.570281124497992
boy-nuclear,1,1,2,0.5
let's-not,2,1,3,0.3333333333333333
00:52:25-e,1,1,2,0.5
#islam-came,4,2,6,0.3333333333333333
letûªs-so,3,1,4,0.25
by-lot,1,1,2,0.5
fight-he,3,4,7,0.5714285714285714
get-rid,3,1,4,0.25
have-send,1,1,2,0.5
in-watching,3,3,6,0.5
coyote-me,1,1,2,0.5
self-so,1,1,2,0.5
heat-like,1,1,2,0.5
center-to,1,5,6,0.8333333333333334
--now,10,8,18,0.4444444444444444
of-ya,1,1,2,0.5
a-company,2,1,3,0.3333333333333333
date-for,1,3,4,0.75
an-ha,6,20,26,0.7692307692307693
blind-to,1,1,2,0.5
body-from,2,19,21,0.9047619047619048
in-month,6,5,11,0.45454545454545453
iûªm-not,1,2,3,0.6666666666666666
at-rescued,2,1,3,0.3333333333333333
ill-to,4,1,5,0.2
kit-survival,2,1,3,0.3333333333333333
the-them,34,16,50,0.32
only-think,1,1,2,0.5
forever-to,3,1,4,0.25
hard-to,10,2,12,0.16666666666666666
combo-work,8,1,9,0.1111111111111111
and-room,4,3,7,0.42857142857142855
her.-of,1,2,3,0.6666666666666666
national-u.s,10,6,16,0.375
for-van,1,3,4,0.75
have-via,2,1,3,0.3333333333333333
knife-s,1,1,2,0.5
do-one,1,2,3,0.6666666666666666
germ-lab,3,12,15,0.8
a-news,4,8,12,0.6666666666666666
each-that,1,1,2,0.5
of-us.,4,1,5,0.2
greatest-the,4,3,7,0.42857142857142855
massacre-up,1,1,2,0.5
@change-of,5,4,9,0.4444444444444444
black-flame,3,1,4,0.25
how-say,3,1,4,0.25
about-inside,2,1,3,0.3333333333333333
heartless-now!,2,1,3,0.3333333333333333
many-they,4,2,6,0.3333333333333333
nuclear-they,1,2,3,0.6666666666666666
a-totally,6,3,9,0.3333333333333333
flame-from,1,2,3,0.6666666666666666
even-think,4,1,5,0.2
getting-what,1,2,3,0.6666666666666666
hit-of,4,4,8,0.5
have-officially,2,1,3,0.3333333333333333
bleeding-you,7,1,8,0.125
forest-how,1,1,2,0.5
wa-went,5,5,10,0.5
last-shit,1,1,2,0.5
at-day,4,5,9,0.5555555555555556
even-my,8,2,10,0.2
seeing-will,1,2,3,0.6666666666666666
to-ûó,2,2,4,0.5
on-smh,1,1,2,0.5
via-wedding,1,1,2,0.5
that-went,2,3,5,0.6
--online,6,3,9,0.3333333333333333
response-to,1,5,6,0.8333333333333334
download-in,3,3,6,0.5
i-think,46,15,61,0.2459016393442623
17:52:25-m,1,1,2,0.5
couldn't-the,1,1,2,0.5
can-is,25,7,32,0.21875
my-she,7,3,10,0.3
friend-from,2,2,4,0.5
department-providence,1,1,2,0.5
by-isi,1,1,2,0.5
i'm-one,7,1,8,0.125
inferno-obliterated,1,1,2,0.5
a-try,3,3,6,0.5
:d-to,1,1,2,0.5
all-into,5,2,7,0.2857142857142857
or-pay',9,1,10,0.1
ha-like,6,1,7,0.14285714285714285
here-very,1,1,2,0.5
day)-emergency,1,1,2,0.5
lol-loud,1,1,2,0.5
like-never,5,2,7,0.2857142857142857
due-to,8,28,36,0.7777777777777778
army-to,1,12,13,0.9230769230769231
love-such,1,1,2,0.5
dan-over,1,1,2,0.5
around-still,1,1,2,0.5
blanket-fire,1,1,2,0.5
if-kill,1,3,4,0.75
same-will,2,1,3,0.3333333333333333
for-rioting,1,4,5,0.8
flooding-for,2,3,5,0.6
/-inj**,2,4,6,0.6666666666666666
anything-of,5,4,9,0.4444444444444444
during-sunday,1,1,2,0.5
and-evacuate,3,11,14,0.7857142857142857
hair-on,2,1,3,0.3333333333333333
catastrophic-i,2,1,3,0.3333333333333333
for-idp,1,4,5,0.8
evacuate-you,1,2,3,0.6666666666666666
@-on,3,2,5,0.4
a-attack,8,16,24,0.6666666666666666
&amp;-who,4,1,5,0.2
ambulance-me,1,1,2,0.5
&amp;-destroy,1,1,2,0.5
in-ocean,1,2,3,0.6666666666666666
say-worker,1,1,2,0.5
and-needed,1,1,2,0.5
owner-|,5,1,6,0.16666666666666666
accident-i,6,4,10,0.4
#thanku-coming,2,1,3,0.3333333333333333
@witter-a,1,1,2,0.5
#sismo-of,1,6,7,0.8571428571428571
look-over,1,3,4,0.75
beautiful-some,1,1,2,0.5
apc-the,1,1,2,0.5
&amp;-if,10,5,15,0.3333333333333333
over-today,1,2,3,0.6666666666666666
a-calm,2,2,4,0.5
#irandeal-home,1,1,2,0.5
everyone-so,6,4,10,0.4
mind-up.,1,1,2,0.5
just-rain,1,2,3,0.6666666666666666
i'm-siren,1,1,2,0.5
get-quickly,1,1,2,0.5
but-link,1,1,2,0.5
/-of,5,3,8,0.375
--navy,4,2,6,0.3333333333333333
#kerricktrial-only,1,1,2,0.5
road.-with,1,2,3,0.6666666666666666
iran-nuclear,2,5,7,0.7142857142857143
sixth-the,2,4,6,0.6666666666666666
never-well,1,1,2,0.5
gone-that,1,1,2,0.5
battling-building,1,1,2,0.5
but-issue,1,2,3,0.6666666666666666
an-dog,2,2,4,0.5
derail-enemy,5,1,6,0.16666666666666666
like-what's,1,1,2,0.5
by-electrocuted,2,1,3,0.3333333333333333
get-tried,2,1,3,0.3333333333333333
crush-school,2,1,3,0.3333333333333333
damage-it,6,1,7,0.14285714285714285
lamp-led,11,2,13,0.15384615384615385
--war,5,4,9,0.4444444444444444
suck-the,3,1,4,0.25
desolation.-the,1,1,2,0.5
may-up,1,1,2,0.5
last-my,10,4,14,0.2857142857142857
#hot-hijacking,12,5,17,0.29411764705882354
really-that,10,1,11,0.09090909090909091
my-wound,3,1,4,0.25
of-piece,3,10,13,0.7692307692307693
suit-the,1,2,3,0.6666666666666666
how-is,21,8,29,0.27586206896551724
cyclist-road,1,2,3,0.6666666666666666
first-pdp:,1,1,2,0.5
lol-this,6,1,7,0.14285714285714285
horse-petition,3,1,4,0.25
(ft.-brown,1,1,2,0.5
petition!take-we,1,1,2,0.5
then-want,2,2,4,0.5
bus-governor,3,10,13,0.7692307692307693
hasn't-the,3,4,7,0.5714285714285714
ave-loop,1,4,5,0.8
etc.-idp,1,4,5,0.8
collapsed-the,6,7,13,0.5384615384615384
and-philly,1,1,2,0.5
for-he's,1,2,3,0.6666666666666666
face-look,1,1,2,0.5
from-stealing,1,2,3,0.6666666666666666
again-here,2,1,3,0.3333333333333333
civil-collided,1,1,2,0.5
a-error,3,1,4,0.25
in-watch,2,32,34,0.9411764705882353
one-there,7,4,11,0.36363636363636365
from-power,1,1,2,0.5
a-is,235,185,420,0.44047619047619047
ha-leave,1,1,2,0.5
--ii,1,2,3,0.6666666666666666
after-up,4,11,15,0.7333333333333333
dead-im,1,1,2,0.5
hijack-move,2,3,5,0.6
bomb-ha,1,1,2,0.5
mountain-snowstorm,1,2,3,0.6666666666666666
crashed-into,2,1,3,0.3333333333333333
land-to,10,15,25,0.6
demolition-in,4,2,6,0.3333333333333333
are-really,1,1,2,0.5
are-bleeding,6,1,7,0.14285714285714285
a-rotation,1,1,2,0.5
five-to,2,3,5,0.6
week.-your,2,1,3,0.3333333333333333
http://t.co/xpfmr368uf-this,1,1,2,0.5
at-seismic,1,1,2,0.5
against-do,2,1,3,0.3333333333333333
really-some,2,1,3,0.3333333333333333
night-shit,1,1,2,0.5
day-next,1,1,2,0.5
--torch,1,1,2,0.5
??-even,3,1,4,0.25
be-everyone,1,2,3,0.6666666666666666
but-these,2,1,3,0.3333333333333333
...-2015:,1,1,2,0.5
be-rate,1,1,2,0.5
answer-i,2,2,4,0.5
deep-people,1,1,2,0.5
coffee-hot,1,2,3,0.6666666666666666
--lot,3,3,6,0.5
the-tip,3,4,7,0.5714285714285714
in-screamed,6,1,7,0.14285714285714285
half-yourself,4,2,6,0.3333333333333333
scared-when,1,1,2,0.5
have-too,6,1,7,0.14285714285714285
1980-iran,1,8,9,0.8888888888888888
not-where,3,1,4,0.25
he-one,7,1,8,0.125
the-valley,2,1,3,0.3333333333333333
know-the,43,17,60,0.2833333333333333
detonate-they,2,1,3,0.3333333333333333
well-you,8,2,10,0.2
been-world,1,3,4,0.75
chemical-you,1,1,2,0.5
97/georgia-loop,1,4,5,0.8
cause-my,3,1,4,0.25
instead-me,2,3,5,0.6
a-that,138,102,240,0.425
for-imagine,2,1,3,0.3333333333333333
our-so,3,1,4,0.25
destroy-going,1,1,2,0.5
a-student,2,4,6,0.6666666666666666
tomorrow!-u,1,1,2,0.5
2-make,2,3,5,0.6
insurer-on,6,3,9,0.3333333333333333
be-if,34,10,44,0.22727272727272727
one-whole,1,1,2,0.5
2.1a-phone,1,1,2,0.5
30-remember,1,1,2,0.5
opposite-person,1,1,2,0.5
for-team,4,1,5,0.2
banquet-newlywed,1,1,2,0.5
#islam-opposite,1,1,2,0.5
she's-the,9,3,12,0.25
get-it,21,7,28,0.25
too-watching,1,1,2,0.5
women!-ûò,2,1,3,0.3333333333333333
at-injured,1,7,8,0.875
#god-#quran,3,4,7,0.5714285714285714
the-today's,2,3,5,0.6
state-what,3,2,5,0.4
after-him,1,2,3,0.6666666666666666
allegiance-to,1,1,2,0.5
out-traumatised,1,1,2,0.5
1.4-of,1,1,2,0.5
like-sorry,2,1,3,0.3333333333333333
#usa-it,1,4,5,0.8
forest-pretty,1,1,2,0.5
a-sure,9,2,11,0.18181818181818182
oppression-the,3,1,4,0.25
etc.-people;,1,4,5,0.8
in-rescue,7,32,39,0.8205128205128205
:-http://t.co/ydetwgribk,2,1,3,0.3333333333333333
????????-and,4,1,5,0.2
body-good,1,1,2,0.5
like-shit.,1,1,2,0.5
fire-saw,1,1,2,0.5
ppl-save,1,1,2,0.5
new-smoke,1,1,2,0.5
rioting-they,1,1,2,0.5
big-i,3,1,4,0.25
driver-in,1,4,5,0.8
but-will,15,12,27,0.4444444444444444
so-stop,1,1,2,0.5
billion-year,1,1,2,0.5
it-turned,7,2,9,0.2222222222222222
at-california:,1,1,2,0.5
get-ready,1,1,2,0.5
a-created,2,2,4,0.5
@itsjustinstuart-i,1,1,2,0.5
--even,1,1,2,0.5
flood-full,12,2,14,0.14285714285714285
the-trying,14,3,17,0.17647058823529413
im-on,8,2,10,0.2
building-structural,1,2,3,0.6666666666666666
at-lion,2,1,3,0.3333333333333333
the-thx,2,2,4,0.5
are-evacuation,1,2,3,0.6666666666666666
hour-the,15,7,22,0.3181818181818182
police-that,1,5,6,0.8333333333333334
bleeding-foot,1,1,2,0.5
he-tell,1,1,2,0.5
a-done,10,7,17,0.4117647058823529
reopening-they,1,1,2,0.5
past-this,3,3,6,0.5
collapsed-owner,2,1,3,0.3333333333333333
head-i'd,1,1,2,0.5
murderer-to,5,5,10,0.5
end-of,14,8,22,0.36363636363636365
and-malaysia,1,20,21,0.9523809523809523
#kerricktrial-wound,4,3,7,0.42857142857142855
at-the,137,123,260,0.47307692307692306
and-behind,8,3,11,0.2727272727272727
already-that,3,1,4,0.25
50-at,2,2,4,0.5
order-via,5,1,6,0.16666666666666666
start-with,1,1,2,0.5
wasn't-why,1,2,3,0.6666666666666666
loved-this,1,1,2,0.5
hellfire-your,7,1,8,0.125
house-is,4,6,10,0.6
are-us.,2,2,4,0.5
for-mercy,1,1,2,0.5
blizzard-to,2,1,3,0.3333333333333333
building-on,3,39,42,0.9285714285714286
300w-combo,6,1,7,0.14285714285714285
former-plan,4,3,7,0.42857142857142855
of-texas,1,4,5,0.8
first-i,10,11,21,0.5238095238095238
on-year,5,9,14,0.6428571428571429
england-to,1,1,2,0.5
not-~,2,1,3,0.3333333333333333
it-she,6,3,9,0.3333333333333333
multidimensi-the,1,1,2,0.5
heartless-it,2,1,3,0.3333333333333333
@www.cbplawyers-associated,1,1,2,0.5
itself-to,1,1,2,0.5
my-wind,15,4,19,0.21052631578947367
have-trump,1,1,2,0.5
&amp;-http://t.co/cybksxhf7d,4,3,7,0.42857142857142855
8-l,1,1,2,0.5
but-man,8,3,11,0.2727272727272727
of-say,12,18,30,0.6
my-swim,1,1,2,0.5
have-they,23,8,31,0.25806451612903225
and-is,134,65,199,0.32663316582914576
someone-they,2,2,4,0.5
accident-wa,2,3,5,0.6
just-say,4,1,5,0.2
even-if,11,7,18,0.3888888888888889
a-me:,3,1,4,0.25
????-it,8,3,11,0.2727272727272727
pay'-to,17,2,19,0.10526315789473684
any-yourself,2,2,4,0.5
and-normal,1,1,2,0.5
if-time,6,2,8,0.25
collapse-icymi,1,1,2,0.5
lamp-light,12,2,14,0.14285714285714285
just-to,74,33,107,0.308411214953271
enemy-flood,5,1,6,0.16666666666666666
1-that,1,3,4,0.75
doing-to,8,3,11,0.2727272727272727
--high,3,2,5,0.4
derail-people,1,1,2,0.5
getting-keep,1,1,2,0.5
link-that,1,1,2,0.5
didn't-or,2,1,3,0.3333333333333333
ha-out,7,1,8,0.125
drive-start,1,1,2,0.5
#rickperry-secret,1,2,3,0.6666666666666666
gonna-me,3,2,5,0.4
his-of,26,12,38,0.3157894736842105
came-saying,1,1,2,0.5
??-hobo,2,1,3,0.3333333333333333
to-unconfirmed!,13,3,16,0.1875
...-longer,1,2,3,0.6666666666666666
24-of,1,4,5,0.8
county-in,4,20,24,0.8333333333333334
a-power,4,10,14,0.7142857142857143
in-required,2,1,3,0.3333333333333333
demolition-from,3,1,4,0.25
longer-will,7,4,11,0.36363636363636365
forest-whole,1,1,2,0.5
still-weapon,3,2,5,0.4
fire-it's,1,3,4,0.75
:p-a,1,1,2,0.5
33'-about,6,5,11,0.45454545454545453
pedestrian-thursday,1,1,2,0.5
any-some,1,1,2,0.5
is-larger,3,1,4,0.25
if-you,110,13,123,0.10569105691056911
i-let,15,7,22,0.3181818181818182
and-held,1,1,2,0.5
and-getting,9,9,18,0.5
http://t.co/pyehwodwun-world,1,1,2,0.5
fucking-live,1,1,2,0.5
--an,4,10,14,0.7142857142857143
move-swansea,1,2,3,0.6666666666666666
playing-you,3,1,4,0.25
go-mum,1,1,2,0.5
crash-sparked,3,1,4,0.25
combo-led,8,1,9,0.1111111111111111
for-house,4,2,6,0.3333333333333333
been-there,4,2,6,0.3333333333333333
go.-to,3,4,7,0.5714285714285714
a-face,19,8,27,0.2962962962962963
still-there's,1,1,2,0.5
flag-reason,3,1,4,0.25
at-year,7,7,14,0.5
a-force,4,4,8,0.5
america-is,10,4,14,0.2857142857142857
back-do,1,1,2,0.5
be-now,9,3,12,0.25
for-whirlwind,2,2,4,0.5
ha-riot,4,1,5,0.2
animal!-keep,2,1,3,0.3333333333333333
murderer-or,1,1,2,0.5
rt-storm,1,2,3,0.6666666666666666
someone-you,5,4,9,0.4444444444444444
#mtvhottest-my,1,1,2,0.5
much-on,3,1,4,0.25
amongst-of,1,2,3,0.6666666666666666
house-way,3,1,4,0.25
i.e.-land,8,4,12,0.3333333333333333
(.90-emergency,1,1,2,0.5
list.-of,1,2,3,0.6666666666666666
off-tornado,1,2,3,0.6666666666666666
gov.-on,1,1,2,0.5
be-worth,1,1,2,0.5
a-sit,7,1,8,0.125
rape-to,1,1,2,0.5
ha-inundated,2,1,3,0.3333333333333333
(photos)-a,7,2,9,0.2222222222222222
#worstsummerjob-my,2,1,3,0.3333333333333333
lava-red,3,2,5,0.4
.-become,1,1,2,0.5
desolate-that,3,1,4,0.25
coming-https://t.co/moll5vd8yd,3,1,4,0.25
it's-some,3,2,5,0.4
ain't-one,2,1,3,0.3333333333333333
going-off,3,3,6,0.5
change-new,1,1,2,0.5
chief-in,4,1,5,0.2
people-surah,2,1,3,0.3333333333333333
nema-woman,2,1,3,0.3333333333333333
pick-to,2,2,4,0.5
i.e.-which,4,2,6,0.3333333333333333
i'm-side,1,1,2,0.5
forest-tree,1,2,3,0.6666666666666666
for-release,1,4,5,0.8
ablaze-out,1,1,2,0.5
kid-no,2,4,6,0.6666666666666666
landslide-people,3,3,6,0.5
electrocuted-i'm,2,2,4,0.5
family-work,2,2,4,0.5
from-support,2,1,3,0.3333333333333333
ebay-war,5,1,6,0.16666666666666666
some-want,3,2,5,0.4
i-she,15,1,16,0.0625
at-centre,3,1,4,0.25
dropped-only,1,2,3,0.6666666666666666
it's-year,6,3,9,0.3333333333333333
have-still,7,5,12,0.4166666666666667
'we're-a,1,4,5,0.8
--ebay,16,1,17,0.058823529411764705
accuses-angry,4,2,6,0.3333333333333333
:-to,5,1,6,0.16666666666666666
demolished-ha,4,1,5,0.2
=-war,1,1,2,0.5
but-of,49,29,78,0.3717948717948718
back-bring,3,2,5,0.4
#rickperry-lab,1,2,3,0.6666666666666666
when-your,30,6,36,0.16666666666666666
peace-which,4,2,6,0.3333333333333333
deluge-i'm,1,1,2,0.5
deluged-why,1,1,2,0.5
in-who,23,50,73,0.684931506849315
it-youûªve,4,3,7,0.42857142857142855
just-legit,1,1,2,0.5
basement-is,1,1,2,0.5
and-assistance,1,1,2,0.5
dinner-hosting,1,1,2,0.5
relief-wom...,2,1,3,0.3333333333333333
is:-question,1,1,2,0.5
are-sinking,4,2,6,0.3333333333333333
at-think,1,1,2,0.5
had-her,2,3,5,0.6
a-want,33,7,40,0.175
&amp;-but,14,2,16,0.125
all-rt,5,1,6,0.16666666666666666
came-his,2,2,4,0.5
of-ûó,6,5,11,0.45454545454545453
play-that,5,1,6,0.16666666666666666
back-your,5,1,6,0.16666666666666666
move-to,12,4,16,0.25
burst-of,2,1,3,0.3333333333333333
a-dark,1,1,2,0.5
(and-be,1,1,2,0.5
a-inside,6,12,18,0.6666666666666666
by-jedi,1,1,2,0.5
action-after,3,3,6,0.5
leave-take,1,2,3,0.6666666666666666
just-okay,3,1,4,0.25
ha-passed,1,2,3,0.6666666666666666
#lies-#truth,3,4,7,0.5714285714285714
fatality-no,1,3,4,0.75
into-new,19,2,21,0.09523809523809523
this-where,5,2,7,0.2857142857142857
shape-the,15,1,16,0.0625
for-issue,2,6,8,0.75
#bioterror-#frontpage:,1,2,3,0.6666666666666666
#handbag-purse,6,1,7,0.14285714285714285
think-what,3,2,5,0.4
make-wood,2,1,3,0.3333333333333333
longer-of,8,11,19,0.5789473684210527
in-jonathan,4,8,12,0.6666666666666666
a-special,3,4,7,0.5714285714285714
--so,2,7,9,0.7777777777777778
of-shut,2,2,4,0.5
what-whirlwind,1,1,2,0.5
and-evacuation,1,3,4,0.75
consequence-http://t.co/bbdpnj8xsx,2,1,3,0.3333333333333333
a-possible,5,10,15,0.6666666666666666
down-ha,3,1,4,0.25
happened-it,1,2,3,0.6666666666666666
of-that's,7,7,14,0.5
about-and,38,10,48,0.20833333333333334
it-or,30,7,37,0.1891891891891892
horse-them!,1,1,2,0.5
feel-not,2,1,3,0.3333333333333333
me-will,10,1,11,0.09090909090909091
??-to,40,7,47,0.14893617021276595
do-i'm,5,4,9,0.4444444444444444
grow-which,1,1,2,0.5
of-you!,2,1,3,0.3333333333333333
a-already.,1,2,3,0.6666666666666666
got-just,10,8,18,0.4444444444444444
#prebreak-many,4,1,5,0.2
person-the,13,8,21,0.38095238095238093
enormous-me,1,1,2,0.5
is-sleeping,2,1,3,0.3333333333333333
it-sure,1,2,3,0.6666666666666666
morning-sun.,1,1,2,0.5
found-in,7,12,19,0.631578947368421
equal-is,3,2,5,0.4
rose-the,2,1,3,0.3333333333333333
and-doe,6,3,9,0.3333333333333333
bb4sp-targeting,2,1,3,0.3333333333333333
2-via,2,1,3,0.3333333333333333
at-boot,1,2,3,0.6666666666666666
show-too,1,1,2,0.5
derail-gm!,5,1,6,0.16666666666666666
a-describes,2,1,3,0.3333333333333333
of-soldier,2,4,6,0.6666666666666666
just-need,5,1,6,0.16666666666666666
guy-that,4,3,7,0.42857142857142855
got-u,3,2,5,0.4
petition-|,2,1,3,0.3333333333333333
it-sinking,7,4,11,0.36363636363636365
cannot-that,1,1,2,0.5
all-up,8,4,12,0.3333333333333333
let's-people,1,1,2,0.5
baby-burning,2,3,5,0.6
any-how,3,2,5,0.4
and-annihilated,3,2,5,0.4
female-the,1,1,2,0.5
her-of,16,6,22,0.2727272727272727
baby-woman,9,4,13,0.3076923076923077
is-putin,1,2,3,0.6666666666666666
men-to,2,2,4,0.5
#southdowns-#treeporn,1,1,2,0.5
feel-for,6,2,8,0.25
for-would,10,5,15,0.3333333333333333
#reflect-it,2,1,3,0.3333333333333333
bayelsa-former,4,2,6,0.3333333333333333
@change-park,5,3,8,0.375
bomb-out,2,2,4,0.5
bank-in,2,4,6,0.6666666666666666
talking-the,1,5,6,0.8333333333333334
3-old,1,1,2,0.5
disaster-into,2,2,4,0.5
at-city,1,2,3,0.6666666666666666
a-short,4,3,7,0.42857142857142855
--over,1,16,17,0.9411764705882353
few-may,1,2,3,0.6666666666666666
u-with,14,4,18,0.2222222222222222
government-made,1,1,2,0.5
nuclear-power,2,2,4,0.5
feed-of,3,2,5,0.4
illegal-to,4,1,5,0.2
medium-with,1,1,2,0.5
effort-of,1,3,4,0.75
by-music,1,1,2,0.5
oh-the,10,5,15,0.3333333333333333
all-only,6,1,7,0.14285714285714285
burned-walking,1,1,2,0.5
an-coming,1,2,3,0.6666666666666666
ha-price,2,1,3,0.3333333333333333
accept-but,1,1,2,0.5
happen-they,2,1,3,0.3333333333333333
show-that,8,1,9,0.1111111111111111
burning-is,4,5,9,0.5555555555555556
in-something,3,3,6,0.5
off-up,3,3,6,0.5
just-were,2,2,4,0.5
neighbour's-of,13,3,16,0.1875
are-local,1,2,3,0.6666666666666666
--crash,1,3,4,0.75
#foodscare-#offers2go,1,2,3,0.6666666666666666
smoking-to,3,1,4,0.25
guide-in,1,2,3,0.6666666666666666
#bioterror-sanctions.,1,2,3,0.6666666666666666
fire-just,8,7,15,0.4666666666666667
ash-at,1,4,5,0.8
today-up,5,2,7,0.2857142857142857
car-front,2,1,3,0.3333333333333333
a-south,3,3,6,0.5
just-yet,1,1,2,0.5
comment-insurer,6,1,7,0.14285714285714285
may-our,1,3,4,0.75
@accionempresa-sparked,1,1,2,0.5
didn't-feel,3,1,4,0.25
hostage-land,1,10,11,0.9090909090909091
me.-wa,3,2,5,0.4
be-it's,15,3,18,0.16666666666666666
fire-toilet,1,1,2,0.5
another-can,1,1,2,0.5
following-for,1,2,3,0.6666666666666666
charged-pregnant,2,1,3,0.3333333333333333
for-great,5,4,9,0.4444444444444444
lady-shoulder,12,1,13,0.07692307692307693
them.-you,7,1,8,0.125
student-to,2,2,4,0.5
dead-free,1,1,2,0.5
actually-on,1,1,2,0.5
do-please,1,2,3,0.6666666666666666
and-of,275,158,433,0.3648960739030023
#southdowns-on,1,1,2,0.5
on-trip,2,1,3,0.3333333333333333
after-police,2,22,24,0.9166666666666666
3g-whole,4,3,7,0.42857142857142855
greenway-on,1,1,2,0.5
#greatbritishbakeoff-??,2,1,3,0.3333333333333333
follow-u,1,1,2,0.5
at-officer,2,2,4,0.5
do-how,20,6,26,0.23076923076923078
man-made-of,1,1,2,0.5
lung-of,1,1,2,0.5
--center,1,2,3,0.6666666666666666
chart-the,2,1,3,0.3333333333333333
catastrophe.-library:,2,2,4,0.5
get-i'm,14,2,16,0.125
by-need,1,1,2,0.5
man-save,1,1,2,0.5
be-girl,3,1,4,0.25
collapsed-it,3,3,6,0.5
but-tv,1,1,2,0.5
a-survivors.,1,1,2,0.5
bag-hobo,7,1,8,0.125
holding-i,3,1,4,0.25
about-released,15,6,21,0.2857142857142857
be-they,14,5,19,0.2631578947368421
cyclist-drive,1,1,2,0.5
forest-year,1,1,2,0.5
c-130-specially,1,10,11,0.9090909090909091
in-knew,1,1,2,0.5
rainstorm-up,1,1,2,0.5
confirmed-ha,1,5,6,0.8333333333333334
getting-when,1,5,6,0.8333333333333334
first-former,2,2,4,0.5
army-the,4,12,16,0.75
be-see,6,1,7,0.14285714285714285
couple-the,4,2,6,0.3333333333333333
best-listen,1,1,2,0.5
it-so,61,18,79,0.22784810126582278
and-û_,4,4,8,0.5
#tree-the,1,1,2,0.5
me-them,4,1,5,0.2
in-race,1,1,2,0.5
#islam!-hellfire!,1,1,2,0.5
disaster-for,5,88,93,0.946236559139785
flame-that,2,1,3,0.3333333333333333
first-would,2,1,3,0.3333333333333333
don't-stupid.,1,1,2,0.5
lightning-say,1,1,2,0.5
cyclist-greenway,1,2,3,0.6666666666666666
--led,12,2,14,0.14285714285714285
could-have,8,4,12,0.3333333333333333
damn-that,3,2,5,0.4
i-it.,16,6,22,0.2727272727272727
the-where's,2,2,4,0.5
in-saving,5,10,15,0.6666666666666666
of-tonight.,1,1,2,0.5
danger-of,10,4,14,0.2857142857142857
paint-to,1,1,2,0.5
flood-life,7,1,8,0.125
can-think,3,1,4,0.25
box-forest,1,1,2,0.5
japan-traditional,1,1,2,0.5
#afterlife-desire,8,2,10,0.2
had-off,4,3,7,0.42857142857142855
picture-you,1,1,2,0.5
mass-this,4,1,5,0.2
go-your,8,3,11,0.2727272727272727
coming-new,7,3,10,0.3
and-think,13,2,15,0.13333333333333333
forest-you,1,2,3,0.6666666666666666
by-until,2,4,6,0.6666666666666666
over-up,3,2,5,0.4
doing-u,1,1,2,0.5
i'm-you,47,6,53,0.11320754716981132
and-murderer,2,5,7,0.7142857142857143
definitely-the,2,3,5,0.6
rt-we,5,1,6,0.16666666666666666
--knoxville,1,2,3,0.6666666666666666
for-that's,4,4,8,0.5
land-turned,8,4,12,0.3333333333333333
a-air,6,4,10,0.4
right-them,2,1,3,0.3333333333333333
here-lol,2,1,3,0.3333333333333333
sun.-the,3,1,4,0.25
of-only,19,6,25,0.24
anything-lead,3,1,4,0.25
arrived-grill,2,1,3,0.3333333333333333
day-whirlwind,1,1,2,0.5
for-weak,1,1,2,0.5
ship-sinking,3,2,5,0.4
least-to,3,4,7,0.5714285714285714
lead-the,6,1,7,0.14285714285714285
radio-the,4,4,8,0.5
it-man,9,1,10,0.1
burning-real,1,1,2,0.5
story-û_,1,1,2,0.5
ago-to,1,3,4,0.75
area-that,1,1,2,0.5
wa-wanted,1,2,3,0.6666666666666666
have-is,33,20,53,0.37735849056603776
it-tho,1,1,2,0.5
love-this,6,1,7,0.14285714285714285
about-just,8,2,10,0.2
look-mudslide',2,1,3,0.3333333333333333
hasbro-read,1,1,2,0.5
by-star,3,1,4,0.25
--this,7,6,13,0.46153846153846156
burning-do,3,3,6,0.5
dinner-newlywed,1,1,2,0.5
from-of,46,99,145,0.6827586206896552
in-wb,1,1,2,0.5
????-i,28,6,34,0.17647058823529413
one-up,1,3,4,0.75
forever-this,2,1,3,0.3333333333333333
dad-my,9,2,11,0.18181818181818182
to-trip,4,2,6,0.3333333333333333
letûªs-we,3,1,4,0.25
been-you,34,7,41,0.17073170731707318
review-the,1,3,4,0.75
@corleonedaboss-that,1,1,2,0.5
a-place,9,12,21,0.5714285714285714
don't-murderer,1,1,2,0.5
first-like,3,2,5,0.4
how-just,3,2,5,0.4
much-that,12,1,13,0.07692307692307693
little-our,1,1,2,0.5
playing-what,2,1,3,0.3333333333333333
'the-released,3,3,6,0.5
jonathan-patience,4,10,14,0.7142857142857143
get-to,94,29,123,0.23577235772357724
#lies-truth...,3,4,7,0.5714285714285714
hope-this,1,1,2,0.5
act-in,1,2,3,0.6666666666666666
fan-of,8,2,10,0.2
rt-with,6,1,7,0.14285714285714285
haha-you,3,1,4,0.25
destroy-the,11,5,16,0.3125
buildings.-with,1,1,2,0.5
did-have,2,3,5,0.6
#hellfire-people,2,1,3,0.3333333333333333
ship-that,2,1,3,0.3333333333333333
anything-want,3,1,4,0.25
fall-i,16,9,25,0.36
like-they're,4,1,5,0.2
!-on,1,1,2,0.5
a-disaster,21,12,33,0.36363636363636365
ha-new,7,4,11,0.36363636363636365
after-in,14,49,63,0.7777777777777778
lady-tote,11,1,12,0.08333333333333333
--rn,5,1,6,0.16666666666666666
and-equipment,1,1,2,0.5
survived-year,1,2,3,0.6666666666666666
at-red,1,3,4,0.75
in-swimming,2,3,5,0.6
act-now!,2,1,3,0.3333333333333333
flash-the,4,2,6,0.3333333333333333
--demolition,1,1,2,0.5
back-now,2,1,3,0.3333333333333333
china's-in,9,6,15,0.4
apparently-that,1,1,2,0.5
hate-new,1,1,2,0.5
from-small,3,1,4,0.25
it-out!,2,2,4,0.5
hear-the,16,5,21,0.23809523809523808
i-police,7,2,9,0.2222222222222222
thx-you,1,1,2,0.5
i.e.-war,4,2,6,0.3333333333333333
aka-in,3,1,4,0.25
city-you,2,2,4,0.5
bioterror-of,6,15,21,0.7142857142857143
#nowplaying-and,3,1,4,0.25
according-is,1,3,4,0.75
'save-it,4,2,6,0.3333333333333333
hey-that,1,1,2,0.5
a-disaster.,4,6,10,0.6
to-you're,22,8,30,0.26666666666666666
coming-me,1,2,3,0.6666666666666666
awful-have,1,2,3,0.6666666666666666
cheese-hazard,1,1,2,0.5
big-but,2,2,4,0.5
having-week,1,1,2,0.5
#photography-#winter,1,1,2,0.5
fan-fire,1,4,5,0.8
53inch-reû_,6,1,7,0.14285714285714285
nearby.-what,13,3,16,0.1875
city-like,1,1,2,0.5
me-mountain,1,1,2,0.5
fedex-mishap,5,11,16,0.6875
and-sea,2,1,3,0.3333333333333333
not-them,3,3,6,0.5
or-right,1,1,2,0.5
by-droid,1,1,2,0.5
in-surah,2,1,3,0.3333333333333333
by-him,1,1,2,0.5
me-police,4,1,5,0.2
but-ross,1,1,2,0.5
(peace-even,4,2,6,0.3333333333333333
a-ok,2,3,5,0.6
breaking-my,13,3,16,0.1875
have-said,2,6,8,0.75
it-love,9,1,10,0.1
even-survived,2,1,3,0.3333333333333333
exactly-the,2,3,5,0.6
but-when,11,4,15,0.26666666666666666
glad-is,1,1,2,0.5
a-beat,6,1,7,0.14285714285714285
for-summer,4,1,5,0.2
in-western,1,13,14,0.9285714285714286
like-year,7,3,10,0.3
is-tornado,9,8,17,0.47058823529411764
#genocide;-a,1,4,5,0.8
recovery-the,1,2,3,0.6666666666666666
been-her,3,2,5,0.4
get-wave,1,1,2,0.5
because-should,2,1,3,0.3333333333333333
crashed-the,6,10,16,0.625
horse...-via,5,3,8,0.375
playing-we're,2,1,3,0.3333333333333333
about-do,9,8,17,0.47058823529411764
and-number,1,1,2,0.5
instead-newlywed,1,1,2,0.5
i-parent,2,2,4,0.5
to-until,8,1,9,0.1111111111111111
&amp;-god,4,1,5,0.2
a-evacuate,1,11,12,0.9166666666666666
eye-occurred,8,1,9,0.1111111111111111
ha-i'm,3,2,5,0.4
burning-we,2,2,4,0.5
in-you.,2,1,3,0.3333333333333333
anniversary-is,1,3,4,0.75
loved-the,8,2,10,0.2
ambulance-now,1,1,2,0.5
drown-hope,1,1,2,0.5
i-they,40,10,50,0.2
#bbc-#news,3,5,8,0.625
can-never,5,1,6,0.16666666666666666
a-team,5,3,8,0.375
autobiography-world,1,1,2,0.5
blow-electrocuted,1,1,2,0.5
no-when,5,4,9,0.4444444444444444
along-to,1,2,3,0.6666666666666666
on-their,11,6,17,0.35294117647058826
2015:-in,1,1,2,0.5
because-come,1,1,2,0.5
my-town,1,1,2,0.5
destroy-how,1,1,2,0.5
area-high,1,2,3,0.6666666666666666
all-department,1,1,2,0.5
school-still,1,2,3,0.6666666666666666
and-member,1,5,6,0.8333333333333334
vote:-you,2,1,3,0.3333333333333333
just-mean,2,2,4,0.5
are-damage,3,1,4,0.25
fire-rt,2,2,4,0.5
are-bad,2,3,5,0.6
hijacker-http://t.co/jlzk2hdetg,1,1,2,0.5
government-is,5,1,6,0.16666666666666666
by-storm,2,2,4,0.5
dad-look,1,2,3,0.6666666666666666
but-different,1,2,3,0.6666666666666666
my-send,4,2,6,0.3333333333333333
can't-right,1,1,2,0.5
#quote-he,2,1,3,0.3333333333333333
material-wom...,2,1,3,0.3333333333333333
someone-why,2,2,4,0.5
he's-of,5,2,7,0.2857142857142857
and-careful,5,1,6,0.16666666666666666
18w-lamp,3,1,4,0.25
an-it.,2,2,4,0.5
accident-there,1,1,2,0.5
due-in,2,12,14,0.8571428571428571
like-now,1,2,3,0.6666666666666666
consequence-this,2,1,3,0.3333333333333333
like-wave,4,2,6,0.3333333333333333
and-away,12,6,18,0.3333333333333333
my-ok,1,1,2,0.5
panic-the,18,3,21,0.14285714285714285
:d-the,2,1,3,0.3333333333333333
after-bombed,2,2,4,0.5
don't-w,1,1,2,0.5
on-realise,8,6,14,0.42857142857142855
insurer-rule,6,1,7,0.14285714285714285
if-must,2,1,3,0.3333333333333333
can-me,11,1,12,0.08333333333333333
feeling-youûªve,4,3,7,0.42857142857142855
#wmata-with,1,1,2,0.5
??????-burning,2,1,3,0.3333333333333333
really-sure,1,1,2,0.5
into-ocean,1,1,2,0.5
of-physical,2,1,3,0.3333333333333333
the-u.s.,4,22,26,0.8461538461538461
but-dead,3,1,4,0.25
claim-to,3,5,8,0.625
of-talking,2,2,4,0.5
for-see,5,1,6,0.16666666666666666
every-know,2,2,4,0.5
he-person,1,1,2,0.5
emergency-nu,1,2,3,0.6666666666666666
guess-the,5,2,7,0.2857142857142857
to-what,55,27,82,0.32926829268292684
be-storm,1,2,3,0.6666666666666666
to-trying,26,6,32,0.1875
@youtube-from,19,1,20,0.05
by-heard,1,1,2,0.5
family-up,2,1,3,0.3333333333333333
before-in,8,10,18,0.5555555555555556
????-die,1,1,2,0.5
are-survive,1,2,3,0.6666666666666666
rioting-stop,1,1,2,0.5
??-annihilated,1,1,2,0.5
cut-for,2,4,6,0.6666666666666666
for-spent,1,1,2,0.5
donûªt-think,4,1,5,0.2
#cs-#sismo,1,1,2,0.5
....-and,1,1,2,0.5
bite-my,2,1,3,0.3333333333333333
turned-zone.,1,1,2,0.5
doesn't-sanctions.,1,2,3,0.6666666666666666
found-i,5,1,6,0.16666666666666666
after-life,1,5,6,0.8333333333333334
got-with,2,1,3,0.3333333333333333
music-of,3,2,5,0.4
http://t.co/0wratka2jl-worth,2,1,3,0.3333333333333333
spoke-the,2,2,4,0.5
at-camp,1,3,4,0.75
cliff.-i,4,1,5,0.2
at-nuclear,3,4,7,0.5714285714285714
i-which,9,1,10,0.1
kit-whistle,1,1,2,0.5
a-bully,2,2,4,0.5
boy-will,3,1,4,0.25
break-for,2,1,3,0.3333333333333333
a-red,5,4,9,0.4444444444444444
do-on,14,3,17,0.17647058823529413
and-unavoidable,2,1,3,0.3333333333333333
&amp;-red,2,2,4,0.5
on-post,4,2,6,0.3333333333333333
become-not,2,1,3,0.3333333333333333
a-thunder,3,9,12,0.75
fighter-out,1,1,2,0.5
family-over,2,51,53,0.9622641509433962
fire-flame,1,4,5,0.8
blanket-reû_,1,1,2,0.5
fire-while,2,2,4,0.5
shooter-they,1,1,2,0.5
in-loose,1,1,2,0.5
exterminate-transformation,1,1,2,0.5
and-friend,11,4,15,0.26666666666666666
drought-of,1,2,3,0.6666666666666666
only-say,2,1,3,0.3333333333333333
ii-lawton,1,1,2,0.5
olap-pres:,1,2,3,0.6666666666666666
--&gt;-to,1,1,2,0.5
the-tree,3,7,10,0.7
down-look,1,1,2,0.5
me.-on,2,2,4,0.5
#phoenix-me,1,1,2,0.5
and-school,8,2,10,0.2
milkshake-to,2,2,4,0.5
malaysia-to,1,1,2,0.5
for-wind,1,4,5,0.8
#hot-sound,12,5,17,0.29411764705882354
in-liked,2,1,3,0.3333333333333333
is-weather,3,4,7,0.5714285714285714
as-to,9,2,11,0.18181818181818182
i-on,101,42,143,0.2937062937062937
back-it's,3,1,4,0.25
inside-that,3,4,7,0.5714285714285714
her-lady,1,1,2,0.5
hour-that,6,1,7,0.14285714285714285
article-my,2,1,3,0.3333333333333333
seen-wa,2,1,3,0.3333333333333333
when-will,12,9,21,0.42857142857142855
it-up,34,7,41,0.17073170731707318
go-will,9,4,13,0.3076923076923077
blanket-saw,1,1,2,0.5
&amp;-vote:,2,1,3,0.3333333333333333
if-or,10,6,16,0.375
injury-wa,6,1,7,0.14285714285714285
dan-stretcher,1,1,2,0.5
&amp;-survive,1,1,2,0.5
!-war,1,1,2,0.5
if-thing,5,2,7,0.2857142857142857
target-van,1,2,3,0.6666666666666666
...-on,2,14,16,0.875
land-of,12,9,21,0.42857142857142855
a-american,2,7,9,0.7777777777777778
i-wreck,5,1,6,0.16666666666666666
soul-to,3,1,4,0.25
from-part,1,3,4,0.75
car-you,5,2,7,0.2857142857142857
shot-wa,3,1,4,0.25
become-the,6,4,10,0.4
a-support,3,4,7,0.5714285714285714
insurance-with,1,2,3,0.6666666666666666
browser-hijacker,5,2,7,0.2857142857142857
mom-party,1,1,2,0.5
#phoenix-couple,1,1,2,0.5
#hiring!-we're,3,1,4,0.25
hearing-on,1,2,3,0.6666666666666666
emergency-level,3,1,4,0.25
#news-from,1,5,6,0.8333333333333334
fuck-im,1,1,2,0.5
my-year,13,4,17,0.23529411764705882
from-prime,1,2,3,0.6666666666666666
a-thursday,2,6,8,0.75
shit-still,1,1,2,0.5
ain't-the,7,2,9,0.2222222222222222
out-via,3,1,4,0.25
smoky-snowstorm,1,2,3,0.6666666666666666
image-rt,1,1,2,0.5
of-playing,6,3,9,0.3333333333333333
in-ur,3,2,5,0.4
family-military,1,2,3,0.6666666666666666
gonna-good,1,1,2,0.5
back-school,2,1,3,0.3333333333333333
cost-to,2,1,3,0.3333333333333333
law-to,2,3,5,0.6
a-closed,1,3,4,0.75
is-petition,3,2,5,0.4
8-pin-phone,1,1,2,0.5
deadly-in,1,1,2,0.5
you-your,121,19,140,0.1357142857142857
bottom-the,9,4,13,0.3076923076923077
for-nuclear,6,7,13,0.5384615384615384
and-modified,1,10,11,0.9090909090909091
and-feel,11,3,14,0.21428571428571427
due-last,1,1,2,0.5
all-flame,1,1,2,0.5
philippine-township,1,1,2,0.5
blood-don't,1,1,2,0.5
family-get,1,1,2,0.5
a-according,5,1,6,0.16666666666666666
and-tomorrow,5,3,8,0.375
1/2-and,1,1,2,0.5
for-mentally,2,1,3,0.3333333333333333
event-in,2,3,5,0.6
class.-in,3,1,4,0.25
an-it's,7,2,9,0.2222222222222222
story-to,8,1,9,0.1111111111111111
bar-lamp,6,1,7,0.14285714285714285
family-who,3,23,26,0.8846153846153846
free-just,2,1,3,0.3333333333333333
all-take,1,1,2,0.5
all-life,4,2,6,0.3333333333333333
my-of,118,35,153,0.22875816993464052
disaster-see,1,1,2,0.5
fatality-pedestrian,1,3,4,0.75
black-destroyed,9,1,10,0.1
around-i'm,3,2,5,0.4
and-project,1,1,2,0.5
mourning-of,1,4,5,0.8
#phoenix-coyote,1,1,2,0.5
call-just,1,1,2,0.5
attack-damage,1,1,2,0.5
dead-obliteration,2,1,3,0.3333333333333333
concerned-government,4,2,6,0.3333333333333333
fighting-of,2,3,5,0.6
listen-of,6,2,8,0.25
a-stadium,2,10,12,0.8333333333333334
disaster-the,7,27,34,0.7941176470588235
sinkhole-that,1,1,2,0.5
apocalypse.-but,1,1,2,0.5
centre-government,3,1,4,0.25
of-potential,1,2,3,0.6666666666666666
fire-who,1,8,9,0.8888888888888888
of-thing,7,5,12,0.4166666666666667
after-due,1,2,3,0.6666666666666666
apocalypse-high,1,1,2,0.5
of-row,2,1,3,0.3333333333333333
getting-we,4,3,7,0.42857142857142855
night-this,3,1,4,0.25
abuse-and,1,3,4,0.75
blaze-the,5,3,8,0.375
and-attack.,2,2,4,0.5
police-rioting,1,3,4,0.75
thank-wa,1,2,3,0.6666666666666666
&amp;-giving,1,1,2,0.5
comparison-cruz,1,1,2,0.5
doing-is,3,2,5,0.4
devastation-with,2,15,17,0.8823529411764706
a-fan,18,5,23,0.21739130434782608
england-trent,1,1,2,0.5
interview-of,2,1,3,0.3333333333333333
and-survivor,1,2,3,0.6666666666666666
eye-involving,8,1,9,0.1111111111111111
full-star,1,1,2,0.5
had-he,5,6,11,0.5454545454545454
are-can't,2,3,5,0.6
never-off,1,1,2,0.5
it-them,2,2,4,0.5
it-socialism,2,1,3,0.3333333333333333
at-youûªve,4,3,7,0.42857142857142855
far-so,7,4,11,0.36363636363636365
curfew-for,4,1,5,0.2
explosion-one,1,1,2,0.5
in-madinah.,4,2,6,0.3333333333333333
#onlinecommunities-will,2,1,3,0.3333333333333333
about-bridge,1,4,5,0.8
--mount,3,15,18,0.8333333333333334
is-seismic,1,1,2,0.5
but-you're,9,6,15,0.4
feminist-riot,5,1,6,0.16666666666666666
care-little,1,1,2,0.5
the-twice,2,3,5,0.6
while-wild,1,1,2,0.5
drinking-in,3,1,4,0.25
the-tunein,1,1,2,0.5
scream-your,4,1,5,0.2
hostages.-in,1,1,2,0.5
epic-pledge,1,1,2,0.5
for-mourning,2,4,6,0.6666666666666666
--at,21,58,79,0.7341772151898734
man-old,1,1,2,0.5
emergency-fte,1,1,2,0.5
#international-for,1,1,2,0.5
?????-fire,1,1,2,0.5
daniel-the,3,2,5,0.4
and-crazy,4,2,6,0.3333333333333333
describes-of,4,2,6,0.3333333333333333
is-kid,2,1,3,0.3333333333333333
prepare-ultimate,2,2,4,0.5
have-thought,2,2,4,0.5
because-me,9,1,10,0.1
tunein-violent,1,1,2,0.5
a-philly,1,1,2,0.5
--siren,4,1,5,0.2
pedestrian-train,1,1,2,0.5
ended-the,2,1,3,0.3333333333333333
i'm-not,33,8,41,0.1951219512195122
don't-for,16,4,20,0.2
cannot-of,1,1,2,0.5
not-sure,5,1,6,0.16666666666666666
santa-st,2,1,3,0.3333333333333333
displaced-nema,2,1,3,0.3333333333333333
#best-send,12,5,17,0.29411764705882354
he-just,10,4,14,0.2857142857142857
every-of,9,9,18,0.5
in-isn't,2,9,11,0.8181818181818182
attack-destiny,5,1,6,0.16666666666666666
3g-a,4,3,7,0.42857142857142855
in-support,2,6,8,0.75
drought-get,1,1,2,0.5
hot-with,2,1,3,0.3333333333333333
do-need,3,3,6,0.5
body-for,7,18,25,0.72
@po_st-via,4,1,5,0.2
foot-get,1,1,2,0.5
for-still,11,5,16,0.3125
fire.-the,2,11,13,0.8461538461538461
never-thought,1,1,2,0.5
#talkradio-live:,1,1,2,0.5
only-with,5,1,6,0.16666666666666666
horse-whipped,2,1,3,0.3333333333333333
bang-loud,21,6,27,0.2222222222222222
pussy-you,4,1,5,0.2
500-of,2,1,3,0.3333333333333333
iran-rescue,1,10,11,0.9090909090909091
alien-transformation,1,1,2,0.5
i'm-way,3,1,4,0.25
building....-mmmmmm,1,1,2,0.5
man-they,2,1,3,0.3333333333333333
soon-the,12,3,15,0.2
library:-ultimate,2,2,4,0.5
[portland-portland,1,1,2,0.5
be-wreck,1,1,2,0.5
#hampshire-oak,1,1,2,0.5
but-like,29,16,45,0.35555555555555557
in-middle,6,8,14,0.5714285714285714
bay-to,2,1,3,0.3333333333333333
following-the,1,6,7,0.8571428571428571
are-while,2,3,5,0.6
bullet-wound,1,1,2,0.5
a-ûïthe,1,1,2,0.5
debt-the,1,1,2,0.5
city-to,6,7,13,0.5384615384615384
about-bought,1,1,2,0.5
general-war,1,2,3,0.6666666666666666
act-until,2,1,3,0.3333333333333333
only-u,2,1,3,0.3333333333333333
can-done.,2,1,3,0.3333333333333333
this-world,5,3,8,0.375
down-literally,1,1,2,0.5
crash:-the,10,7,17,0.4117647058823529
did-get,6,1,7,0.14285714285714285
4wd-reaû_,3,1,4,0.25
led-mining,3,1,4,0.25
poll:-tension,3,1,4,0.25
mum-ty,1,1,2,0.5
for-your,28,17,45,0.37777777777777777
sea-the,7,10,17,0.5882352941176471
demolish-to,15,2,17,0.11764705882352941
at-wonder,2,1,3,0.3333333333333333
and-chicago,2,2,4,0.5
been-with,5,27,32,0.84375
it-war,4,6,10,0.6
ass.-to,16,3,19,0.15789473684210525
tell-to,10,8,18,0.4444444444444444
fatality-|,5,1,6,0.16666666666666666
doesn't-to,7,1,8,0.125
like-new,1,1,2,0.5
are-got,1,1,2,0.5
2pcs-truck,3,1,4,0.25
http://t.co/xssgedsbh4-playing,1,1,2,0.5
it-which,5,2,7,0.2857142857142857
funny-to,2,1,3,0.3333333333333333
now-watching,1,1,2,0.5
if-place,2,1,3,0.3333333333333333
a-dignity,1,1,2,0.5
don't-to,38,17,55,0.3090909090909091
a-result,2,7,9,0.7777777777777778
damage-your,2,1,3,0.3333333333333333
out-star,2,1,3,0.3333333333333333
australia-bridge,2,3,5,0.6
cancel-to,2,1,3,0.3333333333333333
a-plane,1,4,5,0.8
i-near,1,4,5,0.8
and-create,1,3,4,0.75
need-we,9,9,18,0.5
likely-to,20,3,23,0.13043478260869565
haha-u,1,1,2,0.5
fifth-listen,2,1,3,0.3333333333333333
fire-my,4,6,10,0.6
know-me,2,1,3,0.3333333333333333
percent-the,1,1,2,0.5
research-specimen,2,1,3,0.3333333333333333
falling-of,1,4,5,0.8
+-storm,2,1,3,0.3333333333333333
fennovoima-finnish,2,1,3,0.3333333333333333
like-war,7,3,10,0.3
flood-to,2,11,13,0.8461538461538461
time-township,1,1,2,0.5
so-this,22,6,28,0.21428571428571427
how-save,1,2,3,0.6666666666666666
.-û_,1,1,2,0.5
first-nuclear,2,1,3,0.3333333333333333
five-reveals,1,1,2,0.5
evacuation-to,1,11,12,0.9166666666666666
not-wind,1,1,2,0.5
salt-wild,5,4,9,0.4444444444444444
interest-market,2,1,3,0.3333333333333333
issue-it,1,2,3,0.6666666666666666
by-destiny,5,1,6,0.16666666666666666
blind-the,1,4,5,0.8
content-now,13,2,15,0.13333333333333333
horse...-salt,5,3,8,0.375
right-wa,4,2,6,0.3333333333333333
building....-ooh...,1,1,2,0.5
evacuation-mma,1,2,3,0.6666666666666666
new-video,10,2,12,0.16666666666666666
broke-out,1,1,2,0.5
but-power,2,1,3,0.3333333333333333
off-with,2,1,3,0.3333333333333333
deal-to,4,5,9,0.5555555555555556
he-scream,2,2,4,0.5
now-that's,6,2,8,0.25
by-harm/kid,2,1,3,0.3333333333333333
in-living,2,3,5,0.6
in-off,9,10,19,0.5263157894736842
is-latest,3,4,7,0.5714285714285714
he-into,10,4,14,0.2857142857142857
i-such,7,1,8,0.125
hi-to,3,1,4,0.25
a-evening,1,3,4,0.75
i-twister,7,1,8,0.125
people-post,1,1,2,0.5
crash-market,10,1,11,0.09090909090909091
drug-the,1,2,3,0.6666666666666666
be-far,3,1,4,0.25
film-odeon,1,4,5,0.8
be-boy,1,1,2,0.5
invoices.-likely,6,1,7,0.14285714285714285
ocean-to,1,1,2,0.5
a-trump,2,1,3,0.3333333333333333
https://t.co/e8dl1lncvu-petition!take,1,1,2,0.5
and-blind,1,1,2,0.5
on-then,5,3,8,0.375
stock-there,14,6,20,0.3
at-three,1,1,2,0.5
do-sick,1,1,2,0.5
instead-the,7,5,12,0.4166666666666667
moved-of,2,1,3,0.3333333333333333
@youtube-mayhem!,1,1,2,0.5
wa-well,2,3,5,0.6
that-wait,6,1,7,0.14285714285714285
but-way,2,3,5,0.6
rightways:-via,1,1,2,0.5
potential-willing,1,1,2,0.5
black-then,1,1,2,0.5
knock-standard,7,2,9,0.2222222222222222
a-causing,4,4,8,0.5
lawton-war,1,1,2,0.5
he-people,3,3,6,0.5
emergency-t...,1,1,2,0.5
congress-to,1,1,2,0.5
destruction-go,1,2,3,0.6666666666666666
and-c-130,1,10,11,0.9090909090909091
a-sorry,11,4,15,0.26666666666666666
can-it.,2,1,3,0.3333333333333333
of-sunni,1,1,2,0.5
include-to,1,1,2,0.5
30-evacuated,1,3,4,0.75
more-over,1,25,26,0.9615384615384616
couple-watch,2,1,3,0.3333333333333333
pdp:-plan,2,2,4,0.5
from-nearby.,13,3,16,0.1875
his-until,5,1,6,0.16666666666666666
ha-murder,1,1,2,0.5
album-https://t.co/moll5vd8yd,3,1,4,0.25
what-with,17,5,22,0.22727272727272727
linkury-remove,5,2,7,0.2857142857142857
2-still,4,3,7,0.42857142857142855
car-full,3,1,4,0.25
destroy-doesn't,1,1,2,0.5
@youtube-ep,1,1,2,0.5
rock-to,3,1,4,0.25
to-u.s.,1,3,4,0.75
anyone-of,8,2,10,0.2
allowed-and,1,1,2,0.5
new-tote,11,1,12,0.08333333333333333
bag-have,1,1,2,0.5
my-shot,1,2,3,0.6666666666666666
since-yr,1,1,2,0.5
back-don't,2,1,3,0.3333333333333333
fatality-is,3,2,5,0.4
ocean-of,3,5,8,0.625
home-just,1,1,2,0.5
of-you're,8,2,10,0.2
to-work,20,7,27,0.25925925925925924
for-said,3,1,4,0.25
chase-shit,2,2,4,0.5
i-throwing,2,1,3,0.3333333333333333
accept-like,1,1,2,0.5
now-work,3,1,4,0.25
since-this,2,3,5,0.6
have-melt,1,1,2,0.5
2-not,1,6,7,0.8571428571428571
#???????-somalia,1,1,2,0.5
not-while,3,2,5,0.4
itûªs-to,2,2,4,0.5
black-star,8,1,9,0.1111111111111111
big-never,1,1,2,0.5
terrifying-the,1,1,2,0.5
crystal-mineral's,1,1,2,0.5
option-the,5,1,6,0.16666666666666666
a-caused,2,19,21,0.9047619047619048
#phoenix-some,1,1,2,0.5
act-animal!,2,1,3,0.3333333333333333
camp-of,2,2,4,0.5
hazard-with,2,1,3,0.3333333333333333
burning-the,23,42,65,0.6461538461538462
collided-wa,5,3,8,0.375
office-to,6,1,7,0.14285714285714285
doesn't-my,1,1,2,0.5
story-the,15,18,33,0.5454545454545454
but-found,1,1,2,0.5
anniversary-from,1,2,3,0.6666666666666666
at-whole,5,4,9,0.4444444444444444
fatality-still,1,1,2,0.5
a-feel,19,6,25,0.24
by-murder,1,4,5,0.8
12-a,1,3,4,0.75
right-with,3,1,4,0.25
@teamstream-via,1,1,2,0.5
4000-of,1,1,2,0.5
but-deluge,3,1,4,0.25
latest-to,2,2,4,0.5
in-poverty,1,1,2,0.5
http://t.co/0wratka2jl-we're,2,1,3,0.3333333333333333
@accionempresa-chinaûªs,1,1,2,0.5
&amp;-you're,3,1,4,0.25
by-produced,2,1,3,0.3333333333333333
responder-that,1,1,2,0.5
runner-win,1,1,2,0.5
people-to,24,29,53,0.5471698113207547
new-reddit's,16,2,18,0.1111111111111111
about-or,7,1,8,0.125
expect-is,1,2,3,0.6666666666666666
car-cause,1,7,8,0.875
and-fact,2,1,3,0.3333333333333333
hope-wa,3,2,5,0.4
a-board,2,1,3,0.3333333333333333
city-i,2,2,4,0.5
give-now,1,1,2,0.5
and-watching,8,3,11,0.2727272727272727
are-police,4,3,7,0.42857142857142855
but-from,8,3,11,0.2727272727272727
and-top,14,2,16,0.125
these-would,1,1,2,0.5
'the-structural,1,2,3,0.6666666666666666
over-so,1,1,2,0.5
if-on,16,9,25,0.36
gmmbc-the,1,1,2,0.5
earthquake-godslove,2,1,3,0.3333333333333333
oooh-oooooohhhh,1,1,2,0.5
anymore-more,1,1,2,0.5
6-@youtube,1,1,2,0.5
hour-is,4,2,6,0.3333333333333333
kinda-the,7,2,9,0.2222222222222222
a-sneak,2,1,3,0.3333333333333333
can-which,2,1,3,0.3333333333333333
excellent-the,1,1,2,0.5
lightning-thunder,2,2,4,0.5
admits-bar,5,1,6,0.16666666666666666
might-out,2,1,3,0.3333333333333333
about-hour,4,2,6,0.3333333333333333
5-doesn't,1,1,2,0.5
cheese-choking,1,1,2,0.5
don't-know.,2,1,3,0.3333333333333333
devastated-wa,3,3,6,0.5
the-update,5,3,8,0.375
confirmed-is,1,3,4,0.75
car-my,14,12,26,0.46153846153846156
by-driven,2,1,3,0.3333333333333333
in-top,8,7,15,0.4666666666666667
people-really,2,2,4,0.5
home-new,2,6,8,0.75
make-nuclear,1,1,2,0.5
and-south,1,2,3,0.6666666666666666
a-it.,15,3,18,0.16666666666666666
line-time,1,1,2,0.5
kill-xp',3,1,4,0.25
emergency-operation,1,1,2,0.5
of-ok,2,1,3,0.3333333333333333
their-up,3,2,5,0.4
forever-with,1,1,2,0.5
=-for,1,2,3,0.6666666666666666
brought-wa,1,1,2,0.5
let-that,15,1,16,0.0625
https://t.co/e8dl1lncvu-we,2,1,3,0.3333333333333333
3-year,1,3,4,0.75
none.-the,3,1,4,0.25
by-really,2,1,3,0.3333333333333333
everyone-wa,9,3,12,0.25
on-those,3,7,10,0.7
wa-window,2,1,3,0.3333333333333333
are-next,1,1,2,0.5
&amp;-and,17,7,24,0.2916666666666667
but-new,4,2,6,0.3333333333333333
are-than,3,5,8,0.625
fight-up,2,1,3,0.3333333333333333
nigga-no,3,1,4,0.25
pregnant-the,2,1,3,0.3333333333333333
agree-if,1,1,2,0.5
action-i,3,2,5,0.4
always-i,19,3,22,0.13636363636363635
at-better,4,1,5,0.2
ink-vote:,2,1,3,0.3333333333333333
1-of,12,6,18,0.3333333333333333
all-rise,1,1,2,0.5
airplane-in,5,19,24,0.7916666666666666
offensiveûª-quarantine,3,1,4,0.25
an-tell,1,1,2,0.5
sweet-with,1,1,2,0.5
don't-see,6,4,10,0.4
the-tom,1,1,2,0.5
by-talking,1,1,2,0.5
a-still,18,12,30,0.4
...-planned,2,1,3,0.3333333333333333
everyone-this,2,1,3,0.3333333333333333
last-you,5,2,7,0.2857142857142857
one-today,2,2,4,0.5
for-simple,1,1,2,0.5
and-whole,13,6,19,0.3157894736842105
..-to,1,1,2,0.5
see-you,32,5,37,0.13513513513513514
because-i'm,2,1,3,0.3333333333333333
demolition-ever,1,1,2,0.5
hellfire!-or,3,1,4,0.25
at-trent,3,8,11,0.7272727272727273
7-building,1,1,2,0.5
heard-nearby.,13,3,16,0.1875
and-kinda,2,1,3,0.3333333333333333
quarantined-when,1,1,2,0.5
good-just,5,1,6,0.16666666666666666
an-empty,1,1,2,0.5
and-sick,3,7,10,0.7
time-|,1,1,2,0.5
in-patience,4,9,13,0.6923076923076923
are-massacre,2,1,3,0.3333333333333333
collins-j.,1,1,2,0.5
due-wa,1,6,7,0.8571428571428571
expected-no,1,2,3,0.6666666666666666
to-warns,1,1,2,0.5
targeting-women!,2,1,3,0.3333333333333333
attitude-won't,1,1,2,0.5
have-the,143,73,216,0.33796296296296297
are-to,92,57,149,0.3825503355704698
how-will,3,5,8,0.625
no-violent,1,1,2,0.5
go-must,1,1,2,0.5
and-smaug,1,1,2,0.5
need-u,3,2,5,0.4
danger-that,4,1,5,0.2
is-next,10,1,11,0.09090909090909091
evil-we,1,1,2,0.5
and-attack,5,3,8,0.375
potential-will,2,2,4,0.5
ash-worst,1,1,2,0.5
all-is,31,13,44,0.29545454545454547
but-this,16,9,25,0.36
evacuate-go,1,1,2,0.5
centre-odeon,1,4,5,0.8
both-our,2,1,3,0.3333333333333333
how-terrorist,2,1,3,0.3333333333333333
here-if,1,1,2,0.5
always-is,8,3,11,0.2727272727272727
some-too,2,1,3,0.3333333333333333
a-had,38,24,62,0.3870967741935484
collide-world,6,1,7,0.14285714285714285
be-u,6,4,10,0.4
of-program,1,1,2,0.5
object-to,2,1,3,0.3333333333333333
starting-the,1,1,2,0.5
blew-that,4,1,5,0.2
feeling-when,4,3,7,0.42857142857142855
evacuate-just,1,1,2,0.5
picked!-you!,2,1,3,0.3333333333333333
county-of,2,1,3,0.3333333333333333
a-derailed,6,13,19,0.6842105263157895
fire-say,1,10,11,0.9090909090909091
no-understand,1,2,3,0.6666666666666666
emergency-military,1,1,2,0.5
currently-is,1,3,4,0.75
death-have,2,3,5,0.6
bomb-on,2,13,15,0.8666666666666667
by-pamela,1,15,16,0.9375
mining-offroad,3,1,4,0.25
aka-of,2,2,4,0.5
arrested-police,1,3,4,0.75
cree-fire,1,1,2,0.5
00:52:25-m,1,1,2,0.5
new-purse,10,1,11,0.09090909090909091
but-fire,3,5,8,0.625
red-light-top,1,1,2,0.5
can-collapsed,2,1,3,0.3333333333333333
he-my,15,8,23,0.34782608695652173
around-storm,1,1,2,0.5
of-rescue,1,1,2,0.5
d.b.-notexplained:,1,1,2,0.5
--newest,1,2,3,0.6666666666666666
page-to,1,1,2,0.5
electrocuted-in,6,5,11,0.45454545454545453
alarm-on,1,1,2,0.5
like-yo,1,1,2,0.5
phone-you,7,3,10,0.3
elephant-five,1,1,2,0.5
chicago-area-scheme,4,1,5,0.2
close-in,1,6,7,0.8571428571428571
#nursing-&amp;,2,1,3,0.3333333333333333
horrible-when,5,3,8,0.375
do-really,2,2,4,0.5
--school,2,5,7,0.7142857142857143
arrested-in,1,8,9,0.8888888888888888
(feat.-detonate,3,1,4,0.25
fifth-you!,2,1,3,0.3333333333333333
a-what,82,44,126,0.3492063492063492
are-around,1,1,2,0.5
can-strike,1,2,3,0.6666666666666666
including-to,1,3,4,0.75
damage-get,1,1,2,0.5
--time,5,13,18,0.7222222222222222
horrible-the,1,2,3,0.6666666666666666
u-we,14,1,15,0.06666666666666667
1980-modified,1,8,9,0.8888888888888888
beam-mining,3,1,4,0.25
house-no,1,1,2,0.5
charging-wa,1,2,3,0.6666666666666666
fire-put,2,1,3,0.3333333333333333
do-those,1,2,3,0.6666666666666666
mishap-specimen,1,1,2,0.5
after-an,2,5,7,0.7142857142857143
help-support,3,1,4,0.25
a-drinking,4,3,7,0.42857142857142855
of-terrorism!,1,1,2,0.5
literally-my,4,2,6,0.3333333333333333
are-murderer,1,1,2,0.5
blast-news!,13,3,16,0.1875
any-better,2,1,3,0.3333333333333333
#world-a,1,4,5,0.8
child-trauma,1,1,2,0.5
more-on,5,16,21,0.7619047619047619
gonna-have,2,2,4,0.5
horse...-u.s,5,3,8,0.375
bar-full,8,1,9,0.1111111111111111
door-not,1,1,2,0.5
only-they,7,1,8,0.125
an-lightning,2,2,4,0.5
almost-to,6,4,10,0.4
earthquake-video,2,3,5,0.6
tied-to,1,2,3,0.6666666666666666
alarm-went,1,1,2,0.5
anymore-i,2,3,5,0.6
bar-spot,8,1,9,0.1111111111111111
from-im,1,2,3,0.6666666666666666
mayhem!-video,1,1,2,0.5
out-thing,3,1,4,0.25
going-what's,2,2,4,0.5
come-up,2,1,3,0.3333333333333333
prevent-you,1,2,3,0.6666666666666666
if-were,4,3,7,0.42857142857142855
in-starter,1,1,2,0.5
#???????-#somalia,1,1,2,0.5
fit-knock,3,1,4,0.25
going-year,3,3,6,0.5
i'd-that's,1,1,2,0.5
map-where,1,2,3,0.6666666666666666
must-now,1,1,2,0.5
jealous-my,1,1,2,0.5
is-known,1,2,3,0.6666666666666666
an-need,7,1,8,0.125
an-nuclear,2,1,3,0.3333333333333333
#sismo-m,1,4,5,0.8
apocalypse-of,5,2,7,0.2857142857142857
lie-we,1,1,2,0.5
prophet-said,4,2,6,0.3333333333333333
baby-of,3,3,6,0.5
bomb-him,1,2,3,0.6666666666666666
horrible-policy,15,2,17,0.11764705882352941
general-world,2,1,3,0.3333333333333333
#wealth-surah,2,1,3,0.3333333333333333
liked-video,36,7,43,0.16279069767441862
murder.-so,1,1,2,0.5
actually-that,10,1,11,0.09090909090909091
in-mode,3,1,4,0.25
i'm-inundated,4,1,5,0.2
out-two,1,2,3,0.6666666666666666
#prophetmuhammad-war,4,2,6,0.3333333333333333
wa-worse,3,3,6,0.5
high-sky,1,1,2,0.5
i-one,35,11,46,0.2391304347826087
medium-|,1,3,4,0.75
adult-death,1,1,2,0.5
it-wont,3,3,6,0.5
around-turn,1,1,2,0.5
but-one,6,4,10,0.4
first-into,1,3,4,0.75
101:-obliterated,3,1,4,0.25
attitude-this,1,2,3,0.6666666666666666
not-who,5,5,10,0.5
angry-stealing,4,2,6,0.3333333333333333
it-listen,3,1,4,0.25
arson-to,8,9,17,0.5294117647058824
lightning-on,1,1,2,0.5
and-injured,3,8,11,0.7272727272727273
housing-to,2,2,4,0.5
hazard-kraft,1,1,2,0.5
month-up,1,1,2,0.5
(detonation)-sensor,7,1,8,0.125
here-like,2,1,3,0.3333333333333333
thunderstorm-with,1,3,4,0.75
government-will,1,3,4,0.75
(twia)-insurance,1,1,2,0.5
mountaineering-tabû_,2,1,3,0.3333333333333333
i-stream,1,2,3,0.6666666666666666
bringing-the,8,5,13,0.38461538461538464
bought-i,2,1,3,0.3333333333333333
striking-the,2,1,3,0.3333333333333333
any-home,1,1,2,0.5
he-horse,2,1,3,0.3333333333333333
me-when,8,3,11,0.2727272727272727
and-exploration,1,2,3,0.6666666666666666
--hd,2,1,3,0.3333333333333333
come-to,34,11,45,0.24444444444444444
blow-so,1,1,2,0.5
it's-maybe,2,1,3,0.3333333333333333
kit-s,1,1,2,0.5
doe-so,4,1,5,0.2
1980-and,1,8,9,0.8888888888888888
@accionempresa-this,1,1,2,0.5
in-update:,2,4,6,0.6666666666666666
among-at,1,1,2,0.5
movie-starring...,6,4,10,0.4
&amp;-inspection,1,1,2,0.5
dreaming-that,1,1,2,0.5
--pandemonium,8,2,10,0.2
getting-our,1,2,3,0.6666666666666666
2-for,8,2,10,0.2
quiz:-with,4,1,5,0.2
for-out,28,10,38,0.2631578947368421
horse-will,1,1,2,0.5
&amp;-thing,2,2,4,0.5
is-socialism,2,1,3,0.3333333333333333
hey-love,1,1,2,0.5
israel:-of,1,1,2,0.5
both-of,3,2,5,0.4
31-cleared:incident,1,2,3,0.6666666666666666
35-to,1,2,3,0.6666666666666666
service-|,1,2,3,0.6666666666666666
hour-to,16,7,23,0.30434782608695654
by-thought,1,1,2,0.5
broke-on,5,1,6,0.16666666666666666
hand-her,2,1,3,0.3333333333333333
injury:i-495-loop,1,4,5,0.8
crash-in,5,46,51,0.9019607843137255
something-this,2,2,4,0.5
whole-your,4,3,7,0.42857142857142855
giving-in,7,3,10,0.3
beautiful-coyote,1,1,2,0.5
in-low,5,1,6,0.16666666666666666
san-the,1,3,4,0.75
body-it,5,1,6,0.16666666666666666
idp-people;,1,4,5,0.8
injury-that,5,1,6,0.16666666666666666
she-this,2,1,3,0.3333333333333333
the-upper,2,2,4,0.5
feminist-meat-loving,5,1,6,0.16666666666666666
emergency-fire,2,3,5,0.6
heart-it,3,1,4,0.25
429cj-jet,1,1,2,0.5
a-flooding,1,4,5,0.8
.-of,3,2,5,0.4
3-in,9,11,20,0.55
i-snowstorm,2,1,3,0.3333333333333333
harm/kid-you!,2,1,3,0.3333333333333333
#usgs-at,1,2,3,0.6666666666666666
is-safe,3,1,4,0.25
computer-to,15,5,20,0.25
more-worker,1,1,2,0.5
military-when,3,1,4,0.25
answer-not,2,1,3,0.3333333333333333
into-wind,1,1,2,0.5
be-control,4,1,5,0.2
and-~,3,1,4,0.25
exterminate-to,1,1,2,0.5
good-with,7,4,11,0.36363636363636365
floods.-her,2,1,3,0.3333333333333333
ever-if,3,1,4,0.25
2013-wa,3,1,4,0.25
earlier-with,3,1,4,0.25
also-for,6,4,10,0.4
on-put,17,2,19,0.10526315789473684
in-insurance,1,1,2,0.5
forest-to,6,14,20,0.7
the-victim,2,5,7,0.7142857142857143
keep-not,1,1,2,0.5
before-by,2,3,5,0.6
for-thing,9,3,12,0.25
off-you,6,2,8,0.25
an-fatality,1,1,2,0.5
news-their,2,1,3,0.3333333333333333
deal-via,2,2,4,0.5
ash-out,1,1,2,0.5
being-i,16,3,19,0.15789473684210525
he's-man,6,1,7,0.14285714285714285
during-july,1,1,2,0.5
a-star,8,1,9,0.1111111111111111
england-worst,1,1,2,0.5
cannot-not,1,1,2,0.5
hot-the,14,3,17,0.17647058823529413
obliterated-to,10,1,11,0.09090909090909091
@nytimes-to,1,2,3,0.6666666666666666
american-how,1,1,2,0.5
always-since,1,1,2,0.5
destroy-from,1,1,2,0.5
in-red-light,1,3,4,0.75
out-wall,1,1,2,0.5
girl-in,6,4,10,0.4
footage-from,1,3,4,0.75
ancient-in,1,1,2,0.5
#360wisenews-in,2,2,4,0.5
is-situation,1,1,2,0.5
occurred-totaling,8,1,9,0.1111111111111111
atomic-crystal,1,1,2,0.5
being-langley,1,2,3,0.6666666666666666
--chemical,2,1,3,0.3333333333333333
really-same,1,2,3,0.6666666666666666
hand-in,1,2,3,0.6666666666666666
hobo-lady,7,1,8,0.125
'first'-wife,2,2,4,0.5
alien-http://t.co/pyehwodwun,1,1,2,0.5
&amp;-an,6,2,8,0.25
scared-this,2,3,5,0.6
i-responder,1,1,2,0.5
fire-great,1,2,3,0.6666666666666666
for-high,4,2,6,0.3333333333333333
am-over,2,1,3,0.3333333333333333
lord-pray,5,1,6,0.16666666666666666
east-in,1,8,9,0.8888888888888888
back-it,8,1,9,0.1111111111111111
away.-the,5,3,8,0.375
coach-on,1,2,3,0.6666666666666666
riot-there,1,3,4,0.75
how-up,6,1,7,0.14285714285714285
collided-if,1,1,2,0.5
far-it,1,1,2,0.5
need-war,1,1,2,0.5
being-you,12,3,15,0.2
a-attractive,1,1,2,0.5
best-that,5,2,7,0.2857142857142857
cameroon-refugee,1,11,12,0.9166666666666666
and...-took,1,1,2,0.5
that-track,1,1,2,0.5
7-ship,1,1,2,0.5
is-japan,1,1,2,0.5
defend-to,3,1,4,0.25
there-with,5,1,6,0.16666666666666666
stream-the,4,1,5,0.2
problem-then,1,1,2,0.5
like-person,1,1,2,0.5
from-his,8,5,13,0.38461538461538464
forest-video,1,1,2,0.5
a-islam,1,1,2,0.5
@po_st-for,2,1,3,0.3333333333333333
had-have,6,5,11,0.45454545454545453
getting-poor,1,1,2,0.5
flood-work,13,2,15,0.13333333333333333
#onlinecommunities-#reddit,2,1,3,0.3333333333333333
destruction-don't,1,1,2,0.5
*-of,2,1,3,0.3333333333333333
#tree-#winter,1,1,2,0.5
broke-street,1,1,2,0.5
ha-part,1,1,2,0.5
have-some,5,4,9,0.4444444444444444
sinking-take,4,1,5,0.2
beautiful-the,6,6,12,0.5
my-when,22,9,31,0.2903225806451613
for-pm,1,13,14,0.9285714285714286
while-youûªve,4,3,7,0.42857142857142855
and-lost,4,3,7,0.42857142857142855
actually-watching,1,1,2,0.5
someone-wanna,2,1,3,0.3333333333333333
by-think,3,1,4,0.25
and-security,3,1,4,0.25
#gilbert23-them!,2,1,3,0.3333333333333333
&amp;-with,15,13,28,0.4642857142857143
in-risk,2,1,3,0.3333333333333333
court-to,3,1,4,0.25
blown-on,4,1,5,0.2
memorial-who,2,1,3,0.3333333333333333
be-this,24,13,37,0.35135135135135137
a-number,4,3,7,0.42857142857142855
is-surrounded,4,1,5,0.2
we-we're,1,2,3,0.6666666666666666
like-of,64,19,83,0.2289156626506024
but-if,18,6,24,0.25
of-stay,6,1,7,0.14285714285714285
be-quickly,1,1,2,0.5
death-tell,1,1,2,0.5
of-video,16,14,30,0.4666666666666667
match-the,7,2,9,0.2222222222222222
grill-meat-loving,5,1,6,0.16666666666666666
just-which,2,1,3,0.3333333333333333
said-there,1,1,2,0.5
thousand-wedding,1,1,2,0.5
blessing-w/heavenly,5,1,6,0.16666666666666666
isn't-it,4,3,7,0.42857142857142855
around-so,2,3,5,0.6
mom-teen,1,1,2,0.5
exploded-just,2,3,5,0.6
bigger-than,2,22,24,0.9166666666666666
life-your,7,4,11,0.36363636363636365
blazing-for,3,2,5,0.4
a-refugees;,1,4,5,0.8
2015:-trent,2,3,5,0.6
strange-the,1,1,2,0.5
in-week,8,2,10,0.2
of-usually,2,1,3,0.3333333333333333
catastrophe.-need,1,1,2,0.5
the-think,38,10,48,0.20833333333333334
a-i've,20,1,21,0.047619047619047616
like-remember,3,1,4,0.25
bicep.-in,2,2,4,0.5
all-his,3,1,4,0.25
at-review,1,1,2,0.5
lab-transport,5,12,17,0.7058823529411765
of-quarantined,1,1,2,0.5
#9-area.,1,1,2,0.5
date-it,4,2,6,0.3333333333333333
burning-not,8,6,14,0.42857142857142855
history-the,9,5,14,0.35714285714285715
a-pick,2,1,3,0.3333333333333333
face-is,4,1,5,0.2
are-burn,1,1,2,0.5
person-to,10,6,16,0.375
all-cause,1,1,2,0.5
??-but,5,1,6,0.16666666666666666
action-chase,1,1,2,0.5
is-issue,3,8,11,0.7272727272727273
and-loss,2,3,5,0.6
i-i'd,8,4,12,0.3333333333333333
get-until,1,1,2,0.5
if-year,5,1,6,0.16666666666666666
for-thursday,1,1,2,0.5
more-some,3,2,5,0.4
about-fire,3,9,12,0.75
whipped-|,2,1,3,0.3333333333333333
body-my,10,1,11,0.09090909090909091
stir-û÷politics,1,4,5,0.8
and-world.,1,1,2,0.5
in-line,2,3,5,0.6
of-specimen,3,2,5,0.4
is-want,13,2,15,0.13333333333333333
and-help,11,5,16,0.3125
is-use,4,2,6,0.3333333333333333
country-were,1,1,2,0.5
arrested-boot,1,2,3,0.6666666666666666
an-like,13,6,19,0.3157894736842105
like-you're,6,3,9,0.3333333333333333
not-survived,4,2,6,0.3333333333333333
all-could,3,2,5,0.4
#islam-in,6,4,10,0.4
after-hazardous,1,2,3,0.6666666666666666
and-gun,2,2,4,0.5
idps:-openly,2,1,3,0.3333333333333333
'i-you,6,1,7,0.14285714285714285
what-world,3,1,4,0.25
i-saw,16,25,41,0.6097560975609756
--video,36,11,47,0.23404255319148937
her-the,40,14,54,0.25925925925925924
day-week,2,1,3,0.3333333333333333
and-camp,8,3,11,0.2727272727272727
for-prepared,1,1,2,0.5
cladding-with,2,1,3,0.3333333333333333
first-he,5,2,7,0.2857142857142857
he-running,2,1,3,0.3333333333333333
kraft-prompt,1,1,2,0.5
among-out,1,1,2,0.5
blue-in,1,1,2,0.5
forbid-god,1,1,2,0.5
i-not,71,16,87,0.1839080459770115
from-turning,1,1,2,0.5
playing-worth,2,1,3,0.3333333333333333
cause-say,1,1,2,0.5
hijack-pdp:,1,1,2,0.5
of-wounded,1,13,14,0.9285714285714286
issue-reason,1,4,5,0.8
problem-with,2,2,4,0.5
if-would,17,10,27,0.37037037037037035
police-st,1,1,2,0.5
different-me,2,1,3,0.3333333333333333
attack-enemy,5,1,6,0.16666666666666666
but-death,4,3,7,0.42857142857142855
look-of,16,8,24,0.3333333333333333
for-real,1,1,2,0.5
gain-to,1,2,3,0.6666666666666666
car-light,3,1,4,0.25
fully-in,4,6,10,0.6
car-just,5,4,9,0.4444444444444444
&amp;-text,1,1,2,0.5
and-back,34,13,47,0.2765957446808511
fear-in,12,8,20,0.4
be-feel,7,2,9,0.2222222222222222
lady-my,1,1,2,0.5
bad-with,3,2,5,0.4
about-people,8,6,14,0.42857142857142855
hearing-thunder,1,1,2,0.5
face-i'm,2,2,4,0.5
bang-heard,14,4,18,0.2222222222222222
more-up,3,2,5,0.4
a-said,16,17,33,0.5151515151515151
so-traumatised,2,2,4,0.5
behind-wa,1,2,3,0.6666666666666666
on-rip,1,1,2,0.5
like-should,6,2,8,0.25
--scene,4,1,5,0.2
drown-your,3,2,5,0.4
against-i,7,2,9,0.2222222222222222
being-former,1,3,4,0.75
go-with,8,1,9,0.1111111111111111
for-post,1,2,3,0.6666666666666666
of-sure,5,1,6,0.16666666666666666
a-nearby.,26,6,32,0.1875
chest/torso-is,2,2,4,0.5
agree.-i,2,1,3,0.3333333333333333
a-crew,1,3,4,0.75
and-pile,1,1,2,0.5
and-they,48,15,63,0.23809523809523808
obliteration.-of,7,1,8,0.125
content-have,2,1,3,0.3333333333333333
first-this,5,4,9,0.4444444444444444
almost-they,1,1,2,0.5
for-utterly,1,2,3,0.6666666666666666
on-pressed,1,1,2,0.5
good-out,3,1,4,0.25
can't-many,1,1,2,0.5
know-new,5,1,6,0.16666666666666666
cliff-watch,1,5,6,0.8333333333333334
sunset-wa,2,1,3,0.3333333333333333
heart-oh,2,1,3,0.3333333333333333
inundated-that,3,1,4,0.25
an-that,17,7,24,0.2916666666666667
horse-to,2,1,3,0.3333333333333333
casualty-it,1,1,2,0.5
olap-to,1,2,3,0.6666666666666666
--here,2,1,3,0.3333333333333333
doing-im,1,1,2,0.5
and-party,3,2,5,0.4
in-war,15,24,39,0.6153846153846154
an-look,7,1,8,0.125
and-thinking,4,1,5,0.2
gun-with,2,1,3,0.3333333333333333
business-stand,9,1,10,0.1
after-america,2,1,3,0.3333333333333333
pathogen-potential,2,5,7,0.7142857142857143
got-that,10,4,14,0.2857142857142857
let-this,5,3,8,0.375
know-your,10,4,14,0.2857142857142857
to-you,248,61,309,0.19741100323624594
recently-with,1,1,2,0.5
desire-surrounded,8,2,10,0.2
cut-make,1,2,3,0.6666666666666666
by-had,3,2,5,0.4
any-on,3,5,8,0.625
to-waste,3,3,6,0.5
&amp;-flood,7,4,11,0.36363636363636365
hostage-in,6,38,44,0.8636363636363636
having-like,2,1,3,0.3333333333333333
burning-high,1,1,2,0.5
and-fatal,1,1,2,0.5
but-what,12,4,16,0.25
great-if,2,1,3,0.3333333333333333
nice-to,2,1,3,0.3333333333333333
came-madinah.,4,2,6,0.3333333333333333
am-fact,1,1,2,0.5
#phoenix-the,1,1,2,0.5
be-think,5,4,9,0.4444444444444444
choking-prompt,1,1,2,0.5
mourning-notice,1,4,5,0.8
pump-the,1,1,2,0.5
@-of,6,4,10,0.4
i-lived,1,2,3,0.6666666666666666
little-their,1,1,2,0.5
but-work,4,2,6,0.3333333333333333
1.4-4km,1,1,2,0.5
going-so,13,1,14,0.07142857142857142
hoe-the,1,1,2,0.5
store-the,1,1,2,0.5
(hwo)-weather,1,7,8,0.875
really-story,1,1,2,0.5
my-so,52,7,59,0.11864406779661017
actually-who,2,1,3,0.3333333333333333
hunt...-this,1,1,2,0.5
loving-this,2,2,4,0.5
date-if,6,2,8,0.25
charity.'-half,4,2,6,0.3333333333333333
circle-in,2,1,3,0.3333333333333333
thought-will,1,1,2,0.5
how-learn,5,2,7,0.2857142857142857
army-http://t.co/q2eblokeve,5,1,6,0.16666666666666666
on-shit,7,3,10,0.3
body-by,7,1,8,0.125
bloody-is,4,2,6,0.3333333333333333
at-police,5,11,16,0.6875
ablaze-set,5,4,9,0.4444444444444444
@zak_bagans-rescued,1,1,2,0.5
attack-wa,3,3,6,0.5
county-for,1,10,11,0.9090909090909091
from-you,24,5,29,0.1724137931034483
democrat-to,1,2,3,0.6666666666666666
bath-in,2,1,3,0.3333333333333333
destiny-pray,5,1,6,0.16666666666666666
knoxville-news,1,2,3,0.6666666666666666
death-to,16,25,41,0.6097560975609756
meant-woman,2,1,3,0.3333333333333333
now!-that,2,1,3,0.3333333333333333
crossed-that,1,1,2,0.5
jedi-power,1,1,2,0.5
--2015:,2,3,5,0.6
horror-we,1,1,2,0.5
be-blown,2,1,3,0.3333333333333333
dog-you,1,2,3,0.6666666666666666
at-wasn't,1,1,2,0.5
my-trapped,1,2,3,0.6666666666666666
end-so,3,1,4,0.25
for-la,1,2,3,0.6666666666666666
a-metal,4,8,12,0.6666666666666666
danger-so,1,1,2,0.5
...-family,3,7,10,0.7
to-wanna,7,2,9,0.2222222222222222
2-lord,5,1,6,0.16666666666666666
do-down,2,1,3,0.3333333333333333
number-of,3,8,11,0.7272727272727273
talk-that,1,1,2,0.5
of-what,50,25,75,0.3333333333333333
ablaze-it,1,1,2,0.5
&amp;-cricket,1,2,3,0.6666666666666666
&amp;-allow,1,1,2,0.5
my-siren,2,1,3,0.3333333333333333
car-for,5,5,10,0.5
them-to,38,7,45,0.15555555555555556
2-bombed,1,1,2,0.5
green-in,1,1,2,0.5
if-of,35,12,47,0.2553191489361702
that.-the,8,6,14,0.42857142857142855
his-to,28,12,40,0.3
house-move,1,1,2,0.5
something-you're,4,1,5,0.2
and-war,13,9,22,0.4090909090909091
never-on,3,1,4,0.25
&amp;-inundated,2,1,3,0.3333333333333333
bicep.-of,1,1,2,0.5
cross-the,2,1,3,0.3333333333333333
can't-u,4,1,5,0.2
on-public,1,2,3,0.6666666666666666
4wd-cree,5,1,6,0.16666666666666666
the-vinyl,3,1,4,0.25
find-see,1,1,2,0.5
and-track,2,1,3,0.3333333333333333
keep-the,16,8,24,0.3333333333333333
hazard-sw,2,1,3,0.3333333333333333
city-running,1,1,2,0.5
into-the,55,31,86,0.36046511627906974
a-since,5,7,12,0.5833333333333334
devastation-is,1,2,3,0.6666666666666666
end-getting,3,1,4,0.25
--ha,6,6,12,0.5
via-warning,1,1,2,0.5
godslove-of,2,1,3,0.3333333333333333
feel-should,3,1,4,0.25
on-up.,1,2,3,0.6666666666666666
that-truck,2,3,5,0.6
need-publicizing,1,1,2,0.5
now-whole,2,2,4,0.5
of-return,1,5,6,0.8333333333333334
via-woman,1,1,2,0.5
attack-life,5,2,7,0.2857142857142857
away.-to,2,1,3,0.3333333333333333
ablaze-and,4,1,5,0.2
how-sea,1,1,2,0.5
at-there's,1,2,3,0.6666666666666666
at-had,3,4,7,0.5714285714285714
let-will,4,2,6,0.3333333333333333
doe-for,3,1,4,0.25
driving-is,1,2,3,0.6666666666666666
of-rest,2,2,4,0.5
the-toilet,4,2,6,0.3333333333333333
at-shit,1,2,3,0.6666666666666666
could-i'd,3,1,4,0.25
electronic-fashionable,2,1,3,0.3333333333333333
description-up,2,1,3,0.3333333333333333
hurricane-thought,2,1,3,0.3333333333333333
by-drowning,4,2,6,0.3333333333333333
navy-sub,3,2,5,0.4
!-you,3,1,4,0.25
law-of,2,1,3,0.3333333333333333
iranian-the,2,1,3,0.3333333333333333
equal-person,1,1,2,0.5
right-way,2,2,4,0.5
poor-what,1,2,3,0.6666666666666666
and-caused,2,1,3,0.3333333333333333
city-said,1,2,3,0.6666666666666666
no-water,1,1,2,0.5
volcano-wa,1,1,2,0.5
at-unit,1,6,7,0.8571428571428571
#world-germ,1,1,2,0.5
service-to,9,6,15,0.4
or-police,3,2,5,0.4
via-|,4,5,9,0.5555555555555556
9-of,7,1,8,0.125
here-in,7,5,12,0.4166666666666667
disaster-survive,1,1,2,0.5
...-crash:,2,1,3,0.3333333333333333
fedex-via,4,4,8,0.5
group-in,1,11,12,0.9166666666666666
make-with,26,3,29,0.10344827586206896
carry-or,2,1,3,0.3333333333333333
head-my,12,1,13,0.07692307692307693
is-wonder,3,1,4,0.25
quarantine-will,21,3,24,0.125
do-shit.,1,1,2,0.5
iranian-to,3,3,6,0.5
of-old,7,21,28,0.75
3g-horrible,4,3,7,0.42857142857142855
over-we,2,2,4,0.5
burning-taking,1,1,2,0.5
text-this,1,1,2,0.5
derail-life,5,1,6,0.16666666666666666
he-or,8,1,9,0.1111111111111111
affected-to,1,30,31,0.967741935483871
home-this,6,4,10,0.4
center-of,1,3,4,0.75
leave-to,9,18,27,0.6666666666666666
evidence-for,2,1,3,0.3333333333333333
campaign-u,2,1,3,0.3333333333333333
im-so,4,1,5,0.2
horrible-you,4,5,9,0.5555555555555556
face-you,6,1,7,0.14285714285714285
bash-iranian,1,1,2,0.5
car-get,1,1,2,0.5
some-with,8,3,11,0.2727272727272727
--up,4,6,10,0.6
c-130-stadium,1,10,11,0.9090909090909091
of-spirit,2,1,3,0.3333333333333333
don't-fine,1,1,2,0.5
anything-but,1,1,2,0.5
burning-get,2,1,3,0.3333333333333333
and-hurricane,1,4,5,0.8
in-need,15,4,19,0.21052631578947367
by-more,4,59,63,0.9365079365079365
heard-what,13,4,17,0.23529411764705882
admin-police,1,1,2,0.5
collapsed-keep,2,1,3,0.3333333333333333
a-volcano,3,11,14,0.7857142857142857
burning-can't,1,1,2,0.5
later-to,1,1,2,0.5
--to,60,40,100,0.4
are-know.,1,1,2,0.5
ha-so,11,3,14,0.21428571428571427
a-those,3,30,33,0.9090909090909091
desire-your,9,2,11,0.18181818181818182
feel-in,17,8,25,0.32
my-tho,2,1,3,0.3333333333333333
call-fight,1,1,2,0.5
of-them,25,11,36,0.3055555555555556
he-went,3,1,4,0.25
accept-the,1,1,2,0.5
about-service,1,3,4,0.75
relief-woman,2,1,3,0.3333333333333333
at-rock,1,4,5,0.8
face-time,1,1,2,0.5
being-for,9,5,14,0.35714285714285715
fear-ha,2,1,3,0.3333333333333333
and-steve,5,1,6,0.16666666666666666
ain't-you,4,1,5,0.2
devastated-no,1,1,2,0.5
#gilbert23-help!,1,1,2,0.5
from-kill,1,2,3,0.6666666666666666
in-shock,2,1,3,0.3333333333333333
which-your,2,1,3,0.3333333333333333
call-like,3,1,4,0.25
charge-of,1,2,3,0.6666666666666666
helping-the,1,9,10,0.9
'death-obama,2,1,3,0.3333333333333333
anger-cross,2,1,3,0.3333333333333333
ship-space,8,1,9,0.1111111111111111
up-we,10,4,14,0.2857142857142857
just-with,25,11,36,0.3055555555555556
2015:-icymi,1,1,2,0.5
and-explode,2,2,4,0.5
day-why,3,1,4,0.25
i'd-that,3,1,4,0.25
playing-you!,2,1,3,0.3333333333333333
storm-w/,2,1,3,0.3333333333333333
should-what,3,1,4,0.25
an-what,4,3,7,0.42857142857142855
an-over,5,13,18,0.7222222222222222
fifth-vote:,2,1,3,0.3333333333333333
came-land,8,4,12,0.3333333333333333
but-cant,1,1,2,0.5
can-me.,2,3,5,0.6
back-that,10,2,12,0.16666666666666666
c-130-land,1,10,11,0.9090909090909091
and-screaming,9,3,12,0.25
do-up,3,1,4,0.25
also-have,4,1,5,0.2
rate-twia,1,1,2,0.5
@youtube-added,11,2,13,0.15384615384615385
offroad-reaû_,3,1,4,0.25
send-someone,1,1,2,0.5
in-leave,7,3,10,0.3
able-so,1,1,2,0.5
go-policy,15,2,17,0.11764705882352941
are-old,2,1,3,0.3333333333333333
#islam-and,6,3,9,0.3333333333333333
back-or,2,1,3,0.3333333333333333
them-your,3,3,6,0.5
the-work,26,9,35,0.2571428571428571
for-weather,4,3,7,0.42857142857142855
a-heading,1,3,4,0.75
say-this,5,7,12,0.5833333333333334
&gt;-of,1,1,2,0.5
of-put,9,3,12,0.25
@itsjustinstuart-mayhem!,1,1,2,0.5
hazard-rd,1,2,3,0.6666666666666666
#news-#quran,3,4,7,0.5714285714285714
he-peace,4,2,6,0.3333333333333333
fire.-not,2,1,3,0.3333333333333333
@-http://t.co/xssgedsbh4,1,1,2,0.5
read-to,2,1,3,0.3333333333333333
to-worst,1,2,3,0.6666666666666666
been-in,23,29,52,0.5576923076923077
#directioners-direction,7,1,8,0.125
happy-the,5,1,6,0.16666666666666666
a-project,2,4,6,0.6666666666666666
50-a,2,2,4,0.5
almost-new,1,2,3,0.6666666666666666
real-up.,1,1,2,0.5
a-multidimensi,1,1,2,0.5
when-you,74,19,93,0.20430107526881722
car-didn't,2,1,3,0.3333333333333333
shot-with,2,3,5,0.6
climate-tornado,2,2,4,0.5
hope-on,3,5,8,0.625
news-story,3,1,4,0.25
hughes-stretcher,1,1,2,0.5
it-one,18,9,27,0.3333333333333333
and-drowning,6,2,8,0.25
consequence-unavoidable,2,1,3,0.3333333333333333
entire-the,10,2,12,0.16666666666666666
the-ya,5,1,6,0.16666666666666666
earthquake-for,2,6,8,0.75
association-director,1,1,2,0.5
bathroom-to,2,2,4,0.5
#wealth-piling,2,1,3,0.3333333333333333
and-lizard,1,1,2,0.5
am-and,8,5,13,0.38461538461538464
after-but,3,1,4,0.25
colour-top,8,1,9,0.1111111111111111
annual-on,1,1,2,0.5
??-see,5,2,7,0.2857142857142857
this-wa,22,14,36,0.3888888888888889
both-it,2,2,4,0.5
car-drove,1,1,2,0.5
'the-get,3,2,5,0.4
in-major,2,8,10,0.8
5-la,1,1,2,0.5
problem-you,1,1,2,0.5
already-for,2,2,4,0.5
of-what's,4,2,6,0.3333333333333333
eye-i,8,1,9,0.1111111111111111
into-to,22,20,42,0.47619047619047616
and-with,125,30,155,0.1935483870967742
bridge-bundled,1,1,2,0.5
&amp;-flooding,1,2,3,0.6666666666666666
and-be,72,17,89,0.19101123595505617
explosion-it,1,2,3,0.6666666666666666
'the-and,6,1,7,0.14285714285714285
gun-now,1,3,4,0.75
and-peace,6,5,11,0.45454545454545453
if-ppl,1,1,2,0.5
as-get,3,1,4,0.25
accident-got,1,1,2,0.5
and-honestly,2,1,3,0.3333333333333333
a-fully,3,2,5,0.4
humaza.-in,2,1,3,0.3333333333333333
so-the,115,50,165,0.30303030303030304
long-very,1,1,2,0.5
came-peace,4,2,6,0.3333333333333333
get-help,2,1,3,0.3333333333333333
letting-the,1,3,4,0.75
and-damage,2,5,7,0.7142857142857143
#9-the,3,6,9,0.6666666666666666
do-year,3,2,5,0.4
keep-people,3,1,4,0.25
trying-with,2,1,3,0.3333333333333333
a-rather,8,3,11,0.2727272727272727
ha-more,5,4,9,0.4444444444444444
5-rate,1,1,2,0.5
boy-in,2,8,10,0.8
#treeporn-new,1,1,2,0.5
building-rightways:,1,1,2,0.5
injuries.-of,3,1,4,0.25
a-s,1,4,5,0.8
how-when,6,3,9,0.3333333333333333
in-tear,4,2,6,0.3333333333333333
have-survive,4,1,5,0.2
and-managed,1,1,2,0.5
on-stretcher,4,1,5,0.2
'save-a,4,2,6,0.3333333333333333
reach-the,1,1,2,0.5
county-eyewitness,1,1,2,0.5
blaze-wa,1,1,2,0.5
about-watch,2,1,3,0.3333333333333333
coming-greatest,3,1,4,0.25
offensiveûª-promise,3,1,4,0.25
still-when,4,3,7,0.42857142857142855
those-to,9,8,17,0.47058823529411764
ground-is,1,3,4,0.75
day-few,2,2,4,0.5
space-super,1,1,2,0.5
prime-say,1,1,2,0.5
ablaze-in,4,5,9,0.5555555555555556
&amp;-via,4,4,8,0.5
become-we,5,1,6,0.16666666666666666
teacher-to,2,1,3,0.3333333333333333
a-neighbor,1,2,3,0.6666666666666666
question-the,3,5,8,0.625
hellfire-you!,4,1,5,0.2
country-sassy,1,2,3,0.6666666666666666
how-well,2,1,3,0.3333333333333333
during-in,7,9,16,0.5625
??-over,1,1,2,0.5
blast-loud,13,3,16,0.1875
out-still,5,3,8,0.375
1-at,1,3,4,0.75
the-violent,9,7,16,0.4375
anymore.-the,1,1,2,0.5
know-u,5,1,6,0.16666666666666666
is-terrorism,1,1,2,0.5
get-think,4,1,5,0.2
please-to,21,5,26,0.19230769230769232
down-more,2,1,3,0.3333333333333333
drowning-family,1,1,2,0.5
are-low,5,3,8,0.375
head-i'm,1,1,2,0.5
last-why,1,1,2,0.5
an-ii,1,1,2,0.5
army-build,1,1,2,0.5
getting-only,1,1,2,0.5
say-why,2,1,3,0.3333333333333333
burning-up,3,3,6,0.5
a-post,3,9,12,0.75
am-the,21,6,27,0.2222222222222222
cat-of,6,1,7,0.14285714285714285
don't-our,1,1,2,0.5
leave-your,1,1,2,0.5
siren-so,1,1,2,0.5
case-like,1,1,2,0.5
7-involving,1,1,2,0.5
body-no,5,1,6,0.16666666666666666
i-see,50,7,57,0.12280701754385964
box-whole,1,1,2,0.5
day-on,18,4,22,0.18181818181818182
hughes-over,1,1,2,0.5
still-until,1,1,2,0.5
and-each,2,1,3,0.3333333333333333
swim-to,1,1,2,0.5
i-is.,2,1,3,0.3333333333333333
a-burned,8,3,11,0.2727272727272727
coming-know,1,1,2,0.5
heat-never,1,1,2,0.5
rain-will,1,1,2,0.5
obama-ted,1,1,2,0.5
#somalia-gabon,1,1,2,0.5
--last,4,2,6,0.3333333333333333
to-who,19,19,38,0.5
#yahistorical-cindy,1,1,2,0.5
client-to,1,2,3,0.6666666666666666
beautiful-so,1,1,2,0.5
are-away,2,1,3,0.3333333333333333
fire-i'm,3,1,4,0.25
&amp;-house,1,2,3,0.6666666666666666
are-n,1,2,3,0.6666666666666666
emergency-like,1,3,4,0.75
post-that,1,1,2,0.5
reminds-the,2,7,9,0.7777777777777778
be-charity.',4,2,6,0.3333333333333333
ignition-knock,15,5,20,0.25
due-is,2,3,5,0.6
the-upheaval,13,6,19,0.3157894736842105
16-the,4,1,5,0.2
in-prayer,1,1,2,0.5
#hot-hat,12,5,17,0.29411764705882354
charged-should,1,1,2,0.5
place-the,11,8,19,0.42105263157894735
&amp;-apocalyptic,4,3,7,0.42857142857142855
into-of,27,20,47,0.425531914893617
kill-that,1,1,2,0.5
are-mass,1,2,3,0.6666666666666666
and-desolation.,1,1,2,0.5
fit-sensor-senso,3,1,4,0.25
took-top,1,1,2,0.5
annual-for,2,1,3,0.3333333333333333
just-let,4,3,7,0.42857142857142855
eight-of,1,1,2,0.5
this-what's,1,1,2,0.5
hard-have,2,2,4,0.5
all-thank,2,1,3,0.3333333333333333
got-on,12,5,17,0.29411764705882354
jonathan-pdp,2,5,7,0.7142857142857143
out-will,4,2,6,0.3333333333333333
so-that's,1,2,3,0.6666666666666666
could-place,1,1,2,0.5
my-wanna,6,1,7,0.14285714285714285
even-really,3,1,4,0.25
everything.-my,4,2,6,0.3333333333333333
and-ppl,4,3,7,0.42857142857142855
they-where,4,2,6,0.3333333333333333
another-for,4,6,10,0.6
obliterate-the,10,3,13,0.23076923076923078
beach-with,5,1,6,0.16666666666666666
get-lol,7,2,9,0.2222222222222222
by-family,2,53,55,0.9636363636363636
iran-with,2,1,3,0.3333333333333333
good-wish,2,1,3,0.3333333333333333
read-that,2,1,3,0.3333333333333333
and-holding,4,1,5,0.2
it-wound,2,2,4,0.5
--beam,3,1,4,0.25
a-jonathan,3,7,10,0.7
happened-more,1,1,2,0.5
#forever-the,4,2,6,0.3333333333333333
and-story,6,3,9,0.3333333333333333
to-website,1,1,2,0.5
cd-my,1,1,2,0.5
had-they,1,6,7,0.8571428571428571
off-went,1,5,6,0.8333333333333334
daughter-mom,1,1,2,0.5
out.-wa,3,1,4,0.25
country-stranded,1,2,3,0.6666666666666666
1-have,2,1,3,0.3333333333333333
outside-there's,1,1,2,0.5
idps:-internally,2,1,3,0.3333333333333333
policy-will,1,1,2,0.5
data-sound,12,5,17,0.29411764705882354
item-this,1,1,2,0.5
out-those,2,1,3,0.3333333333333333
for-sun,1,1,2,0.5
for-made,3,1,4,0.25
in-round,3,1,4,0.25
#tree-#treeporn,1,1,2,0.5
#strategicpatience-https://t.co/rqwuoy1fm4,1,3,4,0.75
annihilated-in,5,1,6,0.16666666666666666
stop-world,1,1,2,0.5
in-whirlwind,7,5,12,0.4166666666666667
against-will,2,1,3,0.3333333333333333
should-you,18,4,22,0.18181818181818182
been-why,1,1,2,0.5
31-ave,1,4,5,0.8
verdict-win,1,1,2,0.5
all-gave,1,1,2,0.5
chance-i,4,1,5,0.2
flame-my,1,1,2,0.5
sister-u,1,1,2,0.5
of-visit,1,2,3,0.6666666666666666
didn't-truck,2,1,3,0.3333333333333333
a-take,24,10,34,0.29411764705882354
end-when,1,1,2,0.5
have-money,5,2,7,0.2857142857142857
evacuation-have,2,1,3,0.3333333333333333
are-don't,3,7,10,0.7
add-my,2,1,3,0.3333333333333333
alive-who,1,1,2,0.5
burning-of,8,12,20,0.6
bomb.-this,1,2,3,0.6666666666666666
a-class,5,5,10,0.5
500-at,1,1,2,0.5
planned-targeting,2,1,3,0.3333333333333333
in-worse,1,2,3,0.6666666666666666
burning-winston,1,1,2,0.5
forest-we,2,1,3,0.3333333333333333
burned-burning,2,1,3,0.3333333333333333
house-town,1,1,2,0.5
baby-the,8,5,13,0.38461538461538464
act-that,2,1,3,0.3333333333333333
.potus-strategy,1,4,5,0.8
to-yours,21,2,23,0.08695652173913043
help-send,1,1,2,0.5
added-and,3,3,6,0.5
how-survived,2,1,3,0.3333333333333333
describes-the,4,2,6,0.3333333333333333
on-only,8,3,11,0.2727272727272727
fire-open,3,2,5,0.4
texas-to,7,4,11,0.36363636363636365
swansea-target,1,2,3,0.6666666666666666
lung-you,2,1,3,0.3333333333333333
look-more,1,1,2,0.5
at-daily,1,1,2,0.5
boy-no,1,1,2,0.5
destroy-it,1,2,3,0.6666666666666666
http://t.co/zujwuiomb3-leather,3,1,4,0.25
don't-love,4,1,5,0.2
based-on,3,3,6,0.5
i-lightning,2,1,3,0.3333333333333333
brought-for,2,1,3,0.3333333333333333
publicizing-sick,1,1,2,0.5
in-mental,1,1,2,0.5
a-yet,5,5,10,0.5
home-moment,1,1,2,0.5
kill-more,1,2,3,0.6666666666666666
news:-of,1,2,3,0.6666666666666666
a-space,14,1,15,0.06666666666666667
about-police,1,1,2,0.5
i-thought,19,4,23,0.17391304347826086
drive-had,1,1,2,0.5
as-i,5,1,6,0.16666666666666666
i-said,12,6,18,0.3333333333333333
apartment-with,1,1,2,0.5
calorie-minute,3,1,4,0.25
have-tsunami,1,3,4,0.75
hope-you,15,4,19,0.21052631578947367
little-when,2,1,3,0.3333333333333333
*-a,4,1,5,0.2
it-up.,2,2,4,0.5
arson-griefûª,1,4,5,0.8
ass.-loud,13,3,16,0.1875
buildings?-the,1,5,6,0.8333333333333334
account-in,1,2,3,0.6666666666666666
an-at,6,10,16,0.625
these-world,1,1,2,0.5
came-can,1,1,2,0.5
ever-with,2,5,7,0.7142857142857143
the-too,20,6,26,0.23076923076923078
a-mind,2,1,3,0.3333333333333333
#frontpage:-the,1,2,3,0.6666666666666666
charity.'-it,4,2,6,0.3333333333333333
doe-whole,1,1,2,0.5
earthquake-of,2,9,11,0.8181818181818182
the-u.s,11,7,18,0.3888888888888889
at-market,1,1,2,0.5
me-they,6,1,7,0.14285714285714285
&amp;-repair,1,1,2,0.5
five-population,1,1,2,0.5
and-bagging,7,1,8,0.125
@accionempresa-market,1,1,2,0.5
...-home,1,2,3,0.6666666666666666
mass-you,3,6,9,0.6666666666666666
i'll-that,2,2,4,0.5
horse-need,1,1,2,0.5
extends-to,1,2,3,0.6666666666666666
can-when,3,1,4,0.25
expect-the,1,4,5,0.8
oh-to,6,1,7,0.14285714285714285
a-him.,4,3,7,0.42857142857142855
be-do,3,3,6,0.5
in-west,1,11,12,0.9166666666666666
po-the,1,1,2,0.5
is-moral,1,1,2,0.5
ha-news,1,1,2,0.5
few-have,2,2,4,0.5
california:-utc2015-08-05,2,4,6,0.6666666666666666
minority-targeting,2,1,3,0.3333333333333333
what-when,7,4,11,0.36363636363636365
all-grill,5,1,6,0.16666666666666666
2-flood,5,4,9,0.4444444444444444
or-they're,2,2,4,0.5
fruit-snack,2,1,3,0.3333333333333333
out-why,9,2,11,0.18181818181818182
able-to,9,5,14,0.35714285714285715
this-west,1,1,2,0.5
crashed-me,3,2,5,0.4
and-early,1,1,2,0.5
have-here,5,6,11,0.5454545454545454
everyone-that,3,1,4,0.25
climate-he,2,1,3,0.3333333333333333
be-must,4,7,11,0.6363636363636364
metal-up,1,1,2,0.5
in-vehicle.,1,1,2,0.5
daughter-son,2,1,3,0.3333333333333333
big-wa,2,1,3,0.3333333333333333
surah-up,2,1,3,0.3333333333333333
know-their,1,1,2,0.5
shit-so,2,1,3,0.3333333333333333
17:52:25-california:,1,1,2,0.5
is-work,6,3,9,0.3333333333333333
to-whole,3,5,8,0.625
can-money,1,2,3,0.6666666666666666
full-reû_,25,2,27,0.07407407407407407
next-that,1,4,5,0.8
forest-they,1,1,2,0.5
than-trauma,1,2,3,0.6666666666666666
like-video,3,2,5,0.4
no-off,3,2,5,0.4
had-u,1,3,4,0.75
i-that,143,27,170,0.1588235294117647
is-online,3,1,4,0.25
into-your,5,3,8,0.375
if-take,6,5,11,0.45454545454545453
drown-you,13,1,14,0.07142857142857142
collapse-how,1,5,6,0.8333333333333334
injured-this,1,3,4,0.75
all-beat,1,1,2,0.5
fire-water,1,2,3,0.6666666666666666
#isis-#lies,3,4,7,0.5714285714285714
body-rescue,1,1,2,0.5
only-people,3,2,5,0.4
my-you,84,7,91,0.07692307692307693
ball-so,1,2,3,0.6666666666666666
a-nu,1,2,3,0.6666666666666666
&amp;-integrity,1,1,2,0.5
of-till,1,2,3,0.6666666666666666
hearing-is,1,5,6,0.8333333333333334
life-suicide,1,1,2,0.5
are-tear,2,1,3,0.3333333333333333
all-may,1,8,9,0.8888888888888888
curfew-of,1,2,3,0.6666666666666666
angry-fan,1,4,5,0.8
--india,1,8,9,0.8888888888888888
????-hope,1,1,2,0.5
#humanconsumption-slip,1,2,3,0.6666666666666666
wave-weather,2,1,3,0.3333333333333333
many-you,8,1,9,0.1111111111111111
all-im,1,2,3,0.6666666666666666
and-drinking,3,1,4,0.25
for-here:,1,1,2,0.5
can-fire,4,3,7,0.42857142857142855
me-then,3,1,4,0.25
a-sunk,19,2,21,0.09523809523809523
at-others,1,2,3,0.6666666666666666
them!-will,2,1,3,0.3333333333333333
best-cause,1,1,2,0.5
ha-keep,1,2,3,0.6666666666666666
of-stress,2,1,3,0.3333333333333333
more-wave,1,2,3,0.6666666666666666
up-what,2,3,5,0.6
look-time,1,1,2,0.5
ministers:-will,2,1,3,0.3333333333333333
hostage-on,1,8,9,0.8888888888888888
#globalwarming!!-firey,1,1,2,0.5
a-flight,1,7,8,0.875
be-couple,2,1,3,0.3333333333333333
??-today,7,1,8,0.125
later-year,1,1,2,0.5
say-up,5,1,6,0.16666666666666666
--11,10,1,11,0.09090909090909091
around-like,2,2,4,0.5
--windstorm,3,1,4,0.25
and-madinah.,4,2,6,0.3333333333333333
collapsed-in,4,2,6,0.3333333333333333
getting-me,3,1,4,0.25
think-thought,1,1,2,0.5
a-suicide,7,29,36,0.8055555555555556
exploration-take,1,4,5,0.8
but-do,5,1,6,0.16666666666666666
gary-the,1,1,2,0.5
mind-you,3,1,4,0.25
david-i,2,1,3,0.3333333333333333
by-my,19,1,20,0.05
like-music,2,2,4,0.5
bombing-think,1,1,2,0.5
a-wait,5,2,7,0.2857142857142857
??-so,20,1,21,0.047619047619047616
are-building,5,12,17,0.7058823529411765
and-derailed,2,6,8,0.75
sick-stop,1,1,2,0.5
house-of,9,9,18,0.5
fatality-on,6,6,12,0.5
capture-naved,1,1,2,0.5
of-shift,2,4,6,0.6666666666666666
this-youûªve,4,3,7,0.42857142857142855
rule-texas,6,4,10,0.4
besides-or,1,1,2,0.5
now-run,1,1,2,0.5
like-other,2,2,4,0.5
an-but,4,4,8,0.5
crap-don't,1,1,2,0.5
crashed-on,2,3,5,0.6
feel-take,8,1,9,0.1111111111111111
act-heartless,2,1,3,0.3333333333333333
is-lightning,1,1,2,0.5
consequence-the,2,1,3,0.3333333333333333
it-owner,2,1,3,0.3333333333333333
off-take,1,1,2,0.5
now-violent,1,1,2,0.5
ground-in,2,2,4,0.5
ground-that,1,1,2,0.5
mourns-with,1,1,2,0.5
support-this,1,4,5,0.8
at-massacre,1,2,3,0.6666666666666666
india:-into,1,1,2,0.5
country-fun,1,1,2,0.5
go-scream,2,1,3,0.3333333333333333
can-save,15,1,16,0.0625
more-tear,1,1,2,0.5
apocalypse-short,1,1,2,0.5
angry-material,4,2,6,0.3333333333333333
#ashes-icymi,1,1,2,0.5
approves-of,1,1,2,0.5
is-violent,4,1,5,0.2
&amp;-then,2,2,4,0.5
crystal-level,1,1,2,0.5
evacuation-wa,3,1,4,0.25
first-rt,1,2,3,0.6666666666666666
electrocuted-i,18,6,24,0.25
force-now,1,1,2,0.5
driving-for,2,3,5,0.6
destiny-w/heavenly,5,1,6,0.16666666666666666
head-the,22,7,29,0.2413793103448276
and-woke,3,1,4,0.25
wanted-you,2,1,3,0.3333333333333333
about-donûªt,3,1,4,0.25
:-time,3,1,4,0.25
by-cant,2,1,3,0.3333333333333333
for-jacksonville,2,1,3,0.3333333333333333
--natural,1,3,4,0.75
ahead-fennovoima,2,1,3,0.3333333333333333
#kerricktrial-that,1,1,2,0.5
hear-we,4,1,5,0.2
different-on,2,1,3,0.3333333333333333
11-and,2,1,3,0.3333333333333333
'i-of,5,1,6,0.16666666666666666
inside-on,1,3,4,0.75
hand-to,6,1,7,0.14285714285714285
(feat.-apollo,3,1,4,0.25
#landslide-in,1,1,2,0.5
from-refugee,1,10,11,0.9090909090909091
attack-derail,5,1,6,0.16666666666666666
fire-going,1,3,4,0.75
of-stealing,2,4,6,0.6666666666666666
from-hero,3,2,5,0.4
over-you,7,2,9,0.2222222222222222
get-had,2,1,3,0.3333333333333333
12000-wowo--===,1,1,2,0.5
from-year,2,5,7,0.7142857142857143
realise-you,4,3,7,0.42857142857142855
on-wtf,1,1,2,0.5
crash-to,2,5,7,0.7142857142857143
burning-save,2,2,4,0.5
how-into,2,3,5,0.6
have-middle,1,1,2,0.5
about-damage,1,1,2,0.5
colorado-the,2,1,3,0.3333333333333333
a-pro,1,2,3,0.6666666666666666
&amp;-know,6,1,7,0.14285714285714285
and-excellent,1,1,2,0.5
i-killed,1,5,6,0.8333333333333334
kit-wire,1,1,2,0.5
crash-interest,2,1,3,0.3333333333333333
#michelebachman-a,1,1,2,0.5
could-or,3,1,4,0.25
at-go,7,2,9,0.2222222222222222
family-far,1,5,6,0.8333333333333334
found-that,1,6,7,0.8571428571428571
is-jacksonville,2,1,3,0.3333333333333333
a-appears,26,6,32,0.1875
bb4sp-sarah,2,1,3,0.3333333333333333
content-effect,15,2,17,0.11764705882352941
over-police,1,4,5,0.8
black-is,1,1,2,0.5
in-land,11,39,50,0.78
and-wearing,3,1,4,0.25
low-you,14,3,17,0.17647058823529413
day-i,25,6,31,0.1935483870967742
even-them,1,1,2,0.5
storm-you,3,3,6,0.5
are-siren,1,1,2,0.5
beach-of,4,3,7,0.42857142857142855
it-rained.,1,1,2,0.5
even-still,5,1,6,0.16666666666666666
of-soon,1,1,2,0.5
strongly-their,1,1,2,0.5
disaster-what,4,1,5,0.2
101:-you're,3,1,4,0.25
i-should,11,5,16,0.3125
blessing-ur,10,2,12,0.16666666666666666
sorry-that,1,1,2,0.5
obliterated-totally,3,1,4,0.25
no-up,3,1,4,0.25
#best-2015],12,5,17,0.29411764705882354
...-rain,1,1,2,0.5
??????-an,2,1,3,0.3333333333333333
notexplained:-the,1,1,2,0.5
a-north,1,9,10,0.9
terrorist-up,1,1,2,0.5
in-st,3,3,6,0.5
are-running,1,4,5,0.8
a-itself,1,1,2,0.5
or-war,1,4,5,0.8
??-new,5,1,6,0.16666666666666666
ambulance-it,1,1,2,0.5
control-damage,1,1,2,0.5
@youtube-forest,1,1,2,0.5
look-me,4,1,5,0.2
from-tornado,1,1,2,0.5
can't-just,6,3,9,0.3333333333333333
8-ha,1,3,4,0.75
hostage-not,3,1,4,0.25
it!-their,1,1,2,0.5
damage-is,3,4,7,0.5714285714285714
flood-the,19,11,30,0.36666666666666664
leave-you,10,2,12,0.16666666666666666
wave-world,1,1,2,0.5
build-on,1,1,2,0.5
like-train,1,1,2,0.5
blast-in,13,12,25,0.48
emergency.-plan,1,1,2,0.5
national-salt,10,6,16,0.375
on-time,16,11,27,0.4074074074074074
drunk-you're,3,1,4,0.25
for-stabbing,2,4,6,0.6666666666666666
nuclear-will,2,4,6,0.6666666666666666
in-no,35,41,76,0.5394736842105263
look-people,3,1,4,0.25
tidal-wave,1,1,2,0.5
i'm-rainstorm,1,2,3,0.6666666666666666
plan-think,1,1,2,0.5
of-place,4,3,7,0.42857142857142855
day-family,2,1,3,0.3333333333333333
do-riot,4,1,5,0.2
knowing-new,1,1,2,0.5
(temporary:300)-fast,3,1,4,0.25
ha-http://t.co/bbdpnj8xsx,2,1,3,0.3333333333333333
'there-is,2,3,5,0.6
of-spent,1,1,2,0.5
an-been,2,15,17,0.8823529411764706
lamp-mining,3,1,4,0.25
great-your,1,2,3,0.6666666666666666
(peace-charity.',4,2,6,0.3333333333333333
natural-socialism,2,1,3,0.3333333333333333
and-via,12,5,17,0.29411764705882354
already-and,13,2,15,0.13333333333333333
if-not,16,7,23,0.30434782608695654
enugu-|,1,1,2,0.5
wa-with,17,9,26,0.34615384615384615
drowning-will,1,1,2,0.5
to-tornado,3,4,7,0.5714285714285714
her-just,10,2,12,0.16666666666666666
ha-socialism,2,1,3,0.3333333333333333
cooper.-of,1,1,2,0.5
could-do,1,2,3,0.6666666666666666
??-casualty,1,1,2,0.5
black-the,8,9,17,0.5294117647058824
much-up,1,2,3,0.6666666666666666
@starbucks-to,1,1,2,0.5
better-this,2,1,3,0.3333333333333333
threw-to,1,1,2,0.5
i'm-watching,4,1,5,0.2
to-week,11,3,14,0.21428571428571427
at-statement,1,4,5,0.8
cleared:incident-spring,1,2,3,0.6666666666666666
finally-in,4,1,5,0.2
crash-this,6,1,7,0.14285714285714285
4wd-work,5,1,6,0.16666666666666666
is-roof,2,1,3,0.3333333333333333
'death-comparison,1,1,2,0.5
a-loud,37,8,45,0.17777777777777778
hit-in,3,16,19,0.8421052631578947
ferry-to,2,2,4,0.5
can-have,8,4,12,0.3333333333333333
anything.-it,1,1,2,0.5
a-type.,1,1,2,0.5
300-a,1,1,2,0.5
played-wa,1,1,2,0.5
be-devastation,1,2,3,0.6666666666666666
hill-i,1,1,2,0.5
dorman-knock,1,1,2,0.5
concept-for,1,1,2,0.5
a-lot.,1,1,2,0.5
and-from,39,40,79,0.5063291139240507
those-with,2,2,4,0.5
state-world,1,2,3,0.6666666666666666
about-im,1,2,3,0.6666666666666666
in-stopped,2,3,5,0.6
a-today.,3,3,6,0.5
an-china,1,2,3,0.6666666666666666
cliff-hope,3,1,4,0.25
i-using,1,2,3,0.6666666666666666
in-prophet,4,2,6,0.3333333333333333
cover-keep,1,1,2,0.5
in-petition,2,1,3,0.3333333333333333
or-will,8,1,9,0.1111111111111111
and-survived,4,4,8,0.5
for-happen,3,1,4,0.25
because-would,1,1,2,0.5
a-police,3,36,39,0.9230769230769231
up-wa,9,8,17,0.47058823529411764
army-one,7,1,8,0.125
building-some,3,2,5,0.4
in-week.,3,3,6,0.5
obama-to,5,3,8,0.375
i-set,10,1,11,0.09090909090909091
campus-for,2,1,3,0.3333333333333333
#farrakhan-after,2,1,3,0.3333333333333333
material-stealing,2,1,3,0.3333333333333333
health-providence,4,1,5,0.2
the-weak,1,1,2,0.5
#world-no,1,1,2,0.5
one-what,4,2,6,0.3333333333333333
it-off,9,6,15,0.4
it-state,2,2,4,0.5
girl-stranded,1,2,3,0.6666666666666666
a-do,51,19,70,0.2714285714285714
have-night,3,1,4,0.25
wanna-you,10,1,11,0.09090909090909091
all-meat-loving,5,1,6,0.16666666666666666
from-national,2,1,3,0.3333333333333333
--answer,1,1,2,0.5
an-go,1,1,2,0.5
need-people,2,2,4,0.5
beam-boat,3,1,4,0.25
for-texas,6,5,11,0.45454545454545453
food-me,2,1,3,0.3333333333333333
at-me,15,1,16,0.0625
last-look,1,2,3,0.6666666666666666
the-v...,1,1,2,0.5
direction-my,10,2,12,0.16666666666666666
dropped-the,1,10,11,0.9090909090909091
a-up,69,89,158,0.5632911392405063
and-hijack,2,5,7,0.7142857142857143
&amp;-b4,1,1,2,0.5
before-of,6,6,12,0.5
in-service,8,9,17,0.5294117647058824
should-up,1,3,4,0.75
--if,4,3,7,0.42857142857142855
going-people,2,1,3,0.3333333333333333
2-yr,1,4,5,0.8
bleeding-keep,1,1,2,0.5
of-speaking,2,2,4,0.5
is-wave,1,7,8,0.875
but-too,7,2,9,0.2222222222222222
can-why,3,1,4,0.25
sarah-women!,2,1,3,0.3333333333333333
of-stop,11,9,20,0.45
different-for,1,1,2,0.5
bomb-scared,1,1,2,0.5
bayelsa-tension,6,7,13,0.5384615384615384
is-more,12,12,24,0.5
than-wa,2,4,6,0.6666666666666666
and-tried.,2,1,3,0.3333333333333333
but-cliff.,1,1,2,0.5
apple-connector,1,1,2,0.5
music-they,2,1,3,0.3333333333333333
go-movie,1,1,2,0.5
building-hot,1,1,2,0.5
disaster-technology,1,1,2,0.5
bomb-no,2,1,3,0.3333333333333333
@www.cbplawyers-fire,1,1,2,0.5
high-yeah,1,1,2,0.5
mass-shit.,1,2,3,0.6666666666666666
arrested-on,1,3,4,0.75
a-lady,4,1,5,0.2
a-good,27,10,37,0.2702702702702703
are-feel,6,1,7,0.14285714285714285
charging-i,3,1,4,0.25
re:-to,2,1,3,0.3333333333333333
going-would,3,1,4,0.25
corner-is,1,1,2,0.5
:-i,2,1,3,0.3333333333333333
all-through,2,2,4,0.5
dead-the,13,17,30,0.5666666666666667
and-slip,4,2,6,0.3333333333333333
going-to,76,18,94,0.19148936170212766
all-fuck,3,1,4,0.25
deluge.-the,2,2,4,0.5
anything-donûªt,3,1,4,0.25
just-made,3,2,5,0.4
??????-survive,1,1,2,0.5
riot-we,2,2,4,0.5
at-business,3,1,4,0.25
#somalia-exploration,1,4,5,0.8
cyclist-runner,1,2,3,0.6666666666666666
car-past,1,1,2,0.5
go-yourself,1,1,2,0.5
my-yet,1,2,3,0.6666666666666666
madinah.-of,4,2,6,0.3333333333333333
le-to,2,3,5,0.6
how-making,1,1,2,0.5
a-clearly,1,1,2,0.5
burning-firefighter,2,1,3,0.3333333333333333
bad-for,7,1,8,0.125
ha-if,8,3,11,0.2727272727272727
even-everything.,1,1,2,0.5
building-it,2,5,7,0.7142857142857143
getting-they,2,1,3,0.3333333333333333
alert:-emergency,1,1,2,0.5
have-this,16,8,24,0.3333333333333333
are-up,8,21,29,0.7241379310344828
interest-summer,2,1,3,0.3333333333333333
fight-to,6,12,18,0.6666666666666666
be-yet,4,1,5,0.2
any-school,1,1,2,0.5
hear-if,1,1,2,0.5
sick-world,1,1,2,0.5
but-someone,1,2,3,0.6666666666666666
lot-one,1,1,2,0.5
5-weather,2,2,4,0.5
a-neil,1,1,2,0.5
by-pedestrian,1,2,3,0.6666666666666666
been-did,2,1,3,0.3333333333333333
from-name,1,2,3,0.6666666666666666
never-nothing,1,1,2,0.5
fucking-look,1,1,2,0.5
came-through,1,1,2,0.5
at-involving,8,1,9,0.1111111111111111
leaving-to,1,2,3,0.6666666666666666
live-my,1,13,14,0.9285714285714286
all-giving,2,1,3,0.3333333333333333
get-the,103,25,128,0.1953125
could-some,2,2,4,0.5
mention-want,3,1,4,0.25
apartment-fire,1,4,5,0.8
military-on,2,2,4,0.5
colour-out,7,1,8,0.125
#winter-the,1,1,2,0.5
and-nearly,2,2,4,0.5
may-my,5,1,6,0.16666666666666666
among-teen,1,1,2,0.5
an-and,28,25,53,0.4716981132075472
a-twister,14,5,19,0.2631578947368421
ave-inner,1,4,5,0.8
august-by,1,13,14,0.9285714285714286
cricket-in,1,4,5,0.8
i-rest,1,1,2,0.5
because-what,2,1,3,0.3333333333333333
brother-your,2,1,3,0.3333333333333333
in-show,8,1,9,0.1111111111111111
and-certain,2,1,3,0.3333333333333333
dan-hughes,3,1,4,0.25
in-smoking,1,1,2,0.5
right-this,9,1,10,0.1
incredible-is,1,1,2,0.5
[portland-police,1,1,2,0.5
6-video,1,1,2,0.5
calorie-pace,1,1,2,0.5
http://t.co/q2eblokeve-pick,5,1,6,0.16666666666666666
burning-oooh,1,1,2,0.5
outside-so,3,1,4,0.25
drake-with,2,1,3,0.3333333333333333
demolished-just,3,3,6,0.5
feed-wedding,3,1,4,0.25
prepare-your,1,1,2,0.5
self-transformation,1,1,2,0.5
gonna-the,11,4,15,0.26666666666666666
most-talk,1,1,2,0.5
custom-were,1,1,2,0.5
rt:-to,1,1,2,0.5
is-w,4,1,5,0.2
humaza.-up,2,1,3,0.3333333333333333
message-to,2,4,6,0.6666666666666666
have-month,1,2,3,0.6666666666666666
grenade-the,1,1,2,0.5
i'm-left,1,1,2,0.5
apc-bayelsa,6,9,15,0.6
like-winston,2,2,4,0.5
a-catch,1,2,3,0.6666666666666666
long-massacre,1,1,2,0.5
firey-obliterated,1,1,2,0.5
tell-when,1,2,3,0.6666666666666666
forest:-u.s,5,3,8,0.375
at-remember,2,2,4,0.5
cameroon-wowo--===,1,1,2,0.5
in-possible,1,8,9,0.8888888888888888
discovered-ûò,1,1,2,0.5
a-sooo,1,1,2,0.5
doing-of,6,4,10,0.4
after-u,2,3,5,0.6
2-different,2,1,3,0.3333333333333333
crap-you,2,1,3,0.3333333333333333
out-started,1,1,2,0.5
ep...-utc2015-08-05,1,1,2,0.5
ebay-star,2,1,3,0.3333333333333333
an-people.,1,2,3,0.6666666666666666
and-lightning,3,7,10,0.7
could-this,6,4,10,0.4
shit-smoke,1,1,2,0.5
accidentally-fall,1,2,3,0.6666666666666666
atomic-mineral's,1,1,2,0.5
his-she,1,1,2,0.5
#allah-last,2,1,3,0.3333333333333333
refugees;-strategy,1,4,5,0.8
and-cannot,2,1,3,0.3333333333333333
brutally-ty,1,1,2,0.5
don't-having,1,1,2,0.5
can't-they,4,1,5,0.2
match-take,1,1,2,0.5
crap-the,3,3,6,0.5
burning-firey,1,1,2,0.5
i-there,32,13,45,0.28888888888888886
and-shit,7,5,12,0.4166666666666667
an-plan?,2,1,3,0.3333333333333333
for-want,11,3,14,0.21428571428571427
leaving-wa,1,1,2,0.5
comparison-ted,1,1,2,0.5
cross-demolition,1,1,2,0.5
an-true,1,1,2,0.5
and-cost,1,2,3,0.6666666666666666
after-cinema,1,4,5,0.8
no-potential,3,2,5,0.4
by-hiroshima,1,1,2,0.5
don't-not,5,1,6,0.16666666666666666
hijack-tension,3,6,9,0.6666666666666666
for-shit,6,3,9,0.3333333333333333
apple-for,1,1,2,0.5
at-property,1,1,2,0.5
&amp;-too,2,1,3,0.3333333333333333
against-that,3,2,5,0.4
pas-to,6,2,8,0.25
a-flood,4,11,15,0.7333333333333333
first-point,1,1,2,0.5
love-those,2,1,3,0.3333333333333333
--sub,1,1,2,0.5
crash-summer,5,1,6,0.16666666666666666
air-her,1,2,3,0.6666666666666666
collapsed-now!,2,1,3,0.3333333333333333
national-park,10,6,16,0.375
in-south,1,11,12,0.9166666666666666
me-not,19,8,27,0.2962962962962963
saying-the,4,2,6,0.3333333333333333
almost-first,1,1,2,0.5
exploded-my,5,1,6,0.16666666666666666
caution:-may,1,1,2,0.5
but-sometimes,4,2,6,0.3333333333333333
and-i,315,93,408,0.22794117647058823
in-mad,1,4,5,0.8
southampton-virgil,1,2,3,0.6666666666666666
blown-for,5,2,7,0.2857142857142857
frank-is,1,1,2,0.5
about-those,2,1,3,0.3333333333333333
#southdowns-oak,1,1,2,0.5
start-throwing,1,1,2,0.5
caution-the,1,1,2,0.5
goal-i,4,1,5,0.2
chief's-raid,1,2,3,0.6666666666666666
like-survive,4,1,5,0.2
don't-now.,1,1,2,0.5
a-deadly,5,4,9,0.4444444444444444
explosion-simulate,1,4,5,0.8
during-is,1,3,4,0.75
lose-that,3,2,5,0.4
2-he,10,3,13,0.23076923076923078
arm-in,1,1,2,0.5
about-won't,1,1,2,0.5
deep-with,1,1,2,0.5
all-when,7,1,8,0.125
after-who,5,2,7,0.2857142857142857
describes-thinking,2,1,3,0.3333333333333333
a-surah,2,1,3,0.3333333333333333
am-than,1,1,2,0.5
at-that,19,20,39,0.5128205128205128
aren't-that,1,1,2,0.5
billion-in,1,1,2,0.5
on-some,6,4,10,0.4
of-time,26,17,43,0.3953488372093023
is-woman,7,2,9,0.2222222222222222
insurer-windstorm,6,1,7,0.14285714285714285
and-during,8,3,11,0.2727272727272727
see-who,2,1,3,0.3333333333333333
and-emergency,7,8,15,0.5333333333333333
and-song,9,1,10,0.1
#worstsummerjob-i,2,1,3,0.3333333333333333
the-wall,7,2,9,0.2222222222222222
there-we,5,4,9,0.4444444444444444
glad-i'm,2,2,4,0.5
bioterror-research,1,2,3,0.6666666666666666
the-where,33,19,52,0.36538461538461536
realized-wa,1,1,2,0.5
smoke-you,7,3,10,0.3
bombing-would,1,4,5,0.8
and-sound,4,1,5,0.2
??????-to,13,4,17,0.23529411764705882
be-go,6,1,7,0.14285714285714285
feel-to,13,1,14,0.07142857142857142
like-the,123,56,179,0.3128491620111732
flooding-have,1,4,5,0.8
cnn-for,1,1,2,0.5
other-than,1,1,2,0.5
hazardous-multidimensi,1,1,2,0.5
are-weapon,1,3,4,0.75
that-work,3,1,4,0.25
of-panic,3,2,5,0.4
and-multidimensi,1,1,2,0.5
pandemonium-that,1,1,2,0.5
#talkradio-of,1,1,2,0.5
her-is,22,8,30,0.26666666666666666
scared-up,1,1,2,0.5
how-rt,1,1,2,0.5
of-where,4,6,10,0.6
of-others,1,4,5,0.8
heartless-told,2,1,3,0.3333333333333333
our-population,1,1,2,0.5
of-wicked,3,1,4,0.25
off-then,3,1,4,0.25
deluged-of,12,2,14,0.14285714285714285
for-this?,1,1,2,0.5
a-having,12,6,18,0.3333333333333333
are-race,1,1,2,0.5
11-kill,1,1,2,0.5
http://t.co/zujwuiomb3-shoulder,3,1,4,0.25
all-had,4,2,6,0.3333333333333333
are-inundated,4,2,6,0.3333333333333333
am-why,1,2,3,0.6666666666666666
for-leave,3,2,5,0.4
consequence-it,2,1,3,0.3333333333333333
episode.-ha,1,1,2,0.5
have-nothing,2,2,4,0.5
day-it's,6,2,8,0.25
be-drinking,1,1,2,0.5
no-see,6,2,8,0.25
??-wanted,1,2,3,0.6666666666666666
have-iran,1,1,2,0.5
a-caught,5,7,12,0.5833333333333334
hobo-new,7,1,8,0.125
a-hurry,1,2,3,0.6666666666666666
boy-my,7,3,10,0.3
i-rescued,4,1,5,0.2
car-new,2,1,3,0.3333333333333333
--@youtube,45,7,52,0.1346153846153846
is-school,3,2,5,0.4
inferno-soon,1,1,2,0.5
gone-it,2,3,5,0.6
because-remember,2,1,3,0.3333333333333333
for-home,7,9,16,0.5625
#undergroundrailraod-noonan@cindynoonan-heartbreak,1,1,2,0.5
8-his,4,2,6,0.3333333333333333
the-understand,1,2,3,0.6666666666666666
#hot-#prebreak,17,13,30,0.43333333333333335
??-me.,1,1,2,0.5
turn-you,5,1,6,0.16666666666666666
from-news,1,4,5,0.8
past-youth,1,2,3,0.6666666666666666
#love-on,1,1,2,0.5
7-9:,1,1,2,0.5
from-working,2,1,3,0.3333333333333333
need-these,1,3,4,0.75
of-woman,7,7,14,0.5
97/georgia-cleared:incident,1,2,3,0.6666666666666666
ha-little,2,1,3,0.3333333333333333
'superhero'-toddler,1,1,2,0.5
#business-collapse,1,1,2,0.5
nothing-on,1,1,2,0.5
from-removing,1,1,2,0.5
&amp;-sister,3,3,6,0.5
1st-and,2,2,4,0.5
land-their,1,1,2,0.5
boot-child,1,2,3,0.6666666666666666
apocalypse.-of,2,2,4,0.5
heard-then,2,1,3,0.3333333333333333
and-leave,6,1,7,0.14285714285714285
at-wounded,2,1,3,0.3333333333333333
be-you'll,4,1,5,0.2
just-right,4,2,6,0.3333333333333333
from-near,1,2,3,0.6666666666666666
avalanche-truck,1,1,2,0.5
house-i,8,2,10,0.2
bus-on,1,4,5,0.8
be-season.,1,1,2,0.5
fatal-via,2,1,3,0.3333333333333333
our-will,5,1,6,0.16666666666666666
so-watching,3,2,5,0.4
don't-worry,3,3,6,0.5
don't-where,1,2,3,0.6666666666666666
i-sky,2,1,3,0.3333333333333333
just-life,4,2,6,0.3333333333333333
after-following,1,4,5,0.8
his-would,2,1,3,0.3333333333333333
and-make,28,4,32,0.125
inspection-structural,1,1,2,0.5
not-rule,1,1,2,0.5
--survival,3,1,4,0.25
on-welfare,1,1,2,0.5
apocalypse-enormous,1,1,2,0.5
mass-we,1,4,5,0.8
i-sadly,3,1,4,0.25
to-using,1,5,6,0.8333333333333334
burned-wa,1,1,2,0.5
car-did,1,1,2,0.5
one-world,2,3,5,0.6
burning-into,5,4,9,0.4444444444444444
destroyed-eye,8,1,9,0.1111111111111111
sinking-what,1,2,3,0.6666666666666666
forever-want,1,1,2,0.5
become-that,1,2,3,0.6666666666666666
didnt-i,5,1,6,0.16666666666666666
a-literally,4,2,6,0.3333333333333333
mine-the,2,1,3,0.3333333333333333
when-year,2,4,6,0.6666666666666666
reason-there,3,2,5,0.4
everyone-me,4,1,5,0.2
@bradleybrad47-fast,1,2,3,0.6666666666666666
an-attack,1,2,3,0.6666666666666666
conference-government,6,1,7,0.14285714285714285
it-those,4,1,5,0.2
burning-like,9,7,16,0.4375
&amp;-came,1,1,2,0.5
forest:-salt,5,3,8,0.375
in-turned,5,3,8,0.375
have-riot,1,2,3,0.6666666666666666
hazardous-your,1,4,5,0.8
new-post:,4,1,5,0.2
running-that,2,1,3,0.3333333333333333
#gilbert23-horse,1,1,2,0.5
people;-strategy,1,4,5,0.8
alarm-fire,2,7,9,0.7777777777777778
but-to,88,34,122,0.2786885245901639
like-up,20,5,25,0.2
battle-jedi,1,1,2,0.5
child-woman,1,3,4,0.75
fire.-no,1,1,2,0.5
benefit-of,1,1,2,0.5
previous-the,2,4,6,0.6666666666666666
alabama-the,1,2,3,0.6666666666666666
donûªt-mention,3,1,4,0.25
daughter-sex,1,1,2,0.5
getting-the,18,9,27,0.3333333333333333
be-never,6,1,7,0.14285714285714285
beautiful-desolation.,1,1,2,0.5
parenthood-women!,2,1,3,0.3333333333333333
finally-to,3,1,4,0.25
did-help,2,1,3,0.3333333333333333
by-it.,3,1,4,0.25
out-we,3,1,4,0.25
because-everything,2,1,3,0.3333333333333333
disaster-those,1,1,2,0.5
end-we,4,1,5,0.2
market-summer,8,1,9,0.1111111111111111
giant-of,1,2,3,0.6666666666666666
bombed-year,1,2,3,0.6666666666666666
can-this,11,4,15,0.26666666666666666
be-could,10,11,21,0.5238095238095238
&amp;-set,2,1,3,0.3333333333333333
american-at,1,2,3,0.6666666666666666
#michelebachman-world,1,1,2,0.5
it's-us.,1,1,2,0.5
a-blew,3,1,4,0.25
a-gun,6,12,18,0.6666666666666666
been-when,10,6,16,0.375
:-visit,1,1,2,0.5
but-there,6,7,13,0.5384615384615384
sat-the,9,1,10,0.1
a-ready,4,1,5,0.2
in.-with,1,1,2,0.5
fire-like,11,9,20,0.45
atomic-can,1,1,2,0.5
now-tear,1,1,2,0.5
up-will,10,2,12,0.16666666666666666
into-peace,4,2,6,0.3333333333333333
be-heard,13,3,16,0.1875
have-when,9,3,12,0.25
holy-wa,1,1,2,0.5
5-fire,1,2,3,0.6666666666666666
careless-take,1,1,2,0.5
exploded-on,4,4,8,0.5
&amp;-go,2,1,3,0.3333333333333333
taco-the,1,1,2,0.5
to-top,35,3,38,0.07894736842105263
shit-want,2,2,4,0.5
@amazon-via,1,1,2,0.5
control-hellfire,4,1,5,0.2
&amp;-off,5,5,10,0.5
police-update:,1,1,2,0.5
i'm-move,1,1,2,0.5
on-would,10,1,11,0.09090909090909091
just-stop,6,1,7,0.14285714285714285
electrocuted-hair,1,1,2,0.5
to-turn,10,1,11,0.09090909090909091
he-until,4,1,5,0.2
not-xp',3,1,4,0.25
side-so,1,1,2,0.5
of-st,3,3,6,0.5
first-u,2,1,3,0.3333333333333333
la-on,1,11,12,0.9166666666666666
(peace-prophet,4,2,6,0.3333333333333333
their-we,3,2,5,0.4
equal-the,2,1,3,0.3333333333333333
cant-wa,2,1,3,0.3333333333333333
let-with,8,3,11,0.2727272727272727
picked!-worth,2,1,3,0.3333333333333333
humanity-on,1,1,2,0.5
wrecked-you,5,1,6,0.16666666666666666
--collide,3,1,4,0.25
for-warning,1,22,23,0.9565217391304348
i-though.,4,1,5,0.2
bioterrorism-with,1,1,2,0.5
for-regime,1,1,2,0.5
humans!-opposite,1,1,2,0.5
in-work,19,8,27,0.2962962962962963
accept-burning,1,1,2,0.5
fire-how,1,1,2,0.5
like-murderer,3,1,4,0.25
getting-way,1,1,2,0.5
land-may,1,1,2,0.5
from-senior,1,2,3,0.6666666666666666
keep-your,4,2,6,0.3333333333333333
make-tomorrow,2,1,3,0.3333333333333333
planned-ûò,3,1,4,0.25
sorry-to,5,4,9,0.4444444444444444
3-so,1,2,3,0.6666666666666666
me-sinking,1,1,2,0.5
done-i,4,1,5,0.2
and-traffic,9,3,12,0.25
ha-sparked,3,2,5,0.4
no-time,1,1,2,0.5
#lgbt-admits,4,1,5,0.2
mark-more,1,1,2,0.5
chemical-explosion,1,6,7,0.8571428571428571
recognize-the,1,2,3,0.6666666666666666
any-know,2,1,3,0.3333333333333333
#rioting-#yahistorical,1,1,2,0.5
go-wa,1,1,2,0.5
a-delivers,9,4,13,0.3076923076923077
getting-year,2,1,3,0.3333333333333333
get-it's,7,1,8,0.125
4wd-truck,3,1,4,0.25
&amp;-could,2,1,3,0.3333333333333333
today-you,3,2,5,0.4
have-heat,1,3,4,0.75
more-would,1,1,2,0.5
mania-that,1,1,2,0.5
a-setting,1,1,2,0.5
crash-party,1,1,2,0.5
in-taking,1,2,3,0.6666666666666666
being-i'm,5,2,7,0.2857142857142857
carry-of,1,1,2,0.5
and-ran,2,1,3,0.3333333333333333
can-etc.,1,1,2,0.5
about-we,8,2,10,0.2
in-rose,1,2,3,0.6666666666666666
to-young,1,2,3,0.6666666666666666
@gerenciatodos-bargain,1,1,2,0.5
and-dan,1,1,2,0.5
last-tooth,1,1,2,0.5
fatality-red-light,1,1,2,0.5
from-right,1,2,3,0.6666666666666666
tear-this,1,1,2,0.5
i-work,16,8,24,0.3333333333333333
island-of,1,9,10,0.9
on-saw,3,5,8,0.625
a-word,13,3,16,0.1875
alarm-last,1,1,2,0.5
i'm-mmmmmm,3,3,6,0.5
by-now,4,2,6,0.3333333333333333
and-man,6,3,9,0.3333333333333333
house-on,5,5,10,0.5
and-heart,5,4,9,0.4444444444444444
--service,9,4,13,0.3076923076923077
2-war,3,3,6,0.5
#gbbo-'it,2,1,3,0.3333333333333333
survive-the,8,11,19,0.5789473684210527
to-ugly,2,1,3,0.3333333333333333
#irandeal-iran,1,1,2,0.5
fun-that,2,2,4,0.5
fraction-the,1,1,2,0.5
ave-with,1,5,6,0.8333333333333334
deal-the,5,7,12,0.5833333333333334
from-when,2,3,5,0.6
i-night,10,1,11,0.09090909090909091
all-thunder,1,1,2,0.5
in-stabbing,1,4,5,0.8
catastrophe-have,1,2,3,0.6666666666666666
eat-that,1,1,2,0.5
...-bundled,1,1,2,0.5
japan-to,1,6,7,0.8571428571428571
a-street,3,6,9,0.6666666666666666
for-thanks,8,3,11,0.2727272727272727
i-whole,6,2,8,0.25
called-up,1,1,2,0.5
gunman-with,1,3,4,0.75
curfew.-of,2,1,3,0.3333333333333333
#cs-of,1,2,3,0.6666666666666666
now-them,3,2,5,0.4
am-my,5,4,9,0.4444444444444444
secret-the,31,2,33,0.06060606060606061
any-i,16,4,20,0.2
apocalypse-me,3,1,4,0.25
#photo-new,1,1,2,0.5
people-thinking,2,1,3,0.3333333333333333
from-or,6,1,7,0.14285714285714285
people-whole,3,2,5,0.4
crew-the,1,7,8,0.875
lot-to,7,3,10,0.3
rise-the,20,3,23,0.13043478260869565
can-say,7,4,11,0.36363636363636365
can-told,3,1,4,0.25
by-collapse,3,1,4,0.25
a-member,2,1,3,0.3333333333333333
but-first,3,1,4,0.25
colour-with,16,2,18,0.1111111111111111
can-on,8,7,15,0.4666666666666667
a-weird,2,2,4,0.5
they-way,2,1,3,0.3333333333333333
#photo-#winter,1,1,2,0.5
apple-lightning,1,1,2,0.5
a-rt,11,10,21,0.47619047619047616
dress-internet,2,1,3,0.3333333333333333
officer-police,4,34,38,0.8947368421052632
tried-who,2,1,3,0.3333333333333333
don't-i,78,22,100,0.22
for-make,8,4,12,0.3333333333333333
of-struck,1,1,2,0.5
come-make,1,1,2,0.5
prompted-this,1,1,2,0.5
in-set,4,9,13,0.6923076923076923
money-this,2,1,3,0.3333333333333333
me-text,3,1,4,0.25
ppl-so,3,1,4,0.25
#faroeislands-your,1,2,3,0.6666666666666666
civil-cyclist,1,2,3,0.6666666666666666
little-you,9,1,10,0.1
i-when,74,24,98,0.24489795918367346
murder-one,1,3,4,0.75
another-haven't,1,1,2,0.5
and-everything,6,2,8,0.25
that-them,11,4,15,0.26666666666666666
@usatoday-mishap,1,3,4,0.75
it-scare,1,1,2,0.5
cladding-non-compliant,2,1,3,0.3333333333333333
change-rule,6,4,10,0.4
a-light,5,2,7,0.2857142857142857
soul-your,2,1,3,0.3333333333333333
having-through,1,1,2,0.5
need-watch.,1,1,2,0.5
peace-wa,4,2,6,0.3333333333333333
#quote-plaguing,2,1,3,0.3333333333333333
a-tank,2,2,4,0.5
at-survived,2,1,3,0.3333333333333333
?-in,3,3,6,0.5
&amp;-http://t.co/0wratka2jl,2,1,3,0.3333333333333333
know-wave,1,1,2,0.5
by-trying,3,1,4,0.25
#sm-at,1,1,2,0.5
??-had,3,1,4,0.25
of-think,19,9,28,0.32142857142857145
by-crash:,1,1,2,0.5
#allah-a,3,1,4,0.25
5-windstorm,2,1,3,0.3333333333333333
die-i,8,2,10,0.2
size-up,1,1,2,0.5
--just,4,4,8,0.5
keep-while,1,2,3,0.6666666666666666
from-i,63,12,75,0.16
it-now!,3,2,5,0.4
decision-not,1,1,2,0.5
realise-whole,4,3,7,0.42857142857142855
of-windstorm,6,2,8,0.25
i-under,1,2,3,0.6666666666666666
hosting-thousand,1,1,2,0.5
something-that,4,2,6,0.3333333333333333
case-the,2,3,5,0.6
angel-me,1,2,3,0.6666666666666666
cree-emergency,1,1,2,0.5
maybe-what,1,1,2,0.5
action-video,1,1,2,0.5
for-here,5,4,9,0.4444444444444444
[black-funtenna:,12,5,17,0.29411764705882354
#art-#photo,1,1,2,0.5
others-up,1,1,2,0.5
building-multiple,1,3,4,0.75
and-rubber,1,1,2,0.5
body-û_,1,1,2,0.5
mourning-victim,1,4,5,0.8
for-time.,1,3,4,0.75
like-plan,2,4,6,0.6666666666666666
and-concert,2,1,3,0.3333333333333333
always-mass,1,2,3,0.6666666666666666
--new,44,12,56,0.21428571428571427
become-on,3,1,4,0.25
boat-truck,3,1,4,0.25
i-loud,21,7,28,0.25
but-going,3,2,5,0.4
night-wild,1,1,2,0.5
in-real,8,6,14,0.42857142857142855
both-do,1,1,2,0.5
next-over,1,1,2,0.5
economic-financial,2,1,3,0.3333333333333333
hour-than,2,1,3,0.3333333333333333
it-surah,2,1,3,0.3333333333333333
and-poor,2,2,4,0.5
drown-to,11,4,15,0.26666666666666666
are-getting,5,3,8,0.375
#news-video:,1,3,4,0.75
there-they,7,2,9,0.2222222222222222
lab-longer,5,11,16,0.6875
a-one,45,25,70,0.35714285714285715
in-wait,4,1,5,0.2
day-so,5,1,6,0.16666666666666666
think-up,1,1,2,0.5
donûªt-hellfire!,3,1,4,0.25
101:-totally,3,1,4,0.25
every-few,1,1,2,0.5
glad-they,1,1,2,0.5
'second'-his,2,2,4,0.5
hellfire-upon,4,2,6,0.3333333333333333
#slanglucci-is,3,1,4,0.25
there-white,1,1,2,0.5
heard-my,14,4,18,0.2222222222222222
night-them,2,1,3,0.3333333333333333
home-my,12,2,14,0.14285714285714285
evacuate-so,1,6,7,0.8571428571428571
and-human,4,2,6,0.3333333333333333
flame-giant,1,1,2,0.5
with-wreck,3,1,4,0.25
happen-you,1,2,3,0.6666666666666666
had-people,1,2,3,0.6666666666666666
#prebreak-policy,4,1,5,0.2
now-they,9,2,11,0.18181818181818182
everyone-know,2,1,3,0.3333333333333333
doe-he,4,3,7,0.42857142857142855
about-how,5,3,8,0.375
sassy-snowstorm,1,2,3,0.6666666666666666
ever-most,3,2,5,0.4
&amp;-gift,2,1,3,0.3333333333333333
any-man,1,1,2,0.5
careful-control,4,1,5,0.2
injury-the,11,5,16,0.3125
murderer-the,1,3,4,0.75
like-time,3,2,5,0.4
and-few,3,3,6,0.5
bar-flood,8,1,9,0.1111111111111111
on-such,1,1,2,0.5
pepper-that,1,1,2,0.5
forest:-wild,5,3,8,0.375
last-week,1,1,2,0.5
on-way,9,13,22,0.5909090909090909
gas-on,1,1,2,0.5
such-to,12,1,13,0.07692307692307693
are-do,8,6,14,0.42857142857142855
and...-me,1,1,2,0.5
hellfire!-mention,3,1,4,0.25
now-with,13,5,18,0.2777777777777778
or-there,7,3,10,0.3
medium-sick,1,2,3,0.6666666666666666
mudslide'-the,1,1,2,0.5
by-content,1,1,2,0.5
had-issue,1,3,4,0.75
demolition-it,1,1,2,0.5
delivers-woman,9,4,13,0.3076923076923077
v-world,1,1,2,0.5
find-wonder,1,1,2,0.5
--change,2,1,3,0.3333333333333333
summer.-the,1,1,2,0.5
rest-to,2,1,3,0.3333333333333333
anymore-to,2,1,3,0.3333333333333333
a-himself,1,1,2,0.5
i-summer,6,2,8,0.25
just-neighbour's,13,3,16,0.1875
drinking-not,1,2,3,0.6666666666666666
lab-of,6,16,22,0.7272727272727273
playlist-the,4,2,6,0.3333333333333333
first-hijack,3,2,5,0.4
#globalwarming!!-a,1,1,2,0.5
about-since,1,2,3,0.6666666666666666
murderer-with,3,1,4,0.25
is-me,28,3,31,0.0967741935483871
2nd-battle,1,1,2,0.5
first-poll:,2,1,3,0.3333333333333333
cyclone-gt,2,1,3,0.3333333333333333
don't-me.,1,3,4,0.75
have-link,1,1,2,0.5
are-deluged,9,2,11,0.18181818181818182
his-it,12,3,15,0.2
iron-is,1,1,2,0.5
their-what,3,2,5,0.4
ha-which,2,4,6,0.6666666666666666
an-of,52,55,107,0.514018691588785
done-to,1,7,8,0.875
israel-to,1,2,3,0.6666666666666666
a-a...,5,3,8,0.375
and-hard,2,2,4,0.5
none-the,9,2,11,0.18181818181818182
ship-wreck,5,2,7,0.2857142857142857
apc-former,2,1,3,0.3333333333333333
this-violent,1,2,3,0.6666666666666666
flattened-his,2,2,4,0.5
california:-time2015-08-05,1,2,3,0.6666666666666666
never-of,8,7,15,0.4666666666666667
of-sister,1,1,2,0.5
just-school,3,1,4,0.25
piling-up,4,1,5,0.2
health-public,1,2,3,0.6666666666666666
sinking-when,4,3,7,0.42857142857142855
because-need,5,1,6,0.16666666666666666
gas-the,1,4,5,0.8
few-quite,1,1,2,0.5
ebay-the,3,1,4,0.25
create-is,1,1,2,0.5
of-your,53,18,71,0.2535211267605634
sea-u,3,1,4,0.25
a-prepare,2,1,3,0.3333333333333333
everyone-it,2,1,3,0.3333333333333333
bay-in,2,2,4,0.5
blue-know,1,1,2,0.5
and-sadly,1,2,3,0.6666666666666666
a-but,129,62,191,0.32460732984293195
and-electrocuted,9,2,11,0.18181818181818182
&amp;-be,10,4,14,0.2857142857142857
giving-half,4,2,6,0.3333333333333333
a-five,1,3,4,0.75
in-total,3,4,7,0.5714285714285714
concert-i,1,2,3,0.6666666666666666
about-worried,1,3,4,0.75
dude-to,3,2,5,0.4
and-daughter,3,1,4,0.25
banquet-hosting,1,1,2,0.5
about-family,1,1,2,0.5
happy-when,1,1,2,0.5
mishap-no,5,11,16,0.6875
them!-voice,2,1,3,0.3333333333333333
camp-today,2,1,3,0.3333333333333333
a-escape,1,1,2,0.5
day-survived,3,1,4,0.25
it-side,3,1,4,0.25
2-old,1,1,2,0.5
+-the,10,6,16,0.375
breaking-news!,13,3,16,0.1875
action-burning,1,1,2,0.5
mass-need,1,1,2,0.5
panic-when,3,1,4,0.25
he's-trying,1,2,3,0.6666666666666666
burning-don't,3,2,5,0.4
about-being,2,2,4,0.5
ago-year,5,7,12,0.5833333333333334
into-many,16,3,19,0.15789473684210525
that-understand,2,1,3,0.3333333333333333
freak-of,1,8,9,0.8888888888888888
up-way,5,1,6,0.16666666666666666
act-owner,2,1,3,0.3333333333333333
and-feeling,12,4,16,0.25
flood-my,1,1,2,0.5
??-this,12,1,13,0.07692307692307693
making-out,1,1,2,0.5
about-cause,1,1,2,0.5
emergency-full,6,1,7,0.14285714285714285
bigamist-death,2,1,3,0.3333333333333333
fatality-that,2,2,4,0.5
to-watch,15,6,21,0.2857142857142857
engulfed-turned,4,2,6,0.3333333333333333
is-other,2,3,5,0.6
devastation-show,1,1,2,0.5
we-yet,2,1,3,0.3333333333333333
but-version,1,1,2,0.5
whistle-wire,1,1,2,0.5
for-russia,2,1,3,0.3333333333333333
because-of,16,13,29,0.4482758620689655
of-walking,1,2,3,0.6666666666666666
got-should,1,1,2,0.5
a-cigarette,3,1,4,0.25
daughter-her,2,1,3,0.3333333333333333
by-way,2,1,3,0.3333333333333333
school-where,1,1,2,0.5
an-police,2,5,7,0.7142857142857143
favorite-the,2,1,3,0.3333333333333333
a-with,153,93,246,0.3780487804878049
but-haven't,1,1,2,0.5
focus-to,1,5,6,0.8333333333333334
at-england,1,1,2,0.5
a-i'd,13,2,15,0.13333333333333333
of-whole,4,4,8,0.5
a-damn,4,4,8,0.5
gun-of,3,1,4,0.25
...-lab,1,1,2,0.5
desire-you!,8,2,10,0.2
found-when,1,1,2,0.5
casualties.-i'm,1,1,2,0.5
#insurance-insurance,1,1,2,0.5
right-self,1,1,2,0.5
me-ride,3,1,4,0.25
in-trent,1,3,4,0.75
can-violent,1,1,2,0.5
desolation-smaug,9,1,10,0.1
can-mineral's,1,1,2,0.5
bombed-to,4,5,9,0.5555555555555556
#hot-rescue,1,7,8,0.875
so-world,4,2,6,0.3333333333333333
ablaze-on,2,1,3,0.3333333333333333
sign-up,1,1,2,0.5
school-this,1,2,3,0.6666666666666666
start-would,1,1,2,0.5
...-august,1,7,8,0.875
at-sinking,5,4,9,0.4444444444444444
it-thing,5,2,7,0.2857142857142857
then-will,4,1,5,0.2
to-tryout,1,1,2,0.5
feeling-you,8,4,12,0.3333333333333333
be-we,12,6,18,0.3333333333333333
#pdx911-portland,1,1,2,0.5
take-with,6,1,7,0.14285714285714285
a-cause,13,5,18,0.2777777777777778
it-miss,2,1,3,0.3333333333333333
cliff-on,3,4,7,0.5714285714285714
centre-in,1,2,3,0.6666666666666666
'if-but,1,1,2,0.5
thing-when,1,1,2,0.5
#cnn-#news,3,4,7,0.5714285714285714
my-smaug,1,1,2,0.5
if-when,5,1,6,0.16666666666666666
go-made,3,1,4,0.25
at-sorry,2,1,3,0.3333333333333333
she's-that,2,1,3,0.3333333333333333
are-please,1,2,3,0.6666666666666666
a-great,30,4,34,0.11764705882352941
so-think,9,3,12,0.25
say-your,6,1,7,0.14285714285714285
did-this,10,1,11,0.09090909090909091
dead-i,9,2,11,0.18181818181818182
#jonathanferrell-wound,2,2,4,0.5
if-landslide,1,2,3,0.6666666666666666
--dorret's,1,1,2,0.5
a-riot,7,3,10,0.3
engulfed-land,8,4,12,0.3333333333333333
fan-not,3,2,5,0.4
????-happened,1,1,2,0.5
(peace-in,4,2,6,0.3333333333333333
our-plan,1,1,2,0.5
of-worse,1,2,3,0.6666666666666666
on-person,1,3,4,0.75
also-an,1,2,3,0.6666666666666666
and-leader,1,1,2,0.5
after-off,2,7,9,0.7777777777777778
@'armageddon-|,9,3,12,0.25
??-i,76,13,89,0.14606741573033707
the-yourself,6,3,9,0.3333333333333333
#world-the,1,2,3,0.6666666666666666
national-the,25,16,41,0.3902439024390244
miss-so,3,1,4,0.25
it's-wa,4,2,6,0.3333333333333333
is-physical,1,1,2,0.5
is-mean,5,1,6,0.16666666666666666
without-world,1,1,2,0.5
a-upheaval,9,7,16,0.4375
is-lol,7,1,8,0.125
completely-the,4,2,6,0.3333333333333333
a-for...,1,1,2,0.5
for-it.,7,1,8,0.125
and-video,16,9,25,0.36
no-who,6,3,9,0.3333333333333333
move-with,2,1,3,0.3333333333333333
attack-w/heavenly,5,1,6,0.16666666666666666
every-in,15,6,21,0.2857142857142857
shit-up,5,1,6,0.16666666666666666
a-family,8,29,37,0.7837837837837838
damage-want,1,1,2,0.5
home-in,7,19,26,0.7307692307692307
1/2-at,1,2,3,0.6666666666666666
electrocuted-this,1,1,2,0.5
improve-your,1,1,2,0.5
a-gold,2,6,8,0.75
have-one,6,9,15,0.6
and-pulled,3,3,6,0.5
from-rescued,4,4,8,0.5
the-wonder,6,2,8,0.25
a-idp,1,4,5,0.8
of-or,39,10,49,0.20408163265306123
a-my,208,44,252,0.1746031746031746
can-not,10,2,12,0.16666666666666666
car-offroad,3,1,4,0.25
in-specimen,1,1,2,0.5
take-you,33,5,38,0.13157894736842105
2-right,1,3,4,0.75
for-who,6,13,19,0.6842105263157895
approves-association,1,1,2,0.5
and-to,333,146,479,0.3048016701461378
the-||,2,2,4,0.5
be-team,3,1,4,0.25
america-the,7,8,15,0.5333333333333333
if-is,33,14,47,0.2978723404255319
blow-my,1,1,2,0.5
+-go,1,1,2,0.5
face-he,2,1,3,0.3333333333333333
refugee-repatriated,1,10,11,0.9090909090909091
#nursing-to,3,1,4,0.25
most-this,3,2,5,0.4
mill-to,2,1,3,0.3333333333333333
me-pulled,2,1,3,0.3333333333333333
mom-of,4,1,5,0.2
album-greatest,3,1,4,0.25
a-fishing,1,3,4,0.75
on...-security,1,1,2,0.5
and-couple,3,3,6,0.5
by-news:,2,1,3,0.3333333333333333
bridge-how,1,3,4,0.75
good-there,3,2,5,0.4
attack-i,12,1,13,0.07692307692307693
mean-to,11,1,12,0.08333333333333333
all...-to,2,1,3,0.3333333333333333
home-we,2,1,3,0.3333333333333333
of-should,8,4,12,0.3333333333333333
tahoe.-the,1,1,2,0.5
at-other,1,1,2,0.5
for-game,4,4,8,0.5
anything-even,3,1,4,0.25
bang-sitting,1,1,2,0.5
of-president,3,3,6,0.5
just-unconfirmed!,13,3,16,0.1875
2011-in,3,1,4,0.25
a-that's,14,15,29,0.5172413793103449
finger-to,1,1,2,0.5
by-w/heavenly,5,1,6,0.16666666666666666
have-w/,1,1,2,0.5
he's-no,3,1,4,0.25
a-big,15,13,28,0.4642857142857143
cause-use,1,1,2,0.5
plan-with,1,1,2,0.5
cyclist-verdict,1,2,3,0.6666666666666666
will-your,19,4,23,0.17391304347826086
but-he,19,2,21,0.09523809523809523
electrocute-still,1,1,2,0.5
a-eyewitness,4,3,7,0.42857142857142855
want-when,1,1,2,0.5
our-with,3,2,5,0.4
at-mo,1,1,2,0.5
abuse-the,1,1,2,0.5
about-pilot,1,1,2,0.5
don't-it.,4,1,5,0.2
a-wake,8,1,9,0.1111111111111111
@zak_bagans-i,3,1,4,0.25
??????-on,4,3,7,0.42857142857142855
by-would,7,1,8,0.125
abandoned-mma,1,2,3,0.6666666666666666
news-or,1,1,2,0.5
state-with,1,2,3,0.6666666666666666
end-out,3,2,5,0.4
had-road,1,1,2,0.5
doesn't-this,1,3,4,0.75
can't-emergency,1,1,2,0.5
ha-û_,1,1,2,0.5
or-that,23,4,27,0.14814814814814814
a-within,2,1,3,0.3333333333333333
#prophetmuhammad-a,8,4,12,0.3333333333333333
rape-the,2,1,3,0.3333333333333333
collision-in,2,8,10,0.8
almost-my,1,2,3,0.6666666666666666
full-to,7,1,8,0.125
building-shooting,1,1,2,0.5
is-weapon,10,3,13,0.23076923076923078
8-and,5,4,9,0.4444444444444444
no-out,7,3,10,0.3
crazy-it,5,1,6,0.16666666666666666
bomb.-on,1,1,2,0.5
anything-is,2,1,3,0.3333333333333333
come-in,10,4,14,0.2857142857142857
#pdx911-at,1,2,3,0.6666666666666666
a-heat,4,10,14,0.7142857142857143
and-nuclear,3,9,12,0.75
i-unconfirmed!,13,3,16,0.1875
&amp;-life,8,3,11,0.2727272727272727
@guardian-to,1,1,2,0.5
#iphone-for,1,3,4,0.75
if-we,10,3,13,0.23076923076923078
inferno-the,1,1,2,0.5
md-spring,1,4,5,0.8
i-liked,42,7,49,0.14285714285714285
&amp;-https://t.co/e8dl1lncvu,4,2,6,0.3333333333333333
about-hollywood,21,10,31,0.3225806451612903
e-time2015-08-06,1,3,4,0.75
be-forever,4,1,5,0.2
building....-burning....,1,1,2,0.5
and-something,8,2,10,0.2
feeling-i'm,1,1,2,0.5
computer-funtenna:,12,5,17,0.29411764705882354
lightning-will,1,2,3,0.6666666666666666
fucking-wa,4,1,5,0.2
--structural,1,1,2,0.5
or-stay,1,1,2,0.5
there-time,2,3,5,0.6
could-oil,1,2,3,0.6666666666666666
#news-two,1,3,4,0.75
in-let,8,4,12,0.3333333333333333
4-on,2,2,4,0.5
fedex-lab,5,13,18,0.7222222222222222
are-his,8,2,10,0.2
because-now,2,1,3,0.3333333333333333
murderer-shit.,1,1,2,0.5
evacuation-with,3,2,5,0.4
it-next,3,5,8,0.625
in-pay,1,1,2,0.5
say-with,5,6,11,0.5454545454545454
by-for,19,12,31,0.3870967741935484
free-the,11,6,17,0.35294117647058826
job-to,10,1,11,0.09090909090909091
from-la,1,10,11,0.9090909090909091
--mineral's,1,1,2,0.5
a-liked,41,7,48,0.14583333333333334
put-they,4,1,5,0.2
derailed-to,4,6,10,0.6
a-others.,2,1,3,0.3333333333333333
come-for,3,4,7,0.5714285714285714
building-problem,1,1,2,0.5
&amp;-terrorist,1,1,2,0.5
fast-the,6,4,10,0.4
first-half,1,4,5,0.8
think-will,5,3,8,0.375
night-your,1,1,2,0.5
address-the,5,1,6,0.16666666666666666
are-trying,2,1,3,0.3333333333333333
this-wave,3,3,6,0.5
at-it's,9,5,14,0.35714285714285715
it-terrorist,1,3,4,0.75
come-ha,1,1,2,0.5
knock-sensor,7,1,8,0.125
even-upon,4,2,6,0.3333333333333333
2-at,8,5,13,0.38461538461538464
is-video,5,1,6,0.16666666666666666
new-your,2,1,3,0.3333333333333333
when-youûªve,4,3,7,0.42857142857142855
flag-of,1,1,2,0.5
(twia)-board,2,2,4,0.5
only-or,2,1,3,0.3333333333333333
go-on,11,9,20,0.45
eaten-in,1,2,3,0.6666666666666666
all-world,7,1,8,0.125
the-washington,1,8,9,0.8888888888888888
around-but,4,2,6,0.3333333333333333
it-life,9,1,10,0.1
disaster-then,1,2,3,0.6666666666666666
coach-san,1,1,2,0.5
emergency-response,3,1,4,0.25
2015-for,1,3,4,0.75
kraft-single,1,1,2,0.5
2015]-computer,12,5,17,0.29411764705882354
missing-of,1,7,8,0.875
a-panic,13,2,15,0.13333333333333333
in-reveals,1,2,3,0.6666666666666666
#hiring!-rn,2,1,3,0.3333333333333333
forest-when,1,2,3,0.6666666666666666
don't-understand,1,1,2,0.5
and...-by,2,1,3,0.3333333333333333
sell-to,1,1,2,0.5
of-possibility,1,1,2,0.5
story-this,1,1,2,0.5
in-omg,3,4,7,0.5714285714285714
breaking:-post,1,1,2,0.5
of-opposite,3,2,5,0.4
gun-will,1,3,4,0.75
just-terrorist,1,1,2,0.5
in-reported,2,4,6,0.6666666666666666
mind-the,6,1,7,0.14285714285714285
faux-leather,12,1,13,0.07692307692307693
me-stopped,2,2,4,0.5
godslove-http://t.co/cybksxhf7d,2,1,3,0.3333333333333333
anyone-ha,1,1,2,0.5
maybe-on,6,2,8,0.25
instead-of,13,6,19,0.3157894736842105
crash-hunt...,1,1,2,0.5
collection-full,1,1,2,0.5
dinner-of,2,2,4,0.5
going-too,2,1,3,0.3333333333333333
in-sight,1,1,2,0.5
a-game,8,3,11,0.2727272727272727
if-wall,1,1,2,0.5
an-story,1,2,3,0.6666666666666666
donûªt-lead,3,1,4,0.25
no-running,1,1,2,0.5
i-spider,1,1,2,0.5
at-we,16,1,17,0.058823529411764705
commit-in,1,1,2,0.5
a-japan,1,8,9,0.8888888888888888
destiny-he,5,1,6,0.16666666666666666
also-much,1,1,2,0.5
a-fire,20,54,74,0.7297297297297297
making-wanna,1,1,2,0.5
by-is.,1,1,2,0.5
our-thought,1,1,2,0.5
of-rain,2,12,14,0.8571428571428571
being-still,3,7,10,0.7
need-not,3,2,5,0.4
of-sandstorm,1,1,2,0.5
an-emergency,9,8,17,0.47058823529411764
question-so,1,1,2,0.5
make-we,1,1,2,0.5
&amp;-love,8,2,10,0.2
being-want,3,1,4,0.25
missing-more,1,2,3,0.6666666666666666
bed-want,1,1,2,0.5
family-from,3,21,24,0.875
#genocide;-#strategicpatience,1,4,5,0.8
text-the,2,1,3,0.3333333333333333
drug-wa,1,1,2,0.5
now!-owner,2,1,3,0.3333333333333333
accident-to,3,5,8,0.625
#best-1980,1,7,8,0.875
for-going,12,5,17,0.29411764705882354
in-make,9,3,12,0.25
1st-this,1,1,2,0.5
first-for,16,6,22,0.2727272727272727
if-sense,1,1,2,0.5
????????-me,1,1,2,0.5
specially-to,1,10,11,0.9090909090909091
all-doing,1,1,2,0.5
#photo-a,1,1,2,0.5
can-forever,1,1,2,0.5
five-for,1,1,2,0.5
made-the,16,4,20,0.2
but-girl,4,1,5,0.2
grill-the,13,2,15,0.13333333333333333
pas-the,4,2,6,0.3333333333333333
a-alive,2,1,3,0.3333333333333333
any-gm!,5,1,6,0.16666666666666666
the-ur,29,5,34,0.14705882352941177
of-|,11,6,17,0.35294117647058826
anything-have,2,1,3,0.3333333333333333
i-playlist,11,2,13,0.15384615384615385
definitely-wa,1,1,2,0.5
i-seen,4,2,6,0.3333333333333333
a-charlotte,1,1,2,0.5
#360wisenews-rubble?,2,2,4,0.5
album-the,10,1,11,0.09090909090909091
it's-next,2,2,4,0.5
fan-twitter,1,2,3,0.6666666666666666
#frontpage:-make,1,2,3,0.6666666666666666
exploded-internet,2,1,3,0.3333333333333333
http://t.co/jlzk2hdetg-only,1,1,2,0.5
bringing-tornado,4,2,6,0.3333333333333333
in-van,1,2,3,0.6666666666666666
many-reddit's,15,2,17,0.11764705882352941
got-heat,1,1,2,0.5
with-|,2,1,3,0.3333333333333333
he-survived,2,1,3,0.3333333333333333
car-wrecked,2,1,3,0.3333333333333333
about-it.,2,1,3,0.3333333333333333
all-responder,1,1,2,0.5
hi-people,1,1,2,0.5
feel-his,3,1,4,0.25
itûªs-see,3,1,4,0.25
own-to,6,4,10,0.4
in-till,1,1,2,0.5
to-vet,2,2,4,0.5
i-usa,1,1,2,0.5
are-how,10,7,17,0.4117647058823529
can-i,52,17,69,0.2463768115942029
had-more,2,1,3,0.3333333333333333
as-by,1,1,2,0.5
...-it's,5,1,6,0.16666666666666666
??????-wa,3,3,6,0.5
--3,8,2,10,0.2
bathroom-my,2,2,4,0.5
power-wa,1,3,4,0.75
he-number,2,1,3,0.3333333333333333
hijacker-of,2,1,3,0.3333333333333333
a-you're,33,7,40,0.175
a-money,6,3,9,0.3333333333333333
been-of,23,29,52,0.5576923076923077
fire-starter,1,1,2,0.5
getting-up,6,1,7,0.14285714285714285
evacuated-following,1,4,5,0.8
collapse-tent,5,2,7,0.2857142857142857
of-sky,4,2,6,0.3333333333333333
once-to,10,2,12,0.16666666666666666
stand-them!,2,1,3,0.3333333333333333
so-totally,2,1,3,0.3333333333333333
someone-to,16,5,21,0.23809523809523808
...-among,1,2,3,0.6666666666666666
not-week,1,1,2,0.5
a-in.,1,2,3,0.6666666666666666
there-will,6,2,8,0.25
:-clueless,2,1,3,0.3333333333333333
fuck-to,4,3,7,0.42857142857142855
building-burning,23,33,56,0.5892857142857143
5-at,1,5,6,0.8333333333333334
and-latest,2,1,3,0.3333333333333333
idea-that,1,1,2,0.5
of-option,1,1,2,0.5
of-û÷politics,1,4,5,0.8
about-concerned,4,4,8,0.5
that-trying,1,2,3,0.6666666666666666
one-that,17,9,26,0.34615384615384615
live-wa,1,1,2,0.5
have-why,13,3,16,0.1875
different-of,1,3,4,0.75
and-forced,1,1,2,0.5
gem-rubble?,5,6,11,0.5454545454545454
in-tide,1,2,3,0.6666666666666666
power-with,1,4,5,0.8
they-to,39,33,72,0.4583333333333333
in-venezuela,1,1,2,0.5
from-world,2,3,5,0.6
--challenged,1,1,2,0.5
for-top,1,3,4,0.75
flame-up,4,4,8,0.5
i-stab,2,1,3,0.3333333333333333
due-with,2,1,3,0.3333333333333333
blown-in,3,3,6,0.5
a-hazard,4,1,5,0.2
have-mass,3,2,5,0.4
bunch-of,2,1,3,0.3333333333333333
can-crystal,1,1,2,0.5
running-top,1,1,2,0.5
in-quest,1,1,2,0.5
banned-or,16,2,18,0.1111111111111111
last-this,1,1,2,0.5
for-two,3,4,7,0.5714285714285714
emergency-starter,1,1,2,0.5
islam-opposite,1,1,2,0.5
have-you'll,3,1,4,0.25
interest-this,2,1,3,0.3333333333333333
#hot-and,1,7,8,0.875
and-thanks,2,1,3,0.3333333333333333
a-saving,4,4,8,0.5
used-wa,2,1,3,0.3333333333333333
climate-on,1,1,2,0.5
5c-connector,1,1,2,0.5
no-rt,1,1,2,0.5
first-have,3,2,5,0.4
or-out,13,4,17,0.23529411764705882
giving-of,2,2,4,0.5
exploration-shift,1,4,5,0.8
video-want,1,1,2,0.5
everyone-like,3,1,4,0.25
found-it,3,2,5,0.4
stuff-the,7,2,9,0.2222222222222222
60%-year,1,1,2,0.5
actually-and,5,4,9,0.4444444444444444
back-british,1,1,2,0.5
#forest-of,1,1,2,0.5
are-staff,1,1,2,0.5
ooh...-oooooohhhh,1,1,2,0.5
no-rescued,1,2,3,0.6666666666666666
everything.-haven't,1,1,2,0.5
one-school,3,2,5,0.4
--like,10,5,15,0.3333333333333333
into-reason,1,1,2,0.5
invoices.-yours,6,1,7,0.14285714285714285
but-danger,1,1,2,0.5
chief's-phoenix,1,2,3,0.6666666666666666
help!-voice,1,1,2,0.5
had-would,2,2,4,0.5
end-up,10,1,11,0.09090909090909091
or-yours,9,1,10,0.1
and-content,3,1,4,0.25
via-when,1,1,2,0.5
my-not,32,6,38,0.15789473684210525
because-listen,2,1,3,0.3333333333333333
by-from,9,5,14,0.35714285714285715
august-in,5,3,8,0.375
loud-neighbour's,13,3,16,0.1875
or-were,3,2,5,0.4
by-very,2,1,3,0.3333333333333333
i-now,47,10,57,0.17543859649122806
all-have,22,9,31,0.2903225806451613
caught-landslide,1,1,2,0.5
by-upon,4,2,6,0.3333333333333333
middle-of,6,5,11,0.45454545454545453
cliff-fall,19,7,26,0.2692307692307692
message-the,6,4,10,0.4
collapsed-heartless,2,1,3,0.3333333333333333
he-really,4,1,5,0.2
how-while,1,1,2,0.5
blood-to,7,3,10,0.3
my-played,1,1,2,0.5
ash-australia's,1,2,3,0.6666666666666666
human-the,1,8,9,0.8888888888888888
00:52:25-4km,1,1,2,0.5
around-got,1,1,2,0.5
even-have,2,4,6,0.6666666666666666
lou's-were,1,1,2,0.5
final-not,1,1,2,0.5
someone-used,1,1,2,0.5
in-le,1,2,3,0.6666666666666666
of-pace,3,1,4,0.25
an-the,54,59,113,0.5221238938053098
disaster-when,2,4,6,0.6666666666666666
a-it's,65,34,99,0.3434343434343434
to-|,14,7,21,0.3333333333333333
time.-will,1,1,2,0.5
abused+desolate&amp;lost-dies..is,1,1,2,0.5
&amp;-help!,2,2,4,0.5
he-murder,2,1,3,0.3333333333333333
heard-still,1,1,2,0.5
bag-lady,15,1,16,0.0625
cost-i,1,1,2,0.5
blessing-blocked,5,1,6,0.16666666666666666
emergency-manager,1,1,2,0.5
sense-to,4,2,6,0.3333333333333333
any-my,1,1,2,0.5
a-rioting,4,6,10,0.6
agent-is,1,1,2,0.5
6+-connector,1,1,2,0.5
i-sea,1,1,2,0.5
90-i,2,1,3,0.3333333333333333
bang-nearby.,13,3,16,0.1875
--star,1,2,3,0.6666666666666666
kill-police,1,5,6,0.8333333333333334
bar-gay,5,1,6,0.16666666666666666
much-you,8,1,9,0.1111111111111111
be-feeling,2,1,3,0.3333333333333333
charlie-on,1,1,2,0.5
about-that,21,12,33,0.36363636363636365
check-this,8,2,10,0.2
being-off,1,2,3,0.6666666666666666
war-would,2,1,3,0.3333333333333333
in-they,43,15,58,0.25862068965517243
fennovoima-go,2,1,3,0.3333333333333333
it-two,1,2,3,0.6666666666666666
rise-with,19,2,21,0.09523809523809523
even-we,5,4,9,0.4444444444444444
#foodscare-hazardous,1,2,3,0.6666666666666666
day-first,3,2,5,0.4
#vanuatu-to,1,1,2,0.5
b-would,1,1,2,0.5
line-to,3,3,6,0.5
be-my,35,6,41,0.14634146341463414
of-tunein,1,1,2,0.5
left-on,3,1,4,0.25
and-weapons!,1,1,2,0.5
????-and,12,5,17,0.29411764705882354
done-ha,1,1,2,0.5
mass-when,1,1,2,0.5
direction-fan,7,1,8,0.125
not-wrong,2,2,4,0.5
cyclist-with,2,4,6,0.6666666666666666
i'm-mass,3,2,5,0.4
'the-on,1,2,3,0.6666666666666666
murder-this,1,1,2,0.5
of-warning,1,4,5,0.8
the-w,1,2,3,0.6666666666666666
in-loud,17,4,21,0.19047619047619047
puncture-wound,1,1,2,0.5
she-u,1,1,2,0.5
after-sunk,1,1,2,0.5
for-respect,2,1,3,0.3333333333333333
at-blaze,2,1,3,0.3333333333333333
help-the,26,18,44,0.4090909090909091
pile-the,3,1,4,0.25
have-their,4,7,11,0.6363636363636364
#farrakhan-god,2,1,3,0.3333333333333333
'second'-of,1,1,2,0.5
for-headed,1,1,2,0.5
girl-to,10,2,12,0.16666666666666666
california-for,3,9,12,0.75
away-not,2,1,3,0.3333333333333333
fuck-my,3,2,5,0.4
burning-one,2,1,3,0.3333333333333333
make-would,3,1,4,0.25
&amp;-providence,4,1,5,0.2
'save-from,5,2,7,0.2857142857142857
a-camp,2,6,8,0.75
dream-for,1,1,2,0.5
a-school,21,5,26,0.19230769230769232
godslove-new,2,1,3,0.3333333333333333
fatality-road,2,1,3,0.3333333333333333
sex-teen,1,1,2,0.5
el-on,1,1,2,0.5
of-source,3,3,6,0.5
an-seen,1,1,2,0.5
fast-it,3,2,5,0.4
?-to,6,1,7,0.14285714285714285
rest-the,2,4,6,0.6666666666666666
greenway-roanoke,1,2,3,0.6666666666666666
at-evacuation,2,8,10,0.8
about-mode,1,1,2,0.5
should-their,1,1,2,0.5
it's-that,15,6,21,0.2857142857142857
most-the,36,22,58,0.3793103448275862
blocked-i,5,1,6,0.16666666666666666
police-what,2,1,3,0.3333333333333333
http://t.co/cybksxhf7d-u,2,3,5,0.6
good-of,9,4,13,0.3076923076923077
are-near,1,3,4,0.75
#islam-terrorism!,1,1,2,0.5
one-wanna,1,1,2,0.5
can-first,1,2,3,0.6666666666666666
follow-mum,1,1,2,0.5
can-smoke,2,1,3,0.3333333333333333
for-had,12,5,17,0.29411764705882354
3g-been,8,6,14,0.42857142857142855
but-tomorrow,1,2,3,0.6666666666666666
2-ur,10,5,15,0.3333333333333333
older-to,1,1,2,0.5
boat-flood,5,1,6,0.16666666666666666
all-that,31,6,37,0.16216216216216217
really-to,4,7,11,0.6363636363636364
back-in,19,11,30,0.36666666666666664
school-then,2,1,3,0.3333333333333333
a-acquire,1,1,2,0.5
believe-you,4,1,5,0.2
sitting-wa,2,1,3,0.3333333333333333
??-your,11,1,12,0.08333333333333333
pathogen-specimen,1,1,2,0.5
in-result,1,6,7,0.8571428571428571
little-will,1,1,2,0.5
let-you,22,2,24,0.08333333333333333
before-we,3,1,4,0.25
did-when,2,1,3,0.3333333333333333
may-not,4,2,6,0.3333333333333333
so-won't,1,1,2,0.5
beautiful-sun.,1,1,2,0.5
almost-you,4,1,5,0.2
flag-|,9,3,12,0.25
more-we,2,2,4,0.5
bringing-he,4,2,6,0.3333333333333333
bc-to,10,4,14,0.2857142857142857
can't-he,2,1,3,0.3333333333333333
done-look,2,1,3,0.3333333333333333
signed-to,1,1,2,0.5
boy-his,1,1,2,0.5
believe-me,2,1,3,0.3333333333333333
at-lose,4,1,5,0.2
poor-to,1,7,8,0.875
a-bird,1,1,2,0.5
lane-on,1,6,7,0.8571428571428571
--again,1,1,2,0.5
be-more,8,6,14,0.42857142857142855
angeles-los,1,2,3,0.6666666666666666
are-trapped,1,1,2,0.5
attacked-to,3,1,4,0.25
be-destroy,2,1,3,0.3333333333333333
create-to,3,1,4,0.25
happening-is,1,4,5,0.8
53inch-full,6,1,7,0.14285714285714285
kosciusko-thursday,1,1,2,0.5
--cruz,4,1,5,0.2
97/georgia-with,1,4,5,0.8
at-this,18,22,40,0.55
o...-the,1,1,2,0.5
at-next,2,2,4,0.5
hijacker-through,1,1,2,0.5
be-high,1,1,2,0.5
have-keep,1,1,2,0.5
@youngheroesid-red,3,2,5,0.4
@-for,1,1,2,0.5
&amp;-pull,1,2,3,0.6666666666666666
class.-have,1,1,2,0.5
to-what's,4,4,8,0.5
rise-we,2,1,3,0.3333333333333333
it's-there's,1,2,3,0.6666666666666666
album-coming,5,1,6,0.16666666666666666
news!-of,13,3,16,0.1875
all-me,12,2,14,0.14285714285714285
away-go,3,1,4,0.25
1-to,5,2,7,0.2857142857142857
nuclear-of,8,19,27,0.7037037037037037
i-year,9,6,15,0.4
and-trauma,2,8,10,0.8
while-your,4,4,8,0.5
wa-wrong,1,1,2,0.5
is-looked,1,1,2,0.5
be-next,5,2,7,0.2857142857142857
car-of,8,9,17,0.5294117647058824
have-yours,1,1,2,0.5
and-dating,1,2,3,0.6666666666666666
a-lol,17,4,21,0.19047619047619047
https://t.co/e8dl1lncvu-them!,2,1,3,0.3333333333333333
and-landing,1,6,7,0.8571428571428571
flood-your,2,3,5,0.6
at-don't,7,2,9,0.2222222222222222
person-reward,1,1,2,0.5
#hot-iran,1,7,8,0.875
know-last,1,1,2,0.5
and-red,5,1,6,0.16666666666666666
and-when,53,37,90,0.4111111111111111
it-you're,8,4,12,0.3333333333333333
that-wind,1,2,3,0.6666666666666666
#art-#photography,2,1,3,0.3333333333333333
is-searching,1,1,2,0.5
damage-the,7,2,9,0.2222222222222222
in-notice,1,6,7,0.8571428571428571
came-into,5,3,8,0.375
watch.-with,1,1,2,0.5
do-murderer,1,2,3,0.6666666666666666
israel-of,1,7,8,0.875
4-@youtube,2,1,3,0.3333333333333333
u-war,2,5,7,0.7142857142857143
bomb-so,4,3,7,0.42857142857142855
it-month,4,1,5,0.2
the-tube,1,1,2,0.5
an-can,6,3,9,0.3333333333333333
all-side,3,1,4,0.25
#ban-#magginoodle,1,2,3,0.6666666666666666
not-side,3,2,5,0.4
leave-the,5,6,11,0.5454545454545454
oil-the,4,8,12,0.6666666666666666
u-yourself,1,2,3,0.6666666666666666
a-close,1,5,6,0.8333333333333334
code-with,1,2,3,0.6666666666666666
#gopdebate-tonight's,1,1,2,0.5
#thanku-for,2,1,3,0.3333333333333333
the-was.,3,1,4,0.25
history-year,1,1,2,0.5
a-neighbour's,26,6,32,0.1875
look-one,1,1,2,0.5
no-people,4,3,7,0.42857142857142855
#news-attack,1,1,2,0.5
and-pledge,1,1,2,0.5
and-half,3,2,5,0.4
across-the,7,10,17,0.5882352941176471
/-sw,2,1,3,0.3333333333333333
answer-in,2,2,4,0.5
bleeding-the,6,2,8,0.25
now-playing,1,1,2,0.5
space-the,4,2,6,0.3333333333333333
a-brown,3,2,5,0.4
78-for,1,1,2,0.5
a-effect,2,1,3,0.3333333333333333
august-on,1,4,5,0.8
'the-man,4,1,5,0.2
evacuated-fire,1,9,10,0.9
people-there's,3,1,4,0.25
i-well,13,5,18,0.2777777777777778
mountaineering-water-resistant,2,1,3,0.3333333333333333
a-trying,12,3,15,0.2
light-me,1,1,2,0.5
and-case,1,2,3,0.6666666666666666
stock-the,18,6,24,0.25
a-glad,5,6,11,0.5454545454545454
#faroeislands-mass,1,2,3,0.6666666666666666
by-hasbro,1,1,2,0.5
my-once,2,1,3,0.3333333333333333
that-though,5,1,6,0.16666666666666666
a-attack.,6,1,7,0.14285714285714285
at-car,5,7,12,0.5833333333333334
8-child,2,1,3,0.3333333333333333
#art-#tree,1,1,2,0.5
front-that,3,1,4,0.25
after-by,3,28,31,0.9032258064516129
city-haha,1,1,2,0.5
day-with,9,3,12,0.25
:-he,2,1,3,0.3333333333333333
after-first,2,2,4,0.5
&amp;-should,3,2,5,0.4
i.e.-to,4,2,6,0.3333333333333333
into-quarantined,15,2,17,0.11764705882352941
boat-work,5,1,6,0.16666666666666666
#drought-in,1,2,3,0.6666666666666666
and-much,15,2,17,0.11764705882352941
at-you're,3,2,5,0.4
former-in,3,11,14,0.7857142857142857
philippine-used,1,1,2,0.5
player-that,3,1,4,0.25
a-then,36,7,43,0.16279069767441862
though-you,2,1,3,0.3333333333333333
in-think,12,3,15,0.2
an-they,6,1,7,0.14285714285714285
happy-one,1,1,2,0.5
and-london,1,1,2,0.5
of-plan,10,7,17,0.4117647058823529
seen-this,3,1,4,0.25
run-who,2,1,3,0.3333333333333333
and-murder.,1,2,3,0.6666666666666666
describes-description,2,1,3,0.3333333333333333
a-could,20,18,38,0.47368421052631576
low-why,5,1,6,0.16666666666666666
me-that's,1,2,3,0.6666666666666666
lamp-truck,4,1,5,0.2
me-now,4,1,5,0.2
back-what,2,4,6,0.6666666666666666
cindy-noonan@cindynoonan-heartbreak,1,1,2,0.5
pdp-to,2,5,7,0.7142857142857143
bear-of,6,1,7,0.14285714285714285
bicep.-is,2,2,4,0.5
abused+desolate&amp;lost-her,1,1,2,0.5
ocean-that,1,2,3,0.6666666666666666
deluged-take,2,1,3,0.3333333333333333
(ft.-apollo,1,1,2,0.5
i-out!,1,1,2,0.5
pressure-to,3,1,4,0.25
project-survivor,1,1,2,0.5
bullet-me.,1,3,4,0.75
breaking:-police,1,1,2,0.5
1st-on,1,1,2,0.5
about-option,1,1,2,0.5
any-it's,1,1,2,0.5
august-to,2,1,3,0.3333333333333333
california-governor,3,5,8,0.625
#terrorism-truth...,3,4,7,0.5714285714285714
the-windstorm,4,2,6,0.3333333333333333
ago-and,3,2,5,0.4
an-dead,1,1,2,0.5
21-for,1,1,2,0.5
guy-just,6,2,8,0.25
#myfitnesspal-burned,1,1,2,0.5
it-no,16,3,19,0.15789473684210525
city-via,1,2,3,0.6666666666666666
from-the,87,122,209,0.583732057416268
because-getting,1,1,2,0.5
#art-snowstorm,1,1,2,0.5
&amp;-sign,6,5,11,0.45454545454545453
sitting-while,1,1,2,0.5
drowned-in,4,4,8,0.5
girl-next,1,1,2,0.5
day-emergency,4,1,5,0.2
on-please,2,5,7,0.7142857142857143
blow-get,3,1,4,0.25
#best-banned,4,1,5,0.2
almost-of,5,1,6,0.16666666666666666
&amp;-ha,11,2,13,0.15384615384615385
body-year,1,1,2,0.5
rise-to,19,7,26,0.2692307692307692
a-name,6,2,8,0.25
&amp;-getting,2,1,3,0.3333333333333333
never-that,4,2,6,0.3333333333333333
soldier-via,1,2,3,0.6666666666666666
disaster-up,2,1,3,0.3333333333333333
4x4-light,6,1,7,0.14285714285714285
colorado-of,2,6,8,0.75
and-left,4,4,8,0.5
did-why,12,1,13,0.07692307692307693
comment-texas,6,4,10,0.4
a-shooting,3,3,6,0.5
like-something,1,2,3,0.6666666666666666
#360wisenews-market,2,2,4,0.5
bombed-by,1,1,2,0.5
and-world,29,7,36,0.19444444444444445
from-match,1,1,2,0.5
like-really,8,1,9,0.1111111111111111
madinah.-war,4,2,6,0.3333333333333333
face-my,7,1,8,0.125
off-wa,6,2,8,0.25
when-while,5,4,9,0.4444444444444444
action-winston,1,2,3,0.6666666666666666
been-family,1,2,3,0.6666666666666666
a-poll:,3,1,4,0.25
car-that,5,5,10,0.5
and-need,20,9,29,0.3103448275862069
drowned-i,10,1,11,0.09090909090909091
#mtvhottest-direction,2,1,3,0.3333333333333333
bad-i,26,2,28,0.07142857142857142
and-bite,2,1,3,0.3333333333333333
and-e,1,1,2,0.5
kraft-of,1,1,2,0.5
bounty-chief's,1,3,4,0.75
a-drive,3,5,8,0.625
go-sister,1,1,2,0.5
stretcher-wa,1,1,2,0.5
kid-my,9,1,10,0.1
feel-go,1,1,2,0.5
iû_-of,1,2,3,0.6666666666666666
for-her,14,3,17,0.17647058823529413
a-view,6,2,8,0.25
of-updates:,1,1,2,0.5
no-or,15,5,20,0.25
#usgs-utc2015-08-05,1,2,3,0.6666666666666666
make-thunderstorm,1,1,2,0.5
reû_-torch,1,1,2,0.5
a-etc,2,2,4,0.5
in-million,1,9,10,0.9
an-idps:,2,1,3,0.3333333333333333
blizzard-like,1,2,3,0.6666666666666666
&amp;-10,2,2,4,0.5
city-house,1,1,2,0.5
a-risk,4,3,7,0.42857142857142855
on-seeing,3,1,4,0.25
past-wa,4,1,5,0.2
city-we,1,1,2,0.5
family-need,1,1,2,0.5
and-continue,1,1,2,0.5
idea-the,3,1,4,0.25
rd-south,1,1,2,0.5
4-a,10,7,17,0.4117647058823529
factor-people,1,1,2,0.5
(temporary:300)-for,3,1,4,0.25
crash-one,1,2,3,0.6666666666666666
inside-the,7,6,13,0.46153846153846156
hosting-newlywed,1,1,2,0.5
electrocuted-to,4,2,6,0.3333333333333333
getting-one,1,1,2,0.5
i'll-wa,1,1,2,0.5
from-via,3,10,13,0.7692307692307693
girl-there,1,1,2,0.5
but-up,12,2,14,0.14285714285714285
more-through,2,2,4,0.5
and-attacked,3,2,5,0.4
that-that's,2,1,3,0.3333333333333333
out-that,15,4,19,0.21052631578947367
#nursing--,4,1,5,0.2
have-high,2,3,5,0.6
planned-women!,2,1,3,0.3333333333333333
angel-high,1,1,2,0.5
--deal,1,2,3,0.6666666666666666
@itsjustinstuart-gun,1,1,2,0.5
america's-in,1,1,2,0.5
back-dorret's,1,1,2,0.5
past-time,2,1,3,0.3333333333333333
only-to,16,10,26,0.38461538461538464
for-sorry,5,1,6,0.16666666666666666
12-to,7,2,9,0.2222222222222222
rain-wave,2,1,3,0.3333333333333333
&amp;-sorry,2,1,3,0.3333333333333333
--watch,5,1,6,0.16666666666666666
??????-p.o.p.e.,1,1,2,0.5
blown-their,1,1,2,0.5
germ-to,3,12,15,0.8
flooding-of,1,5,6,0.8333333333333334
#islam-peace,4,2,6,0.3333333333333333
are-china's,9,6,15,0.4
deluged-low,2,1,3,0.3333333333333333
--long,1,1,2,0.5
everyone-you,6,2,8,0.25
&amp;-=,1,1,2,0.5
explosion-youth,1,2,3,0.6666666666666666
missing-th...,1,1,2,0.5
before-the,21,10,31,0.3225806451612903
and-program,1,2,3,0.6666666666666666
trouble-wa,1,1,2,0.5
actually-for,2,1,3,0.3333333333333333
31-97/georgia,1,4,5,0.8
my-ran,1,2,3,0.6666666666666666
about-reading,2,2,4,0.5
feel-i've,2,1,3,0.3333333333333333
ave-injury:i-495,1,4,5,0.8
ground-on,1,1,2,0.5
an-openly,2,1,3,0.3333333333333333
family-out,1,2,3,0.6666666666666666
and-ben,2,1,3,0.3333333333333333
month-to,2,1,3,0.3333333333333333
#aoms-mountain,1,2,3,0.6666666666666666
17-year,1,1,2,0.5
high-the,5,12,17,0.7058823529411765
light-this,1,1,2,0.5
a-lightning,12,5,17,0.29411764705882354
devastation-i,1,3,4,0.75
#art-new,2,1,3,0.3333333333333333
happen-i,3,2,5,0.4
burning-they,5,1,6,0.16666666666666666
arrested-the,1,2,3,0.6666666666666666
all-opposite,1,1,2,0.5
for-stealing,2,1,3,0.3333333333333333
running-your,1,1,2,0.5
are-dying,1,1,2,0.5
over-while,1,1,2,0.5
even-is,7,3,10,0.3
i'm-is,21,11,32,0.34375
held-u,3,1,4,0.25
low-sinking,1,1,2,0.5
inspection-rightways:,1,1,2,0.5
alien-human,1,1,2,0.5
it-water,1,2,3,0.6666666666666666
#afterlife-you!,4,1,5,0.2
@youtube-is,2,1,3,0.3333333333333333
relationship-the,2,1,3,0.3333333333333333
hope-i,23,15,38,0.39473684210526316
e-of,3,5,8,0.625
in-update,1,4,5,0.8
ground-have,2,1,3,0.3333333333333333
country-to,4,8,12,0.6666666666666666
flame-setting,1,1,2,0.5
the-university,1,1,2,0.5
did-i,23,6,29,0.20689655172413793
are-might,1,1,2,0.5
knock-sensor-senso,8,4,12,0.3333333333333333
cleared:incident-with,1,2,3,0.6666666666666666
crash-have,1,6,7,0.8571428571428571
a-share,1,3,4,0.75
blazing-the,11,3,14,0.21428571428571427
godslove-video,2,1,3,0.3333333333333333
only-so,2,1,3,0.3333333333333333
calgary-~,2,5,7,0.7142857142857143
by-use,2,2,4,0.5
baby-that,4,1,5,0.2
he-me,11,4,15,0.26666666666666666
im-screaming,6,1,7,0.14285714285714285
have-summer,1,1,2,0.5
to-tsunami,1,3,4,0.75
they-when,14,5,19,0.2631578947368421
face-of,9,1,10,0.1
but-you.,1,1,2,0.5
like-why,6,1,7,0.14285714285714285
&amp;-have,16,5,21,0.23809523809523808
and-dorret's,1,1,2,0.5
bad-this,3,1,4,0.25
...-??,2,1,3,0.3333333333333333
for-swansea,1,2,3,0.6666666666666666
salt-service,5,3,8,0.375
maybe-or,5,1,6,0.16666666666666666
took-when,1,1,2,0.5
school-went,1,1,2,0.5
survivor-year,1,1,2,0.5
hail-rain,1,1,2,0.5
in-radiation,1,1,2,0.5
like-so,14,5,19,0.2631578947368421
heard-just,15,5,20,0.25
a-use,6,4,10,0.4
mentioned-the,6,1,7,0.14285714285714285
today-wa,7,7,14,0.5
so-well,2,3,5,0.6
car-collided,1,9,10,0.9
bang.-the,3,1,4,0.25
on-win,2,1,3,0.3333333333333333
buildings?-burning,1,5,6,0.8333333333333334
of-problem,3,1,4,0.25
burst-it,1,1,2,0.5
drinking-you,2,1,3,0.3333333333333333
drowning-you,9,1,10,0.1
combo-cree,8,1,9,0.1111111111111111
all-like,14,3,17,0.17647058823529413
my-windstorm,2,1,3,0.3333333333333333
'death-to,3,2,5,0.4
casualty-group,1,1,2,0.5
said-working,1,1,2,0.5
got-most,1,1,2,0.5
but-lot,2,1,3,0.3333333333333333
#frontpage:-#rickperry,1,2,3,0.6666666666666666
here-someone,1,1,2,0.5
not-video,4,2,6,0.3333333333333333
date-prophet,4,2,6,0.3333333333333333
all-get,8,2,10,0.2
ride-the,2,2,4,0.5
hurry-new,1,1,2,0.5
the-truck,5,13,18,0.7222222222222222
bb4sp-women!,2,1,3,0.3333333333333333
but-said,2,3,5,0.6
fish-tank,4,2,6,0.3333333333333333
want-weak,1,1,2,0.5
leave-this,1,3,4,0.75
our-registered,1,1,2,0.5
hear-to,6,7,13,0.5384615384615384
ben-for,1,1,2,0.5
is-show,12,1,13,0.07692307692307693
&amp;-lose,8,1,9,0.1111111111111111
an-boy,1,20,21,0.9523809523809523
act-horse,2,1,3,0.3333333333333333
fire-would,2,1,3,0.3333333333333333
of-tried.,2,1,3,0.3333333333333333
action-state,3,3,6,0.5
and-message,2,3,5,0.6
daily-fear,1,1,2,0.5
about-to,60,30,90,0.3333333333333333
found-they,1,1,2,0.5
on-these,3,1,4,0.25
of-worry,3,1,4,0.25
get-in,32,36,68,0.5294117647058824
at-but,13,11,24,0.4583333333333333
could-gone,1,1,2,0.5
#insurance-windstorm,1,1,2,0.5
can-use,1,2,3,0.6666666666666666
his-put,1,1,2,0.5
for-left,4,3,7,0.42857142857142855
longer-ship,2,2,4,0.5
&amp;-weapon,2,1,3,0.3333333333333333
#prebreak-sound,12,5,17,0.29411764705882354
cannot-to,2,2,4,0.5
&amp;-shit,4,1,5,0.2
chest/torso-in,2,2,4,0.5
building-life,1,5,6,0.8333333333333334
suicide-think,1,1,2,0.5
sure-will,3,1,4,0.25
into-unsafe,1,2,3,0.6666666666666666
and-talking,1,3,4,0.75
and-national,3,2,5,0.4
burning-so,1,7,8,0.875
a-accept,1,1,2,0.5
him-they,1,1,2,0.5
they-you,24,2,26,0.07692307692307693
boy-they,3,1,4,0.25
do?-what,1,1,2,0.5
city-now,1,1,2,0.5
the-yeah,7,1,8,0.125
a-ferguson's,4,2,6,0.3333333333333333
not-which,1,1,2,0.5
in-under,6,28,34,0.8235294117647058
chinaûªs-interest,2,1,3,0.3333333333333333
be-not,28,5,33,0.15151515151515152
#forest-fire,1,1,2,0.5
the-young,4,8,12,0.6666666666666666
islam-saving,2,2,4,0.5
have-now,6,1,7,0.14285714285714285
if-u,11,8,19,0.42105263157894735
demolish-if,2,1,3,0.3333333333333333
doe-person,1,1,2,0.5
a-encounter,1,1,2,0.5
link-to,3,1,4,0.25
caused-on,1,1,2,0.5
far-have,2,1,3,0.3333333333333333
some-when,3,1,4,0.25
deluged-the,26,2,28,0.07142857142857142
a-put,17,2,19,0.10526315789473684
&amp;-had,5,3,8,0.375
in-thru,1,1,2,0.5
cruz-to,2,2,4,0.5
60%-by,1,1,2,0.5
road-to,7,6,13,0.46153846153846156
is-whipped,2,1,3,0.3333333333333333
done-in,5,4,9,0.4444444444444444
at-child,2,3,5,0.6
wa-weapon,1,1,2,0.5
a-final,1,2,3,0.6666666666666666
be-cant,3,1,4,0.25
destroyed-it,1,1,2,0.5
http://t.co/xssgedsbh4-the,1,1,2,0.5
&amp;-got,5,1,6,0.16666666666666666
in-leak,1,1,2,0.5
do-sure,1,2,3,0.6666666666666666
is-working,3,2,5,0.4
anthrax-bioterror,5,13,18,0.7222222222222222
in-wild,5,14,19,0.7368421052631579
a-country,7,7,14,0.5
may-no,1,2,3,0.6666666666666666
a-mine,3,2,5,0.4
room-to,4,2,6,0.3333333333333333
in-the,520,488,1008,0.48412698412698413
hijack-target,1,2,3,0.6666666666666666
(peace-him),4,2,6,0.3333333333333333
by-military,5,9,14,0.6428571428571429
out-with,35,8,43,0.18604651162790697
jet-mercury,1,1,2,0.5
be-thought,2,2,4,0.5
of-weather,1,3,4,0.75
medium-to,5,4,9,0.4444444444444444
no-ppl,1,2,3,0.6666666666666666
a-teacher,2,1,3,0.3333333333333333
#best-policy,4,1,5,0.2
agree-it,2,1,3,0.3333333333333333
lab-specimen,1,1,2,0.5
had-one,10,2,12,0.16666666666666666
blown-more,1,1,2,0.5
after-know,1,1,2,0.5
and-scared,3,1,4,0.25
bomb-want,1,1,2,0.5
photo:-the,6,1,7,0.14285714285714285
are-worst,2,1,3,0.3333333333333333
content-of,1,2,3,0.6666666666666666
they-u,8,3,11,0.2727272727272727
come-on,4,1,5,0.2
dry-for,1,1,2,0.5
came-on,3,1,4,0.25
2pcs-reaû_,3,1,4,0.25
might-thing,1,1,2,0.5
get-how,9,4,13,0.3076923076923077
banned-reddit's,15,2,17,0.11764705882352941
couple-desolation.,1,1,2,0.5
am-family,1,2,3,0.6666666666666666
by-daily,1,2,3,0.6666666666666666
new-the,66,17,83,0.20481927710843373
2.0-italy,1,1,2,0.5
august-from,1,1,2,0.5
+--,3,2,5,0.4
palin-targeting,2,1,3,0.3333333333333333
bargain-stock,2,1,3,0.3333333333333333
likely-of,10,1,11,0.09090909090909091
fkn-u,1,2,3,0.6666666666666666
????-car,3,3,6,0.5
but-same,3,2,5,0.4
lead-person,3,1,4,0.25
watch-water-resistant,2,1,3,0.3333333333333333
over-watch,1,1,2,0.5
river-service,5,3,8,0.375
bomb-is,9,6,15,0.4
hat-hijacking,12,5,17,0.29411764705882354
for-whole,6,6,12,0.5
accident-and,6,6,12,0.5
ruin-thing,1,1,2,0.5
is-tweet,1,1,2,0.5
invoices.-make,7,1,8,0.125
into-side,1,1,2,0.5
--japan,3,2,5,0.4
campus-in,1,1,2,0.5
american-even,1,1,2,0.5
feel-now,1,1,2,0.5
may-on,3,1,4,0.25
chemical-response,1,1,2,0.5
rescued-|,1,1,2,0.5
elizabeth-st,1,1,2,0.5
at-if,11,5,16,0.3125
ever-seen,2,1,3,0.3333333333333333
declined-five,1,1,2,0.5
#winter-on,1,1,2,0.5
#islam-reward,1,1,2,0.5
run-take,3,1,4,0.25
to-true,3,1,4,0.25
during-war,1,2,3,0.6666666666666666
had-program,1,1,2,0.5
death-year,1,5,6,0.8333333333333334
is-white,1,1,2,0.5
forest-it,3,7,10,0.7
house-rainstorm,1,8,9,0.8888888888888888
even-haven't,3,1,4,0.25
fire-shit,1,1,2,0.5
a-worth,2,3,5,0.6
evening-the,2,2,4,0.5
5c-lightning,1,1,2,0.5
look-the,33,27,60,0.45
bed-that,2,1,3,0.3333333333333333
is-our,4,6,10,0.6
[black-a,12,5,17,0.29411764705882354
idea-or,1,1,2,0.5
and-nobody,1,1,2,0.5
after-room,1,2,3,0.6666666666666666
went-year,1,2,3,0.6666666666666666
hasbro-star,1,1,2,0.5
4km-california:,1,1,2,0.5
keep-on,3,2,5,0.4
africa-to,1,1,2,0.5
of-top,28,12,40,0.3
i'd-than,3,1,4,0.25
coming-soon,7,1,8,0.125
1-power,1,1,2,0.5
1-eye,1,1,2,0.5
time-to,35,10,45,0.2222222222222222
a-hunter,1,3,4,0.75
doesn't-ha,1,2,3,0.6666666666666666
kosciusko-train,1,1,2,0.5
about-policy,1,1,2,0.5
&amp;-dead,1,2,3,0.6666666666666666
set-then,1,1,2,0.5
sky-up,1,2,3,0.6666666666666666
favorite-in,3,1,4,0.25
at-hold,1,1,2,0.5
--i,45,8,53,0.1509433962264151
hailstorm-now,1,1,2,0.5
it-peace,4,3,7,0.42857142857142855
support-you,7,2,9,0.2222222222222222
of-public,5,1,6,0.16666666666666666
bargain-crash,2,1,3,0.3333333333333333
in-just,53,21,74,0.28378378378378377
court-day,1,1,2,0.5
is-see,12,1,13,0.07692307692307693
a-death.,1,2,3,0.6666666666666666
#thanku-u,2,1,3,0.3333333333333333
going-you,24,7,31,0.22580645161290322
damage-in,2,8,10,0.8
blocked-w/heavenly,5,1,6,0.16666666666666666
modified-stadium,1,10,11,0.9090909090909091
could-them,3,2,5,0.4
@youtube-for,1,2,3,0.6666666666666666
--emergency...,1,1,2,0.5
action-real,1,1,2,0.5
but-i,134,30,164,0.18292682926829268
going-way,3,1,4,0.25
at-history:,1,1,2,0.5
no-reactor,1,1,2,0.5
death-their,1,8,9,0.8888888888888888
via-with,7,3,10,0.3
careless-forest,1,1,2,0.5
evening-will,1,1,2,0.5
description-it,2,1,3,0.3333333333333333
having-out,2,1,3,0.3333333333333333
block-video,2,1,3,0.3333333333333333
some-think,2,1,3,0.3333333333333333
meet-who,1,1,2,0.5
lovely-to,1,1,2,0.5
be-we'd,1,1,2,0.5
each-the,5,3,8,0.375
came-what,1,1,2,0.5
:-rubble?,2,2,4,0.5
from-hope,1,4,5,0.8
no-one,11,14,25,0.56
langley-philippine,1,1,2,0.5
??-going,5,1,6,0.16666666666666666
natural-unavoidable,2,1,3,0.3333333333333333
---on,1,1,2,0.5
here-these,2,1,3,0.3333333333333333
at-worked,2,1,3,0.3333333333333333
and-through,11,7,18,0.3888888888888889
going-know,5,2,7,0.2857142857142857
i-report,1,2,3,0.6666666666666666
behind-scene,1,1,2,0.5
current-the,3,1,4,0.25
had-his,6,1,7,0.14285714285714285
cinema-false,1,4,5,0.8
her-this,7,6,13,0.46153846153846156
is-saving,6,4,10,0.4
market-this,10,1,11,0.09090909090909091
been-the,45,50,95,0.5263157894736842
get-we,12,3,15,0.2
at-run,1,2,3,0.6666666666666666
rubber-with,1,1,2,0.5
#forever-thinking,2,1,3,0.3333333333333333
a-used,7,2,9,0.2222222222222222
thinking-wa,1,2,3,0.6666666666666666
collapsed-|,2,1,3,0.3333333333333333
are-wow,1,2,3,0.6666666666666666
out-street,2,1,3,0.3333333333333333
metal-of,2,1,3,0.3333333333333333
house-in,4,31,35,0.8857142857142857
don't-u,3,3,6,0.5
ha-said,1,2,3,0.6666666666666666
from-sky,1,1,2,0.5
just-people,6,4,10,0.4
downtown-service,5,1,6,0.16666666666666666
are-there,24,19,43,0.4418604651162791
driving-near,1,2,3,0.6666666666666666
disaster.-for,1,1,2,0.5
life-responder,1,3,4,0.75
lead-so,3,1,4,0.25
missing-tide,1,1,2,0.5
since-the,12,13,25,0.52
from-news!,13,3,16,0.1875
of-save,4,5,9,0.5555555555555556
government-of,1,5,6,0.8333333333333334
some-that,4,10,14,0.7142857142857143
you're-your,8,4,12,0.3333333333333333
lol-not,4,1,5,0.2
from-person,1,1,2,0.5
collins-world,1,1,2,0.5
fuck-what,5,1,6,0.16666666666666666
electronic-mountaineering,2,1,3,0.3333333333333333
horse...-river,5,3,8,0.375
county-ha,1,1,2,0.5
oak-the,1,1,2,0.5
in-struck,1,1,2,0.5
hi-is,4,2,6,0.3333333333333333
1970-mercury,1,1,2,0.5
2-derail,5,1,6,0.16666666666666666
killed-that,2,10,12,0.8333333333333334
--house,2,5,7,0.7142857142857143
it-through,2,1,3,0.3333333333333333
blanket-emergency,1,1,2,0.5
my-which,2,2,4,0.5
ha-him,2,3,5,0.6
jonathan-pdp:,1,1,2,0.5
necessary-of,1,1,2,0.5
problem-via,2,1,3,0.3333333333333333
are-likely,7,1,8,0.125
ablaze-for,3,1,4,0.25
godslove-u,2,1,3,0.3333333333333333
have-it,29,10,39,0.2564102564102564
threat-wa,2,1,3,0.3333333333333333
take-watch,2,1,3,0.3333333333333333
may-never,1,1,2,0.5
chance-new,4,1,5,0.2
ball-the,7,1,8,0.125
park-u.s,5,3,8,0.375
are-no,4,5,9,0.5555555555555556
full-truck,3,1,4,0.25
the-walmart,1,2,3,0.6666666666666666
hi-like,1,1,2,0.5
general-lightning,1,1,2,0.5
attacked-saw,1,1,2,0.5
better-so,2,1,3,0.3333333333333333
can-they,14,5,19,0.2631578947368421
hiroshima-people,1,2,3,0.6666666666666666
not-to,79,31,110,0.2818181818181818
is-that's,2,2,4,0.5
about-for,8,8,16,0.5
new-time,2,4,6,0.6666666666666666
jedi-of,1,1,2,0.5
of-siren,4,1,5,0.2
haven't-yet.,1,1,2,0.5
got-i'm,7,4,11,0.36363636363636365
http://t.co/bbdpnj8xsx-is,2,1,3,0.3333333333333333
death-weapon,1,1,2,0.5
.potus-refugees;,1,4,5,0.8
during-where,1,1,2,0.5
in-live,5,18,23,0.782608695652174
family-planned,2,1,3,0.3333333333333333
curfew-on,3,1,4,0.25
banned-policy,15,2,17,0.11764705882352941
i-too,19,3,22,0.13636363636363635
at-possible,1,3,4,0.75
kill-me,1,1,2,0.5
been-whole,8,7,15,0.4666666666666667
are-image,1,1,2,0.5
common-the,2,1,3,0.3333333333333333
notexplained:-of,1,1,2,0.5
the-way.,1,3,4,0.75
#best-many,4,1,5,0.2
caught-let,1,1,2,0.5
a-cool,13,1,14,0.07142857142857142
of-something,7,2,9,0.2222222222222222
a-made,17,3,20,0.15
thing-wa,2,4,6,0.6666666666666666
is-reminder,1,1,2,0.5
had-wa,10,11,21,0.5238095238095238
is-natural,3,4,7,0.5714285714285714
in-whole,3,1,4,0.25
is-structural,2,2,4,0.5
the-united,5,9,14,0.6428571428571429
good-up,3,2,5,0.4
blood-it,3,2,5,0.4
12000-refugee,1,11,12,0.9166666666666666
network-to,1,1,2,0.5
tweet-who,1,2,3,0.6666666666666666
in-suv,1,1,2,0.5
internally-is,1,4,5,0.8
a-train,12,35,47,0.7446808510638298
by-place,1,1,2,0.5
:)-i,2,5,7,0.7142857142857143
--how,7,12,19,0.631578947368421
joe-lawton,1,1,2,0.5
about-should,3,1,4,0.25
in-weapon,7,10,17,0.5882352941176471
at-good,5,2,7,0.2857142857142857
https://t.co/moll5vd8yd-the,3,1,4,0.25
be-unconfirmed!,13,3,16,0.1875
just-off,5,4,9,0.4444444444444444
and-flash,3,4,7,0.5714285714285714
#strategicpatience-idp,1,4,5,0.8
is-over,5,9,14,0.6428571428571429
?-me,1,1,2,0.5
a-plan,18,16,34,0.47058823529411764
an-every,3,1,4,0.25
n-on,1,4,5,0.8
faster-only,1,2,3,0.6666666666666666
i-single,2,2,4,0.5
faced-for,1,2,3,0.6666666666666666
in-spirit,3,1,4,0.25
like-weapon,2,1,3,0.3333333333333333
famous-with,1,1,2,0.5
plan.-the,2,2,4,0.5
not-these,2,2,4,0.5
falling-to,2,3,5,0.6
definitely-people,1,1,2,0.5
bagging-nigga,2,2,4,0.5
former-pdp:,1,1,2,0.5
building-don't,1,1,2,0.5
5-connector,2,2,4,0.5
..-the,2,4,6,0.6666666666666666
disaster'-in,1,1,2,0.5
structural-via,1,2,3,0.6666666666666666
get-up,16,26,42,0.6190476190476191
make-only,1,1,2,0.5
?-at,1,2,3,0.6666666666666666
a-~,2,1,3,0.3333333333333333
but-fight,3,2,5,0.4
be-which,2,1,3,0.3333333333333333
nothing-to,8,4,12,0.3333333333333333
moving-of,2,6,8,0.75
that-white,1,1,2,0.5
for-question,3,1,4,0.25
inspection-via,1,1,2,0.5
but-live,1,1,2,0.5
biggest-have,4,2,6,0.3333333333333333
die!please-them!,1,1,2,0.5
small-the,6,2,8,0.25
coffee-the,1,1,2,0.5
date-the,4,5,9,0.5555555555555556
half-my,4,1,5,0.2
cross-purse,11,1,12,0.08333333333333333
phone-with,3,1,4,0.25
and-sunday,1,2,3,0.6666666666666666
police-say,1,5,6,0.8333333333333334
afghanistan-from,1,1,2,0.5
the-time,49,29,78,0.3717948717948718
burning-in,5,22,27,0.8148148148148148
the-total,4,2,6,0.3333333333333333
but-doing,3,2,5,0.4
hour-whirlwind,1,2,3,0.6666666666666666
think-when,3,1,4,0.25
can-that's,1,1,2,0.5
area-in,3,13,16,0.8125
&amp;-call,2,1,3,0.3333333333333333
that-thunder,1,2,3,0.6666666666666666
drowning-rare,1,1,2,0.5
police-real,1,1,2,0.5
box-it,2,2,4,0.5
in-is,116,94,210,0.44761904761904764
????-when,2,1,3,0.3333333333333333
bundled-history:,1,1,2,0.5
i'm-leave,1,1,2,0.5
i-mountain,1,1,2,0.5
i-thanks,1,1,2,0.5
it's-taking,1,1,2,0.5
flooding-i,4,2,6,0.3333333333333333
after-traumatised,4,1,5,0.2
capture-covered,1,1,2,0.5
emergency-vet,1,1,2,0.5
&amp;-what,9,5,14,0.35714285714285715
road-that,2,1,3,0.3333333333333333
going-some,2,1,3,0.3333333333333333
no-will,18,5,23,0.21739130434782608
500-the,1,1,2,0.5
#tcot-the,1,1,2,0.5
open-release,1,1,2,0.5
catch-the,5,2,7,0.2857142857142857
#forever-a,2,1,3,0.3333333333333333
clueless-industry,1,1,2,0.5
officially-the,6,2,8,0.25
that-ûò,1,1,2,0.5
are-dropped,1,1,2,0.5
#vanuatu-the,2,1,3,0.3333333333333333
that-yeah,2,1,3,0.3333333333333333
accused-of,1,2,3,0.6666666666666666
i-these,7,2,9,0.2222222222222222
do-your,18,3,21,0.14285714285714285
enough-on,1,1,2,0.5
a-teen,4,1,5,0.2
evacuation-just,1,1,2,0.5
like-state,1,1,2,0.5
are-crash:,10,6,16,0.375
atomic-reshapes,1,2,3,0.6666666666666666
for-hit,4,3,7,0.42857142857142855
a-me,94,22,116,0.1896551724137931
for-phone,6,4,10,0.4
co.-to,1,1,2,0.5
an-internally,2,1,3,0.3333333333333333
did-they,5,1,6,0.16666666666666666
soul-with,2,1,3,0.3333333333333333
displaced-of,4,8,12,0.6666666666666666
a-who,26,38,64,0.59375
greenway-who,1,2,3,0.6666666666666666
to-toward,1,1,2,0.5
hour-two,1,1,2,0.5
breaking-of,13,3,16,0.1875
across-with,1,1,2,0.5
a-placing,1,1,2,0.5
college-i,1,1,2,0.5
to-update,5,2,7,0.2857142857142857
my-window,2,2,4,0.5
bang-neighbour's,13,3,16,0.1875
lord-ur,10,2,12,0.16666666666666666
riot-time,1,1,2,0.5
@yahoonews-via,1,2,3,0.6666666666666666
#irandeal-in,1,1,2,0.5
--penalty,1,1,2,0.5
&amp;-dont,1,2,3,0.6666666666666666
interview-listen,1,1,2,0.5
one-sitting,1,1,2,0.5
a-suspect,1,6,7,0.8571428571428571
like-thank,2,1,3,0.3333333333333333
stand-with,19,3,22,0.13636363636363635
by-here,1,1,2,0.5
2-i,27,5,32,0.15625
epic-of,1,1,2,0.5
#best-specially,1,7,8,0.875
son-would,1,1,2,0.5
got-slightly,1,1,2,0.5
evacuated-over,1,2,3,0.6666666666666666
my-wild,4,3,7,0.42857142857142855
census-reveals,1,1,2,0.5
calm-the,3,2,5,0.4
such-the,5,4,9,0.4444444444444444
casualty-we're,1,1,2,0.5
building-time,1,2,3,0.6666666666666666
is-sinking,6,1,7,0.14285714285714285
and-isi,1,2,3,0.6666666666666666
river-u.s,5,3,8,0.375
aba-baby,9,4,13,0.3076923076923077
care-take,1,2,3,0.6666666666666666
#hampshire-#photo,1,1,2,0.5
#prebreak-hijacking,12,5,17,0.29411764705882354
burning-school,3,2,5,0.4
just-than,3,1,4,0.25
know-of,23,5,28,0.17857142857142858
have-people,5,16,21,0.7619047619047619
building-into,4,4,8,0.5
after-her,6,2,8,0.25
in-saw,6,15,21,0.7142857142857143
holding-hostage,1,1,2,0.5
a-scream,11,4,15,0.26666666666666666
and-completely,3,2,5,0.4
over-table,1,1,2,0.5
build-but,1,1,2,0.5
but-in,49,20,69,0.2898550724637681
any-bomb,1,1,2,0.5
teen-threw,1,1,2,0.5
swept-to,1,1,2,0.5
chinaûªs-from,2,1,3,0.3333333333333333
all-our,3,3,6,0.5
bash-ted,1,1,2,0.5
electrocuted-not,1,1,2,0.5
is-outside,2,1,3,0.3333333333333333
...-all,2,1,3,0.3333333333333333
structural-to,5,3,8,0.375
joe-world,1,1,2,0.5
emergency-on,5,3,8,0.375
day-remember,2,2,4,0.5
be-but,32,7,39,0.1794871794871795
me-near,1,2,3,0.6666666666666666
2-8,2,2,4,0.5
a-through,9,13,22,0.5909090909090909
apple-car,1,1,2,0.5
in-thinking,4,2,6,0.3333333333333333
of-with,92,76,168,0.4523809523809524
pandemonium-to,1,2,3,0.6666666666666666
mt-this,1,1,2,0.5
down-my,9,3,12,0.25
huge-of,2,6,8,0.75
park-this,1,1,2,0.5
had-last,4,1,5,0.2
of-round,2,1,3,0.3333333333333333
not-very,1,3,4,0.75
olap-waste,1,2,3,0.6666666666666666
cross-leather,15,1,16,0.0625
middle-the,9,6,15,0.4
sitting-when,1,1,2,0.5
people-three,1,5,6,0.8333333333333334
from-lost,1,1,2,0.5
them-u,3,1,4,0.25
a-an,42,47,89,0.5280898876404494
river-wild,5,4,9,0.4444444444444444
heat-no,1,1,2,0.5
incredibly-we,1,1,2,0.5
by-since,1,3,4,0.75
massacre-more,1,1,2,0.5
bargain-interest,2,1,3,0.3333333333333333
love-wa,5,1,6,0.16666666666666666
#magginoodle-hazardous,1,2,3,0.6666666666666666
it-something,2,2,4,0.5
alive-be,2,1,3,0.3333333333333333
parent-with,2,1,3,0.3333333333333333
ha-he,7,8,15,0.5333333333333333
i'm-that,19,6,25,0.24
the-today,15,35,50,0.7
aba-woman,9,4,13,0.3076923076923077
2-9,3,1,4,0.25
to-tonight,5,3,8,0.375
being-it,2,1,3,0.3333333333333333
#sismo-california:,1,1,2,0.5
even-than,3,1,4,0.25
realize-that,1,1,2,0.5
so-wasn't,1,1,2,0.5
blocked-the,10,2,12,0.16666666666666666
pic-the,4,2,6,0.3333333333333333
l.a.-the,1,1,2,0.5
be-that,38,15,53,0.2830188679245283
cause-it's,1,1,2,0.5
bus-california,3,6,9,0.6666666666666666
a-running,6,3,9,0.3333333333333333
donald-trump,1,2,3,0.6666666666666666
a-dropped,3,2,5,0.4
meme-officially,2,1,3,0.3333333333333333
were-wound,2,1,3,0.3333333333333333
is-your,42,5,47,0.10638297872340426
again-it,8,1,9,0.1111111111111111
trying-wa,1,1,2,0.5
making-near,1,1,2,0.5
happened-what,5,3,8,0.375
box-fire,1,1,2,0.5
derail-i,5,1,6,0.16666666666666666
fire-have,9,10,19,0.5263157894736842
day-new,3,1,4,0.25
leave-that,4,2,6,0.3333333333333333
care-in,4,3,7,0.42857142857142855
no-then,1,1,2,0.5
stopped-the,5,2,7,0.2857142857142857
a-can't,29,11,40,0.275
anything-i,4,2,6,0.3333333333333333
come-hot,2,1,3,0.3333333333333333
deal-with,7,3,10,0.3
by-lady,2,3,5,0.6
start-that,3,1,4,0.25
i-photo:,5,1,6,0.16666666666666666
black-to,2,3,5,0.6
i-yet,6,3,9,0.3333333333333333
an-collapsed,1,1,2,0.5
buildings.-on,1,1,2,0.5
air-i,5,1,6,0.16666666666666666
cross-http://t.co/zujwuiomb3,3,1,4,0.25
kid-were,2,1,3,0.3333333333333333
hair-wa,1,1,2,0.5
news-via,4,1,5,0.2
road-serious,1,1,2,0.5
time?-wind,1,1,2,0.5
after-not,1,2,3,0.6666666666666666
care-this,2,2,4,0.5
a...-of,2,2,4,0.5
at-mma,1,2,3,0.6666666666666666
never-someone,1,1,2,0.5
been-that,20,16,36,0.4444444444444444
in-look,14,13,27,0.48148148148148145
and-body,21,1,22,0.045454545454545456
death-see,1,1,2,0.5
a-raised,2,3,5,0.6
out-what,6,1,7,0.14285714285714285
only-wound,2,2,4,0.5
have-year,11,3,14,0.21428571428571427
like-look,41,19,60,0.31666666666666665
#handbag-tote,5,1,6,0.16666666666666666
a-drought,1,7,8,0.875
rt-voice,2,1,3,0.3333333333333333
of-war,10,26,36,0.7222222222222222
bang-with,1,1,2,0.5
--hope,1,1,2,0.5
common-of,4,2,6,0.3333333333333333
in-sunk,16,1,17,0.058823529411764705
people-rioting,2,2,4,0.5
queen-the,3,3,6,0.5
--australia,2,3,5,0.6
research-willing,1,1,2,0.5
police-thursday,1,4,5,0.8
demolished-my,1,1,2,0.5
me-scream,2,1,3,0.3333333333333333
about-over,1,1,2,0.5
bomb-one,1,2,3,0.6666666666666666
i-uk,3,1,4,0.25
it-like,42,30,72,0.4166666666666667
#womens-lady,5,1,6,0.16666666666666666
if-them,7,2,9,0.2222222222222222
are-know,7,3,10,0.3
rock-the,4,6,10,0.6
free-you,2,1,3,0.3333333333333333
danger-my,4,1,5,0.2
by-donûªt,4,1,5,0.2
during-on,2,2,4,0.5
#wmata-the,1,3,4,0.75
429cj-cobra,1,1,2,0.5
hole-in,3,1,4,0.25
#news-one,2,1,3,0.3333333333333333
due-time,2,1,3,0.3333333333333333
make-without,1,1,2,0.5
a-story,7,13,20,0.65
a-sunday,3,2,5,0.4
evacuate-from,3,4,7,0.5714285714285714
for-memorial,2,2,4,0.5
i-you'll,4,1,5,0.2
@itsjustinstuart-@youtube,1,1,2,0.5
and-class,4,3,7,0.42857142857142855
not-sick,1,1,2,0.5
far-in,1,3,4,0.75
any-blocked,5,1,6,0.16666666666666666
a-mt.,1,1,2,0.5
the-won,2,2,4,0.5
flood-led,14,2,16,0.125
much-than,1,3,4,0.75
because-the,27,10,37,0.2702702702702703
canûªt-you,4,1,5,0.2
but-would,10,3,13,0.23076923076923078
be-i,122,27,149,0.18120805369127516
that-water,1,1,2,0.5
he's-in,7,5,12,0.4166666666666667
be-making,1,1,2,0.5
building-from,7,5,12,0.4166666666666667
economic-to,1,2,3,0.6666666666666666
@accionempresa-@gerenciatodos,2,1,3,0.3333333333333333
can-lightning,2,2,4,0.5
and-updated,4,1,5,0.2
&amp;-running,2,1,3,0.3333333333333333
by-end,2,1,3,0.3333333333333333
bare-just,1,1,2,0.5
#bookboost-snowstorm,1,2,3,0.6666666666666666
rise-yours,8,1,9,0.1111111111111111
believe-it.,1,1,2,0.5
#genocide;-for,1,4,5,0.8
#cs-the,1,2,3,0.6666666666666666
allow-please,1,1,2,0.5
united-what,1,1,2,0.5
for-palin,2,1,3,0.3333333333333333
not-up,11,1,12,0.08333333333333333
hostage-specially,1,10,11,0.9090909090909091
one-why,3,1,4,0.25
&amp;-it,15,10,25,0.4
someone-when,3,1,4,0.25
a-snowstorm,6,6,12,0.5
among-trent,1,1,2,0.5
likely-make,7,1,8,0.125
guy-murder,1,1,2,0.5
dog-ha,2,1,3,0.3333333333333333
ha-where,2,1,3,0.3333333333333333
on-youtube,2,1,3,0.3333333333333333
and-ripple,1,1,2,0.5
about-movie,21,11,32,0.34375
mate-this,1,1,2,0.5
burning-run,3,3,6,0.5
for-us:,1,1,2,0.5
external-fire,2,1,3,0.3333333333333333
both-to,6,6,12,0.5
look-make,4,3,7,0.42857142857142855
managed-to,1,1,2,0.5
a-bayelsa,6,8,14,0.5714285714285714
getting-see,1,1,2,0.5
the-version,9,1,10,0.1
and-way,16,6,22,0.2727272727272727
and-destroyed,4,4,8,0.5
i-wondering,1,1,2,0.5
them-you,8,2,10,0.2
eye-fleet,8,1,9,0.1111111111111111
#strategicpatience-for,1,4,5,0.8
dangerous-the,4,1,5,0.2
am-update:,1,1,2,0.5
roof-this,1,1,2,0.5
@originalfunko-thunder,1,2,3,0.6666666666666666
keep-until,3,1,4,0.25
and-link,1,1,2,0.5
#somalia-in,1,4,5,0.8
got-same,1,1,2,0.5
ass.-nearby.,13,3,16,0.1875
is-of,153,91,244,0.3729508196721312
about-all,3,5,8,0.625
in-stretcher,5,1,6,0.16666666666666666
got-thought,1,1,2,0.5
a-around,15,4,19,0.21052631578947367
of-union,2,2,4,0.5
in-sit,5,1,6,0.16666666666666666
by-help,3,1,4,0.25
and-working,4,2,6,0.3333333333333333
told-year,2,1,3,0.3333333333333333
and-no,33,21,54,0.3888888888888889
ha-have,6,1,7,0.14285714285714285
on-understanding,1,1,2,0.5
bad-we,1,1,2,0.5
agreed-no,1,1,2,0.5
during-of,5,8,13,0.6153846153846154
22-and,4,1,5,0.2
it-think,15,5,20,0.25
away-but,2,2,4,0.5
ago-in,1,6,7,0.8571428571428571
bomb-of,4,42,46,0.9130434782608695
...-after,3,22,25,0.88
101:-what,3,1,4,0.25
came-in,11,2,13,0.15384615384615385
&amp;-tip,1,1,2,0.5
'we-is,2,1,3,0.3333333333333333
best-more,2,2,4,0.5
god-i,14,3,17,0.17647058823529413
just-last,2,1,3,0.3333333333333333
a-played,1,1,2,0.5
pussy-to,2,3,5,0.6
out-this,19,5,24,0.20833333333333334
there-when,11,4,15,0.26666666666666666
'save-by,4,2,6,0.3333333333333333
i'm-lie,2,1,3,0.3333333333333333
many-there,2,1,3,0.3333333333333333
a-press,2,1,3,0.3333333333333333
any-do,1,1,2,0.5
cladding-external,2,1,3,0.3333333333333333
---a,9,2,11,0.18181818181818182
night-you,1,1,2,0.5
because-go,2,3,5,0.6
is-london,2,4,6,0.6666666666666666
explosion-gmmbc,1,1,2,0.5
call-service,2,2,4,0.5
chance-on,1,1,2,0.5
made-me,8,1,9,0.1111111111111111
also-no,1,1,2,0.5
image-known,1,1,2,0.5
run-star,1,1,2,0.5
our-the,33,24,57,0.42105263157894735
enemy-the,10,2,12,0.16666666666666666
doe-here,2,1,3,0.3333333333333333
bar-combo,8,1,9,0.1111111111111111
danger-is,6,4,10,0.4
love-with,7,2,9,0.2222222222222222
bigamist-charged,2,1,3,0.3333333333333333
a-wit,2,2,4,0.5
russia-were,1,2,3,0.6666666666666666
always-on,4,1,5,0.2
in-pakistan,1,6,7,0.8571428571428571
get-win,4,1,5,0.2
tribal-war,4,2,6,0.3333333333333333
peace-to,6,5,11,0.45454545454545453
on-who,10,7,17,0.4117647058823529
????-wa,5,1,6,0.16666666666666666
attack-lord,5,1,6,0.16666666666666666
miner-starring...,6,4,10,0.4
the-were,27,55,82,0.6707317073170732
dress-exploded,2,1,3,0.3333333333333333
...-worst,1,1,2,0.5
a-near,4,16,20,0.8
go-money,1,1,2,0.5
a-becomes,1,1,2,0.5
hope-tweet,1,1,2,0.5
or-when,6,3,9,0.3333333333333333
flew-plane,1,1,2,0.5
in-wanna,6,1,7,0.14285714285714285
about-aka,1,1,2,0.5
a-under,3,54,57,0.9473684210526315
of-sorry,3,1,4,0.25
today:-will,1,1,2,0.5
national-tonto,10,6,16,0.375
they-wild,2,1,3,0.3333333333333333
into-zone,2,1,3,0.3333333333333333
life-no,2,4,6,0.6666666666666666
of-way,14,6,20,0.3
comment-of,1,3,4,0.75
on-taken,1,4,5,0.8
pak-who,1,2,3,0.6666666666666666
a-every,25,11,36,0.3055555555555556
love-weapon,1,1,2,0.5
killed-wounded,1,22,23,0.9565217391304348
end-no,1,1,2,0.5
caused-wa,1,10,11,0.9090909090909091
#news-for,2,6,8,0.75
detonation-leisure,2,1,3,0.3333333333333333
get-past,1,1,2,0.5
big-there,1,1,2,0.5
i-while,3,4,7,0.5714285714285714
ripple-the,1,2,3,0.6666666666666666
black-life,1,4,5,0.8
accidentally-day,1,2,3,0.6666666666666666
and-i.e.,4,2,6,0.3333333333333333
away.-have,1,1,2,0.5
60-collapse,1,1,2,0.5
#quote-after,2,1,3,0.3333333333333333
i-woman,3,1,4,0.25
http://t.co/jlzk2hdetg-infamous,1,1,2,0.5
#kerricktrial-chest/torso,1,1,2,0.5
beam-offroad,3,1,4,0.25
ok-the,6,4,10,0.4
one-try,1,1,2,0.5
breaking-to,13,4,17,0.23529411764705882
be-flame,3,3,6,0.5
community-û÷extremely,3,1,4,0.25
had-no,4,2,6,0.3333333333333333
????-going,1,2,3,0.6666666666666666
at-brown,1,1,2,0.5
back-promise,1,1,2,0.5
during-what,1,1,2,0.5
??????-of,2,2,4,0.5
go-them,1,1,2,0.5
rt-û_,5,6,11,0.5454545454545454
ever-without,1,1,2,0.5
that-trapped,2,3,5,0.6
#hot-modified,1,7,8,0.875
nice-of,1,1,2,0.5
alive-the,4,2,6,0.3333333333333333
gop-shouting,1,1,2,0.5
offensiveåêcontent-quarantine,2,1,3,0.3333333333333333
decision-that,1,1,2,0.5
bathroom-the,3,1,4,0.25
drowning-it,1,2,3,0.6666666666666666
etc.-horror;,1,4,5,0.8
it-mean,7,2,9,0.2222222222222222
after-tornado,2,1,3,0.3333333333333333
burning-looting,2,2,4,0.5
be-say,10,2,12,0.16666666666666666
a-problem,7,2,9,0.2222222222222222
everyone-out,1,1,2,0.5
can-you'll,1,1,2,0.5
feminist-grill,5,1,6,0.16666666666666666
dan-fell,1,1,2,0.5
any-blessing,5,1,6,0.16666666666666666
comparison-iranian,1,1,2,0.5
a-box,6,3,9,0.3333333333333333
it's-today,1,1,2,0.5
california:-of,2,4,6,0.6666666666666666
i'd-there,1,1,2,0.5
all-photo,1,1,2,0.5
'second'-are,1,1,2,0.5
to-with.,1,2,3,0.6666666666666666
happens-of,3,2,5,0.4
at-yeah,1,1,2,0.5
derail-will,1,1,2,0.5
shocked-warne,1,2,3,0.6666666666666666
??-went,1,2,3,0.6666666666666666
know-my,8,1,9,0.1111111111111111
--quarantined,1,4,5,0.8
and-nice,3,1,4,0.25
texas-v...,1,1,2,0.5
i-panic!,6,1,7,0.14285714285714285
hurricane-katrina,1,1,2,0.5
banned-from,1,1,2,0.5
--post,2,4,6,0.6666666666666666
a-get,89,65,154,0.42207792207792205
late-to,6,3,9,0.3333333333333333
my-worked,1,1,2,0.5
danger-greatest,3,1,4,0.25
meet-to,1,2,3,0.6666666666666666
&amp;-stop,4,1,5,0.2
--non-compliant,3,1,4,0.25
camp-officer,2,2,4,0.5
about-demolished,1,2,3,0.6666666666666666
better-no,1,1,2,0.5
and-go,30,9,39,0.23076923076923078
hurt-wa,2,1,3,0.3333333333333333
blood-say,1,1,2,0.5
collapsed-to,4,5,9,0.5555555555555556
by-pdp:,1,1,2,0.5
careful-of,1,1,2,0.5
in-pregnant,4,1,5,0.2
phoenix-the,5,1,6,0.16666666666666666
burning-probably,1,1,2,0.5
(peace-be,4,2,6,0.3333333333333333
about-nothing,2,1,3,0.3333333333333333
2-enemy,5,1,6,0.16666666666666666
is-tragedy,3,3,6,0.5
help-will,5,1,6,0.16666666666666666
and-won,1,1,2,0.5
/-st,1,3,4,0.75
#forever-people,2,1,3,0.3333333333333333
one-out,6,3,9,0.3333333333333333
time-used,2,1,3,0.3333333333333333
a-concerned,1,1,2,0.5
look-not,4,1,5,0.2
hijack-pdp,2,5,7,0.7142857142857143
big-ha,1,2,3,0.6666666666666666
appears-ass.,13,3,16,0.1875
blocked-by,5,1,6,0.16666666666666666
charlotte-in,1,1,2,0.5
lady-new,12,1,13,0.07692307692307693
at-dude,1,1,2,0.5
u-us.,4,1,5,0.2
dont-you,6,1,7,0.14285714285714285
is-reward,2,2,4,0.5
on-youûªve,8,6,14,0.42857142857142855
context-the,1,2,3,0.6666666666666666
bin-i,1,2,3,0.6666666666666666
united-world,1,2,3,0.6666666666666666
have-related,1,1,2,0.5
#ban-#offers2go,1,2,3,0.6666666666666666
accept-soon,1,1,2,0.5
in-investigating,2,18,20,0.9
bought-the,2,5,7,0.7142857142857143
from-half,5,2,7,0.2857142857142857
be-same,2,1,3,0.3333333333333333
but-fan,6,1,7,0.14285714285714285
and-seismic,2,3,5,0.6
don't-mad,1,1,2,0.5
method-of,3,1,4,0.25
dead-with,1,2,3,0.6666666666666666
get-trouble,5,1,6,0.16666666666666666
sleep-to,3,3,6,0.5
refugee-via,1,1,2,0.5
fragile-in,1,1,2,0.5
fighting-service,1,2,3,0.6666666666666666
-a-a,1,1,2,0.5
if-too.,1,1,2,0.5
is-lot,6,1,7,0.14285714285714285
event-via,1,1,2,0.5
psychiatric-rn,1,1,2,0.5
there-war,1,1,2,0.5
bro-youtube,1,1,2,0.5
machine-really,1,1,2,0.5
sleeping-to,6,1,7,0.14285714285714285
mass-only,1,2,3,0.6666666666666666
but-humanity,1,1,2,0.5
an-enormous,1,1,2,0.5
3g-your,4,3,7,0.42857142857142855
#emergency-in,1,1,2,0.5
all-then,5,3,8,0.375
our-thank,2,1,3,0.3333333333333333
mineral's-rock,1,1,2,0.5
criminal-parent,1,1,2,0.5
force-tunein,1,1,2,0.5
2-cancer,1,1,2,0.5
back-break,1,1,2,0.5
see-they,4,3,7,0.42857142857142855
over-time,3,1,4,0.25
by-seismic,1,1,2,0.5
'save-even,4,2,6,0.3333333333333333
been-can't,2,1,3,0.3333333333333333
i've-on,5,3,8,0.375
a-la,1,4,5,0.8
ee-the,1,1,2,0.5
patience-their,1,1,2,0.5
horrible-that,4,4,8,0.5
good-i,18,2,20,0.1
and-myself,4,1,5,0.2
??-thanks,1,1,2,0.5
british-of,1,11,12,0.9166666666666666
a-dad,6,5,11,0.45454545454545453
literally-on,2,2,4,0.5
have-wave,3,2,5,0.4
is-lake,4,1,5,0.2
man-more,5,1,6,0.16666666666666666
big-could,3,1,4,0.25
only-what,2,1,3,0.3333333333333333
in-starring...,3,2,5,0.4
and-blizzard,2,1,3,0.3333333333333333
must-who,1,2,3,0.6666666666666666
ha-their,2,1,3,0.3333333333333333
'without-you,2,2,4,0.5
later-the,4,1,5,0.2
horse-told,2,1,3,0.3333333333333333
phone-that,3,3,6,0.5
led-reaû_,3,1,4,0.25
#autoinsurance-on,1,1,2,0.5
murder-take,1,2,3,0.6666666666666666
free-it's,4,1,5,0.2
economy-the,7,4,11,0.36363636363636365
feel-heat,1,1,2,0.5
an-said,2,1,3,0.3333333333333333
summer-to,5,4,9,0.4444444444444444
a-for,180,126,306,0.4117647058823529
car-from,4,1,5,0.2
explode-the,16,1,17,0.058823529411764705
boat-cree,5,1,6,0.16666666666666666
do-mention,3,1,4,0.25
fog-reû_,6,1,7,0.14285714285714285
hitting-of,1,1,2,0.5
head-run,1,1,2,0.5
hair-just,1,1,2,0.5
bicycle-you,1,1,2,0.5
impact-of,3,2,5,0.4
time-while,3,3,6,0.5
hot-it,3,2,5,0.4
at-thousand,1,1,2,0.5
lot-so,4,1,5,0.2
america-great,1,1,2,0.5
inner-loop,1,4,5,0.8
about-hand,1,1,2,0.5
a-pedestrian,1,2,3,0.6666666666666666
at-really,1,3,4,0.75
keep-you,11,3,14,0.21428571428571427
eyewitness-video,1,2,3,0.6666666666666666
an-sky,1,1,2,0.5
emergency-meeting,1,1,2,0.5
at-flooding,2,6,8,0.75
can't-more,1,1,2,0.5
and-wb,1,1,2,0.5
of-worth,2,2,4,0.5
being-hear,1,1,2,0.5
were-with,2,2,4,0.5
a-mill,1,1,2,0.5
another-i,19,8,27,0.2962962962962963
and-since,9,3,12,0.25
land-which,8,4,12,0.3333333333333333
get-go,1,1,2,0.5
chill-via,1,1,2,0.5
are-rubble?,5,6,11,0.5454545454545454
computer-send,13,5,18,0.2777777777777778
but-say,11,5,16,0.3125
cop-the,1,1,2,0.5
flood-lamp,11,2,13,0.15384615384615385
#autoinsurance-:,2,1,3,0.3333333333333333
at-ûò,1,1,2,0.5
a-heart,17,4,21,0.19047619047619047
going-look,4,1,5,0.2
are-social,1,1,2,0.5
agree-to,3,1,4,0.25
fuel-the,1,1,2,0.5
second-wa,1,5,6,0.8333333333333334
did-work,1,1,2,0.5
good-them.,1,1,2,0.5
can't-set,1,1,2,0.5
charged-the,4,23,27,0.8518518518518519
that-there's,6,3,9,0.3333333333333333
save-what,1,1,2,0.5
31-md,1,4,5,0.8
#gbbo-look,2,1,3,0.3333333333333333
??-blood,2,1,3,0.3333333333333333
#nowplaying-at,2,1,3,0.3333333333333333
catastrophic-this,1,2,3,0.6666666666666666
#lgbt-scheme,4,1,5,0.2
with-your,35,2,37,0.05405405405405406
hollywood-released,15,6,21,0.2857142857142857
&amp;-good,3,3,6,0.5
an-other,1,1,2,0.5
of-river,11,5,16,0.3125
germ-via,3,3,6,0.5
die!please-will,1,1,2,0.5
hearing-or,1,1,2,0.5
always-at,3,1,4,0.25
#frontpage:-faced,1,2,3,0.6666666666666666
be-surrounded,4,1,5,0.2
ahead-of,3,5,8,0.625
of-recall,1,2,3,0.6666666666666666
why-you,21,3,24,0.125
football-get,1,1,2,0.5
crashed-of,3,10,13,0.7692307692307693
blessing-he,5,1,6,0.16666666666666666
done-well,2,1,3,0.3333333333333333
album-oppression,3,1,4,0.25
summer-via,1,1,2,0.5
#globalwarming!!-but,1,1,2,0.5
thought-to,4,1,5,0.2
or-our,2,1,3,0.3333333333333333
in-said,9,7,16,0.4375
installation-with,2,1,3,0.3333333333333333
alarm-i,1,1,2,0.5
for-sinking,9,4,13,0.3076923076923077
plan-to,25,20,45,0.4444444444444444
humanity.-in,1,1,2,0.5
get-home,2,1,3,0.3333333333333333
know-me.,1,6,7,0.8571428571428571
encounter-of,2,2,4,0.5
an-spill,1,2,3,0.6666666666666666
are-at,13,11,24,0.4583333333333333
bill-in,1,1,2,0.5
sign-voice,2,1,3,0.3333333333333333
everywhere-the,2,3,5,0.6
in-yourself,7,2,9,0.2222222222222222
gay-of,5,1,6,0.16666666666666666
and-kingdom,2,1,3,0.3333333333333333
air-and,9,5,14,0.35714285714285715
come-mass,2,2,4,0.5
16-a,2,2,4,0.5
haha-no,1,1,2,0.5
friend-when,2,6,8,0.75
about-air,2,1,3,0.3333333333333333
mourns-toddler,1,1,2,0.5
wa-wonder,1,1,2,0.5
kid-life,2,1,3,0.3333333333333333
500-by,1,1,2,0.5
go-war,1,2,3,0.6666666666666666
from-post,1,2,3,0.6666666666666666
ago-one,2,1,3,0.3333333333333333
high-if,2,1,3,0.3333333333333333
the-youth,2,2,4,0.5
know-to,44,13,57,0.22807017543859648
is-murderer,2,1,3,0.3333333333333333
in-reading,1,1,2,0.5
all-at,13,7,20,0.35
and-within,1,1,2,0.5
burning-you,16,5,21,0.23809523809523808
a-wedding,5,1,6,0.16666666666666666
military-the,11,15,26,0.5769230769230769
at-going,3,3,6,0.5
bayelsa-first,4,2,6,0.3333333333333333
more-natural,1,2,3,0.6666666666666666
#myfitnesspal-mph,1,1,2,0.5
my-survive,4,3,7,0.42857142857142855
it-outside,3,1,4,0.25
god-in,6,3,9,0.3333333333333333
desolation-watch,2,1,3,0.3333333333333333
hit-u,1,1,2,0.5
ash-the,1,7,8,0.875
how-plan,1,1,2,0.5
heart-to,6,3,9,0.3333333333333333
if-really,2,2,4,0.5
a-time,40,16,56,0.2857142857142857
fire-rescue,1,1,2,0.5
--woman,17,4,21,0.19047619047619047
also-you,3,2,5,0.4
and-desolate,3,1,4,0.25
manager-of,1,1,2,0.5
fire-township,1,8,9,0.8888888888888888
along-just,1,1,2,0.5
at-watch,1,2,3,0.6666666666666666
emergency-the,32,23,55,0.41818181818181815
chest/torso-not,1,1,2,0.5
dream-of,3,1,4,0.25
incase-that,1,1,2,0.5
be-tried,1,1,2,0.5
caused-the,2,18,20,0.9
formed-new,1,1,2,0.5
back-will,3,3,6,0.5
apocalyptic-new,2,2,4,0.5
service-tonto,5,3,8,0.375
emergency.-is,1,1,2,0.5
colour-it's,7,1,8,0.125
for-state,3,4,7,0.5714285714285714
for-targeted,1,1,2,0.5
a-v,5,1,6,0.16666666666666666
in-row,1,1,2,0.5
to-while,10,7,17,0.4117647058823529
new-read,8,1,9,0.1111111111111111
@youtube-with,1,1,2,0.5
shake-the,6,2,8,0.25
--call,2,5,7,0.7142857142857143
for-horrible,4,3,7,0.42857142857142855
there-way,3,2,5,0.4
escape-to,2,4,6,0.6666666666666666
electrocuted-go,1,1,2,0.5
#hellfire-surah,2,1,3,0.3333333333333333
cross-lady,12,1,13,0.07692307692307693
late-of,1,1,2,0.5
ago-i,4,1,5,0.2
every-out,2,2,4,0.5
i-who,15,5,20,0.25
burned-in,8,4,12,0.3333333333333333
is-stupid,1,1,2,0.5
allegiance-p.o.p.e.,1,1,2,0.5
if-twister,1,2,3,0.6666666666666666
direction-one,10,3,13,0.23076923076923078
and-rest,1,1,2,0.5
it-my,69,14,83,0.1686746987951807
bayelsa-plan,10,10,20,0.5
to-up,58,32,90,0.35555555555555557
come-reunion,1,1,2,0.5
haven't-i,3,2,5,0.4
death-need,1,1,2,0.5
is-it,97,41,138,0.2971014492753623
for-where,2,1,3,0.3333333333333333
in-movie,20,8,28,0.2857142857142857
and-street,1,3,4,0.75
an-wa,11,11,22,0.5
door-the,15,1,16,0.0625
crash-crash:,4,2,6,0.3333333333333333
i-promise,2,1,3,0.3333333333333333
might-say,2,1,3,0.3333333333333333
brutally-dies..is,1,1,2,0.5
metro-to,1,5,6,0.8333333333333334
detained-widespread,1,1,2,0.5
do-go,2,2,4,0.5
always-in,8,5,13,0.38461538461538464
3g-that,3,3,6,0.5
shape-stand,7,1,8,0.125
accept-world,1,1,2,0.5
of-v,2,1,3,0.3333333333333333
????-sister,1,1,2,0.5
hereûªs-how,1,1,2,0.5
house-rubble,1,1,2,0.5
do-you,67,18,85,0.21176470588235294
a-even,26,10,36,0.2777777777777778
http://t.co/9nwajli9cr-is,1,1,2,0.5
new-sms:087809233445,1,1,2,0.5
a-apocalypse.,1,2,3,0.6666666666666666
'if-of,3,1,4,0.25
heat-on,2,1,3,0.3333333333333333
now.-there,1,1,2,0.5
happy-no,1,1,2,0.5
a-ah,3,1,4,0.25
cool-in,4,1,5,0.2
the-traditional,1,1,2,0.5
certain-fedex,1,2,3,0.6666666666666666
detonate-this,1,1,2,0.5
actual-is,1,1,2,0.5
are-room,1,1,2,0.5
????-??????,1,1,2,0.5
a-answer,1,3,4,0.75
gonna-is,8,5,13,0.38461538461538464
&amp;-right,2,1,3,0.3333333333333333
http://t.co/vz1irh0nmm-structural,1,1,2,0.5
start-year,1,1,2,0.5
#faroeislands-murder,1,2,3,0.6666666666666666
bombed-end,1,1,2,0.5
american-to,2,4,6,0.6666666666666666
giving-it,4,2,6,0.3333333333333333
gun-on,1,1,2,0.5
and-faster,1,8,9,0.8888888888888888
memory-the,1,1,2,0.5
ash-in,1,2,3,0.6666666666666666
into-loss,1,2,3,0.6666666666666666
apparently-the,4,2,6,0.3333333333333333
etc.-for,1,4,5,0.8
huge-i,2,1,3,0.3333333333333333
a-shit,13,3,16,0.1875
people-pic,1,1,2,0.5
rioting-still,1,1,2,0.5
say-than,1,5,6,0.8333333333333334
fire.-work,1,1,2,0.5
baby-she,2,2,4,0.5
this-watching,3,1,4,0.25
hail-i,1,2,3,0.6666666666666666
burned-mph,1,1,2,0.5
ha-most,1,3,4,0.75
around-fire,2,1,3,0.3333333333333333
care-is,3,2,5,0.4
south-still,1,1,2,0.5
is-really,5,6,11,0.5454545454545454
ever-is,8,1,9,0.1111111111111111
of-shape,8,1,9,0.1111111111111111
country-smoky,1,2,3,0.6666666666666666
ha-many,5,1,6,0.16666666666666666
exterminate-self,1,1,2,0.5
thank-the,12,1,13,0.07692307692307693
from-gun,1,1,2,0.5
@usatoday-via,3,4,7,0.5714285714285714
60-for,1,7,8,0.875
i've-that,5,2,7,0.2857142857142857
back-our,3,3,6,0.5
in-squad,1,2,3,0.6666666666666666
face-i,9,2,11,0.18181818181818182
because-we,4,1,5,0.2
parent-room,1,1,2,0.5
by-east,1,1,2,0.5
it-struck,1,2,3,0.6666666666666666
mohammed-naved,1,1,2,0.5
@youtube-playlist,11,2,13,0.15384615384615385
get-natural,2,1,3,0.3333333333333333
to-very,2,7,9,0.7777777777777778
????-good,1,1,2,0.5
others-to,2,2,4,0.5
grenade-on,1,1,2,0.5
idk-wtf,1,1,2,0.5
#gilbert23-rt,2,1,3,0.3333333333333333
collection-jedi,1,1,2,0.5
front-i,6,2,8,0.25
60%-reveals,1,1,2,0.5
&amp;-the,104,48,152,0.3157894736842105
except-the,4,3,7,0.42857142857142855
spot-to,4,1,5,0.2
via-west,2,3,5,0.6
fire-through,1,4,5,0.8
bee-like,1,1,2,0.5
2015:-collapse,3,3,6,0.5
it-over,6,3,9,0.3333333333333333
mum-to,1,2,3,0.6666666666666666
by-power,2,2,4,0.5
centre-demolish,4,1,5,0.2
a-soon,6,3,9,0.3333333333333333
and-last,16,6,22,0.2727272727272727
of-spring,3,1,4,0.25
hunter-police,1,3,4,0.75
in-road,1,12,13,0.9230769230769231
control-what,1,1,2,0.5
other-watch,1,1,2,0.5
it-work,3,1,4,0.25
half-it,5,4,9,0.4444444444444444
think-well,2,1,3,0.3333333333333333
texas-twia,1,1,2,0.5
to-wound,7,1,8,0.125
actually-is,4,2,6,0.3333333333333333
than-this,2,2,4,0.5
fear-from,4,2,6,0.3333333333333333
tide-tsunami,1,1,2,0.5
now-time,3,1,4,0.25
fire-safety,2,1,3,0.3333333333333333
&amp;-thunder,1,2,3,0.6666666666666666
be-chance,2,2,4,0.5
no-suicide-bombing,1,1,2,0.5
drowned-wtf,1,1,2,0.5
charity.'-hellfire,4,2,6,0.3333333333333333
8-to,2,2,4,0.5
apc-poll:,3,1,4,0.25
and-reactor,2,3,5,0.6
and-business,13,3,16,0.1875
but-r,2,1,3,0.3333333333333333
equipment-for,1,1,2,0.5
it-many,8,1,9,0.1111111111111111
beam-lamp,3,1,4,0.25
a-drowning,7,6,13,0.46153846153846156
how-i'm,2,2,4,0.5
because-feel,2,1,3,0.3333333333333333
--machine,1,2,3,0.6666666666666666
death-mullah,1,1,2,0.5
weather-~,2,2,4,0.5
it-that's,4,7,11,0.6363636363636364
..-a,4,3,7,0.42857142857142855
at-will,5,3,8,0.375
'second'-charged,1,1,2,0.5
????????-like,2,1,3,0.3333333333333333
an-we,3,7,10,0.7
is-live,7,3,10,0.3
by-shop,1,1,2,0.5
@youngheroesid-blast,3,2,5,0.4
look-sky,1,2,3,0.6666666666666666
a-daughter,5,1,6,0.16666666666666666
a-hiroshima,1,11,12,0.9166666666666666
and-harm,7,1,8,0.125
even-he,2,1,3,0.3333333333333333
and-u.s.,2,2,4,0.5
bring-i,8,1,9,0.1111111111111111
7-occurred,1,1,2,0.5
????-if,4,1,5,0.2
there-to,31,14,45,0.3111111111111111
a-doe,8,10,18,0.5555555555555556
collapse-why,1,1,2,0.5
a-snow,3,1,4,0.25
at-m,1,6,7,0.8571428571428571
before-i,14,9,23,0.391304347826087
be-so,35,5,40,0.125
comment-windstorm,6,2,8,0.25
get-my,33,6,39,0.15384615384615385
extremely-you,1,1,2,0.5
i-them,16,7,23,0.30434782608695654
??-work,2,1,3,0.3333333333333333
guy-to,9,8,17,0.47058823529411764
movie-shooting,1,2,3,0.6666666666666666
life-of,21,20,41,0.4878048780487805
catastrophic-u,1,1,2,0.5
be-profile,1,1,2,0.5
is-too,8,5,13,0.38461538461538464
can-who,4,2,6,0.3333333333333333
can-ha,1,1,2,0.5
real-weak,1,1,2,0.5
5-will,2,1,3,0.3333333333333333
on-online,2,1,3,0.3333333333333333
i-wild,1,5,6,0.8333333333333334
accuses-displaced,2,1,3,0.3333333333333333
said-up,1,1,2,0.5
&amp;-wind,1,2,3,0.6666666666666666
a-i'll,10,3,13,0.23076923076923078
hit-n,1,1,2,0.5
and-between,7,8,15,0.5333333333333333
full-hasbro,1,1,2,0.5
military-senator,1,2,3,0.6666666666666666
great-her,1,1,2,0.5
gonna-to,2,3,5,0.6
loose-your,3,1,4,0.25
by-gm!,5,1,6,0.16666666666666666
what-wild,1,2,3,0.6666666666666666
township-truck,1,4,5,0.8
against-are,3,1,4,0.25
at-mad,1,1,2,0.5
a-dude,3,3,6,0.5
screamed-with,1,1,2,0.5
causing-with,1,1,2,0.5
against-out,1,2,3,0.6666666666666666
at-you,35,11,46,0.2391304347826087
burning-down,1,10,11,0.9090909090909091
ago-that,1,3,4,0.75
n-this,4,2,6,0.3333333333333333
heart-her,1,3,4,0.75
the-wasn't,5,4,9,0.4444444444444444
for-reactor,3,1,4,0.25
iran-specially,1,10,11,0.9090909090909091
wa-watch,3,2,5,0.4
answer-like,1,1,2,0.5
from-stock,2,1,3,0.3333333333333333
like-that,36,17,53,0.32075471698113206
some-train,1,12,13,0.9230769230769231
last-more,2,2,4,0.5
low-this,1,1,2,0.5
a-leave,6,10,16,0.625
fire-live,2,1,3,0.3333333333333333
do-hellfire!,3,1,4,0.25
if-side,1,3,4,0.75
black-when,4,1,5,0.2
go-week,1,1,2,0.5
charged-death,2,3,5,0.6
i'm-wa,12,3,15,0.2
did-of,19,3,22,0.13636363636363635
about-you're,1,2,3,0.6666666666666666
in-shot,3,10,13,0.7692307692307693
music-video,5,1,6,0.16666666666666666
on-pm,1,4,5,0.8
explode-this,2,1,3,0.3333333333333333
annihilation-tonto,5,3,8,0.375
but-very,2,2,4,0.5
a-strike,2,11,13,0.8461538461538461
centre-cinema,1,4,5,0.8
asking-my,5,2,7,0.2857142857142857
have-your,16,6,22,0.2727272727272727
for-having,4,4,8,0.5
@corleonedaboss-there,2,1,3,0.3333333333333333
sassy-smoky,1,2,3,0.6666666666666666
her-our,1,1,2,0.5
deep-i,4,1,5,0.2
female-on,1,1,2,0.5
brother-on,2,1,3,0.3333333333333333
full-like,3,1,4,0.25
cost-fat,1,2,3,0.6666666666666666
brisk-mph,1,1,2,0.5
in-insane,1,1,2,0.5
everyone-from,1,5,6,0.8333333333333334
and-otherwise,1,1,2,0.5
--which,3,2,5,0.4
mass-will,1,1,2,0.5
transfer-virgil,1,2,3,0.6666666666666666
japanese-military,3,6,9,0.6666666666666666
#tree-a,1,1,2,0.5
--associated,3,1,4,0.25
one-well,2,1,3,0.3333333333333333
around-we,2,1,3,0.3333333333333333
--time2015-08-05,1,3,4,0.75
capture-terrorist,1,1,2,0.5
#reflect-humaza.,2,1,3,0.3333333333333333
--i'm,2,2,4,0.5
300-about,1,1,2,0.5
#breakingnews-of,1,1,2,0.5
possible-so,1,1,2,0.5
little-the,16,11,27,0.4074074074074074
assistant-of,1,1,2,0.5
#humanconsumption-loss,1,2,3,0.6666666666666666
in-market,18,7,25,0.28
chair-the,2,2,4,0.5
on-site,1,4,5,0.8
another-tragedy,1,1,2,0.5
fine-well,1,1,2,0.5
british-dorret's,1,1,2,0.5
anymore-from,1,1,2,0.5
on-run,5,6,11,0.5454545454545454
it-truck,2,2,4,0.5
obliterated-will,1,1,2,0.5
burn-our,1,1,2,0.5
black-dude,1,1,2,0.5
fall-my,3,3,6,0.5
and-justice,1,1,2,0.5
area-emergency,2,1,3,0.3333333333333333
least-new,1,2,3,0.6666666666666666
bb4sp-planned,2,1,3,0.3333333333333333
annihilation-service,5,3,8,0.375
go-here,1,2,3,0.6666666666666666
failure:-inspection,1,1,2,0.5
i-man,8,2,10,0.2
catch-wa,1,1,2,0.5
car-into,4,6,10,0.6
ig-in,1,1,2,0.5
of-time2015-08-06,1,8,9,0.8888888888888888
a-loss,1,2,3,0.6666666666666666
catastrophe.-ultimate,2,2,4,0.5
be-pandemonium,1,1,2,0.5
for-looking,10,2,12,0.16666666666666666
law-the,4,2,6,0.3333333333333333
bringing-who,8,4,12,0.3333333333333333
about-want,7,3,10,0.3
public-the,8,5,13,0.38461538461538464
around-to,8,4,12,0.3333333333333333
that-today,1,2,3,0.6666666666666666
emergency-who,1,3,4,0.75
nearby.-wind,13,3,16,0.1875
mean-that,5,1,6,0.16666666666666666
end-on,3,3,6,0.5
be-group,2,3,5,0.6
accidentally-in,1,1,2,0.5
on-worth,1,1,2,0.5
and-oh,10,4,14,0.2857142857142857
terrorist-will,1,2,3,0.6666666666666666
among-in,1,2,3,0.6666666666666666
8-death,2,4,6,0.6666666666666666
illegal-structure,4,1,5,0.2
http://t.co/cybksxhf7d-my,1,1,2,0.5
since-will,1,1,2,0.5
in-weapons!,1,1,2,0.5
firefighter-to,1,14,15,0.9333333333333333
his-that,14,3,17,0.17647058823529413
and-possible,4,3,7,0.42857142857142855
by-investigating,1,1,2,0.5
get-tho,1,1,2,0.5
among-bridge,1,1,2,0.5
in-video),1,1,2,0.5
fell-off,2,2,4,0.5
chicago-the,1,5,6,0.8333333333333334
ben-music,1,1,2,0.5
in-world,10,9,19,0.47368421052631576
co.-in,1,1,2,0.5
not-previous,1,2,3,0.6666666666666666
of-pic,4,16,20,0.8
fire-full,1,2,3,0.6666666666666666
change.-climate,2,1,3,0.3333333333333333
fire-over,1,5,6,0.8333333333333334
a-passing,2,1,3,0.3333333333333333
shape-with,16,2,18,0.1111111111111111
in-multiple,2,2,4,0.5
'save-if,4,2,6,0.3333333333333333
21:1023-high,1,1,2,0.5
our-what,2,2,4,0.5
collapse-this,2,1,3,0.3333333333333333
been-would,6,3,9,0.3333333333333333
people-today,1,1,2,0.5
cool-is,6,1,7,0.14285714285714285
60-at,1,1,2,0.5
suffer-to,2,1,3,0.3333333333333333
can-two,5,1,6,0.16666666666666666
a-way,20,12,32,0.375
blown-how,1,1,2,0.5
a-need,32,14,46,0.30434782608695654
&amp;-horse,2,2,4,0.5
fleet-totaling,8,1,9,0.1111111111111111
in-trauma.,1,1,2,0.5
i'm-it,11,4,15,0.26666666666666666
five-up,1,1,2,0.5
building-oooooohhhh,1,1,2,0.5
listen-picked!,2,1,3,0.3333333333333333
a-cab,1,1,2,0.5
against-is,5,3,8,0.375
feeling-sinking,5,3,8,0.375
already-in,6,6,12,0.5
love-playing,2,1,3,0.3333333333333333
from-one,8,5,13,0.38461538461538464
#pdx911-or,1,1,2,0.5
like-perfect,1,1,2,0.5
fall-really,1,1,2,0.5
now-who,1,1,2,0.5
a-ep,1,2,3,0.6666666666666666
it-me,37,14,51,0.27450980392156865
definitely-is,4,1,5,0.2
apocalypse-took,1,1,2,0.5
deal-this,2,1,3,0.3333333333333333
greg-in,2,1,3,0.3333333333333333
didnt-to,1,1,2,0.5
scary-you,2,1,3,0.3333333333333333
said-that,6,1,7,0.14285714285714285
is-now!,6,1,7,0.14285714285714285
ain't-body,1,1,2,0.5
prime-the,3,1,4,0.25
#forever-#wealth,2,1,3,0.3333333333333333
@foxnews-the,1,3,4,0.75
allegiance-epic,1,1,2,0.5
day-that,14,6,20,0.3
based-the,4,1,5,0.2
course-crash,4,2,6,0.3333333333333333
in-window,1,1,2,0.5
all-them,4,2,6,0.3333333333333333
#preparedness-over,1,2,3,0.6666666666666666
angry-cinema,1,4,5,0.8
everyone-should,1,1,2,0.5
about-talking,2,3,5,0.6
live-so,2,1,3,0.3333333333333333
or-won't,1,1,2,0.5
fire-knife,1,1,2,0.5
by-http://t.co/0wratka2jl,2,1,3,0.3333333333333333
her-sex,1,1,2,0.5
&amp;-first,1,1,2,0.5
drake-this,1,2,3,0.6666666666666666
census-five,1,1,2,0.5
before-not,4,1,5,0.2
doing-they,3,1,4,0.25
colorado-in,1,3,4,0.75
burn-two,1,1,2,0.5
heat-with,2,1,3,0.3333333333333333
alone-the,10,4,14,0.2857142857142857
again-didn't,1,1,2,0.5
known-of,2,1,3,0.3333333333333333
support-the,9,8,17,0.47058823529411764
what-would,7,7,14,0.5
a-case,3,6,9,0.6666666666666666
even-lead,3,1,4,0.25
over-truck,1,1,2,0.5
are-body,2,19,21,0.9047619047619048
because-wanted,1,1,2,0.5
&amp;-my,34,8,42,0.19047619047619047
responder-so,1,1,2,0.5
desolate.-it,1,1,2,0.5
attack-on,4,8,12,0.6666666666666666
from-no,6,7,13,0.5384615384615384
ever-it,5,3,8,0.375
2pcs-full,3,1,4,0.25
happened-wtf,1,1,2,0.5
$300000-verdict,1,1,2,0.5
for-how,7,4,11,0.36363636363636365
kinda-that,1,1,2,0.5
don't-he's,3,2,5,0.4
burned-have,3,2,5,0.4
because-who,2,1,3,0.3333333333333333
idps:-woman,2,1,3,0.3333333333333333
engulfed-i.e.,4,2,6,0.3333333333333333
war-zone.,4,2,6,0.3333333333333333
on-solve,2,1,3,0.3333333333333333
river-very,1,1,2,0.5
a-too.,3,1,4,0.25
baby-from,1,1,2,0.5
an-can't,5,1,6,0.16666666666666666
no-uk,1,1,2,0.5
and...-in,3,4,7,0.5714285714285714
in-move,3,4,7,0.5714285714285714
and-ask,2,1,3,0.3333333333333333
health-with,2,1,3,0.3333333333333333
no-trapped,1,2,3,0.6666666666666666
bad-think,1,1,2,0.5
crazy-of,3,1,4,0.25
quiz:-take,13,2,15,0.13333333333333333
will-you,54,7,61,0.11475409836065574
like-shit,8,5,13,0.38461538461538464
be-in,80,36,116,0.3103448275862069
even-it's,2,1,3,0.3333333333333333
content-subreddits,15,2,17,0.11764705882352941
a-sense,7,1,8,0.125
favorite-of,7,1,8,0.125
opposite-saving,2,2,4,0.5
are-reporting,1,1,2,0.5
away-of,7,1,8,0.125
fact-watch,1,1,2,0.5
to-two,8,10,18,0.5555555555555556
because-like,9,2,11,0.18181818181818182
i-ross,2,2,4,0.5
an-i,32,13,45,0.28888888888888886
it-wow,1,1,2,0.5
made-off,1,1,2,0.5
for-there's,4,4,8,0.5
starting-what,2,1,3,0.3333333333333333
heard-to,17,4,21,0.19047619047619047
heat-you,3,1,4,0.25
expected-is,1,2,3,0.6666666666666666
'i'm-in,2,1,3,0.3333333333333333
a-million,2,3,5,0.6
child-than,2,1,3,0.3333333333333333
must-with,2,2,4,0.5
be-for,42,15,57,0.2631578947368421
confirmed-of,1,8,9,0.8888888888888888
rather-you,3,1,4,0.25
dying-not,2,1,3,0.3333333333333333
a-military,5,4,9,0.4444444444444444
mph-pace,1,1,2,0.5
hit-wa,2,4,6,0.6666666666666666
a-swallowed,1,48,49,0.9795918367346939
out-were,2,2,4,0.5
--help,1,1,2,0.5
by-save,1,1,2,0.5
hazardous-health.,1,1,2,0.5
massacre-me,2,1,3,0.3333333333333333
do-don't,6,5,11,0.45454545454545453
how-le,2,1,3,0.3333333333333333
liked-mayhem!,1,1,2,0.5
be-cyclone,2,1,3,0.3333333333333333
up-utterly,1,2,3,0.6666666666666666
a-town,6,2,8,0.25
two-who,1,2,3,0.6666666666666666
go-off,2,1,3,0.3333333333333333
will-worst,2,1,3,0.3333333333333333
boat-mining,3,1,4,0.25
for-fuck,2,1,3,0.3333333333333333
feminist-of,5,1,6,0.16666666666666666
landslide-of,2,5,7,0.7142857142857143
death-new,1,3,4,0.75
la-red-light,1,1,2,0.5
by-is,35,15,50,0.3
the-waste,1,2,3,0.6666666666666666
for-good,10,1,11,0.09090909090909091
not-world,1,1,2,0.5
&amp;-down,6,1,7,0.14285714285714285
back-up,4,1,5,0.2
#lgbt-bar,4,1,5,0.2
chemical-on,1,2,3,0.6666666666666666
#irandeal-you,2,1,3,0.3333333333333333
emergency-wire,1,1,2,0.5
#aoms-smoky,1,2,3,0.6666666666666666
@potus-of,1,1,2,0.5
dude-this,1,4,5,0.8
fire-if,1,1,2,0.5
on-thunder,1,3,4,0.75
in-taken,4,8,12,0.6666666666666666
ancient-mayan,7,1,8,0.125
out-these,3,2,5,0.4
of-shame,1,2,3,0.6666666666666666
know-who,7,2,9,0.2222222222222222
ha-we,6,1,7,0.14285714285714285
4-v,1,2,3,0.6666666666666666
in-money,3,1,4,0.25
animal!-|,2,1,3,0.3333333333333333
#thanku-the,2,1,3,0.3333333333333333
know-supposed,1,1,2,0.5
here-my,6,4,10,0.4
make-shape,7,1,8,0.125
fire-some,1,4,5,0.8
for-not,31,13,44,0.29545454545454547
at-top,1,1,2,0.5
for-upheaval,2,1,3,0.3333333333333333
displaced-relief,2,1,3,0.3333333333333333
every-your,1,5,6,0.8333333333333334
to-ûò,8,5,13,0.38461538461538464
pres:-to,1,2,3,0.6666666666666666
involving-star,8,1,9,0.1111111111111111
it-this,29,21,50,0.42
a-someone,16,7,23,0.30434782608695654
to-utter,1,2,3,0.6666666666666666
the-yes,5,2,7,0.2857142857142857
are-like,24,8,32,0.25
??????-allegiance,1,1,2,0.5
dont-in,3,3,6,0.5
slowly-to,1,1,2,0.5
chose-so,1,1,2,0.5
beach-in,3,1,4,0.25
is-prophet,4,2,6,0.3333333333333333
box-to,2,1,3,0.3333333333333333
a-out.,2,4,6,0.6666666666666666
find-it,3,1,4,0.25
ain't-and,2,1,3,0.3333333333333333
3-navy,4,4,8,0.5
do-rally,1,2,3,0.6666666666666666
fte-rn,1,1,2,0.5
a-stay,4,1,5,0.2
in-long,6,3,9,0.3333333333333333
any-you,6,1,7,0.14285714285714285
lava-power,3,2,5,0.4
government-structure,5,1,6,0.16666666666666666
country-on,1,1,2,0.5
criminal-from,1,1,2,0.5
'i'm-a,1,2,3,0.6666666666666666
next-on,9,2,11,0.18181818181818182
police-santa,1,2,3,0.6666666666666666
@-player,1,1,2,0.5
a-degree,1,3,4,0.75
for-ill,1,1,2,0.5
for-west,1,1,2,0.5
marine-wa,1,1,2,0.5
most-wa,3,3,6,0.5
0-on,1,1,2,0.5
no-tragedy,1,1,2,0.5
there-thing,1,1,2,0.5
i-went,15,9,24,0.375
see-their,4,1,5,0.2
a-top,1,6,7,0.8571428571428571
the-woman,8,3,11,0.2727272727272727
hazardous-may,1,2,3,0.6666666666666666
over-this,1,2,3,0.6666666666666666
reminds-trent,1,1,2,0.5
petition!take-stand,1,1,2,0.5
#rickperry-sanctions.,1,2,3,0.6666666666666666
an-evacuation,1,4,5,0.8
4x4-bar,6,1,7,0.14285714285714285
fav-my,4,1,5,0.2
a-stab,2,4,6,0.6666666666666666
many-to,11,6,17,0.35294117647058826
to-your,97,27,124,0.21774193548387097
evil-will,1,1,2,0.5
notice-to,1,1,2,0.5
people-piling,2,1,3,0.3333333333333333
after-there,1,3,4,0.75
3-via,1,2,3,0.6666666666666666
a-hoe,1,1,2,0.5
pray-that,6,1,7,0.14285714285714285
crap-of,2,1,3,0.3333333333333333
#art-oak,1,1,2,0.5
of-zone,8,2,10,0.2
led-light,15,2,17,0.11764705882352941
*-weather,2,2,4,0.5
policy-quarantined,16,2,18,0.1111111111111111
11-to,1,1,2,0.5
shot.-to,1,2,3,0.6666666666666666
of-peace,5,3,8,0.375
collided-in,2,17,19,0.8947368421052632
august-the,10,7,17,0.4117647058823529
internally-people;,1,4,5,0.8
if-think,4,1,5,0.2
ruin-your,10,1,11,0.09090909090909091
is-teacher,1,1,2,0.5
arson-via,2,1,3,0.3333333333333333
at-when,17,11,28,0.39285714285714285
ha-someone,2,1,3,0.3333333333333333
@-radio:,1,1,2,0.5
by-last,2,5,7,0.7142857142857143
come-here,1,2,3,0.6666666666666666
hour-still,2,2,4,0.5
is-question,1,3,4,0.75
police-time,1,4,5,0.8
the-upset,3,2,5,0.4
doesn't-faced,1,2,3,0.6666666666666666
boot-in,1,2,3,0.6666666666666666
force-with,3,1,4,0.25
use-weapon,2,3,5,0.6
by-|,5,4,9,0.4444444444444444
should-so,5,2,7,0.2857142857142857
cinema-odeon,1,4,5,0.8
and-burst,1,2,3,0.6666666666666666
are-they,31,19,50,0.38
even-half,5,2,7,0.2857142857142857
cant-is,4,2,6,0.3333333333333333
a-perfect,3,1,4,0.25
cindy-in,1,1,2,0.5
from-rock,1,2,3,0.6666666666666666
keep-petition,3,1,4,0.25
a-player,3,2,5,0.4
can-these,6,2,8,0.25
dreaming-i,2,1,3,0.3333333333333333
annihilated-year,1,1,2,0.5
thing-up,5,3,8,0.375
#9-gunshot,1,1,2,0.5
--hasbro,1,1,2,0.5
in-root,1,1,2,0.5
big-on,4,2,6,0.3333333333333333
--rock,4,2,6,0.3333333333333333
#sm-utc2015-08-05,1,2,3,0.6666666666666666
change-not,6,1,7,0.14285714285714285
like-weak,2,2,4,0.5
of-those,9,26,35,0.7428571428571429
at-cross,1,1,2,0.5
investigating-pedestrian,1,1,2,0.5
in-survey,1,1,2,0.5
eye-not,2,2,4,0.5
'death-bash,1,1,2,0.5
alarm-fan,1,1,2,0.5
be-down,2,1,3,0.3333333333333333
blast-what,13,3,16,0.1875
cyclone-it,1,4,5,0.8
shook-the,3,1,4,0.25
i-ûò,2,1,3,0.3333333333333333
cause-weather,1,1,2,0.5
population-wolf,1,1,2,0.5
a-inundated,10,6,16,0.375
far-of,6,4,10,0.4
@gerenciatodos-market,1,1,2,0.5
do-|,12,3,15,0.2
by-inundated,3,2,5,0.4
http://t.co/bbdpnj8xsx-of,2,1,3,0.3333333333333333
am-that,6,2,8,0.25
bash-obama,1,1,2,0.5
is-sorry,1,2,3,0.6666666666666666
#photography-snowstorm,1,1,2,0.5
come-where,5,1,6,0.16666666666666666
him-only,1,1,2,0.5
more-movie,1,1,2,0.5
about-where,1,3,4,0.75
saw-starter,1,1,2,0.5
a-england,1,1,2,0.5
engulfed-to,6,2,8,0.25
internally-screaming,1,1,2,0.5
fun-of,8,1,9,0.1111111111111111
accept-be,1,1,2,0.5
--boeing,1,1,2,0.5
#flooding--,1,2,3,0.6666666666666666
one-your,5,1,6,0.16666666666666666
of-ten,2,4,6,0.6666666666666666
for-president,1,2,3,0.6666666666666666
nigga-other,2,1,3,0.3333333333333333
from-god,1,1,2,0.5
...-at,3,25,28,0.8928571428571429
griefûª-notice,1,4,5,0.8
all-around,2,2,4,0.5
20-of,1,2,3,0.6666666666666666
my-say,4,1,5,0.2
obliterate-sarah,2,1,3,0.3333333333333333
because-same,1,1,2,0.5
#allah-#hellfire,2,1,3,0.3333333333333333
game-my,6,2,8,0.25
day-to,28,9,37,0.24324324324324326
:p-the,1,1,2,0.5
next-thing,1,1,2,0.5
are-i'm,6,3,9,0.3333333333333333
for-plan,10,6,16,0.375
say-so,2,3,5,0.6
money-the,4,2,6,0.3333333333333333
business-or,10,2,12,0.16666666666666666
population-to,1,1,2,0.5
http://t.co/9nwajli9cr-my,1,1,2,0.5
from-their,4,6,10,0.6
be-gonna,6,2,8,0.25
a-search,1,14,15,0.9333333333333333
sewer-to,1,1,2,0.5
to-weather,3,3,6,0.5
be-only,3,2,5,0.4
#islam-it,4,2,6,0.3333333333333333
--delivers,4,3,7,0.42857142857142855
is-still,13,8,21,0.38095238095238093
dead-war,2,3,5,0.6
prevent-to,6,3,9,0.3333333333333333
way-with,1,1,2,0.5
...-user,1,1,2,0.5
already-the,11,5,16,0.3125
an-dangerous,1,1,2,0.5
hunt...-interest,1,1,2,0.5
2pcs-light,3,1,4,0.25
#tech-and,1,1,2,0.5
now-offensive,18,2,20,0.1
at-riot,1,3,4,0.75
i-know,54,21,75,0.28
7-a,4,2,6,0.3333333333333333
dont-this,3,1,4,0.25
prevent-that,1,1,2,0.5
lady-patience,2,2,4,0.5
evacuate-everyone,1,4,5,0.8
a-cry,7,3,10,0.3
bang-just,14,4,18,0.2222222222222222
on-ship,1,1,2,0.5
even-started,1,1,2,0.5
escape-in,1,16,17,0.9411764705882353
#islam!-not,1,1,2,0.5
displaced-the,5,8,13,0.6153846153846154
used-weapon,1,3,4,0.75
applies-the,1,2,3,0.6666666666666666
deal-would,1,2,3,0.6666666666666666
an-beach,1,1,2,0.5
ha-say,5,5,10,0.5
13-a,2,1,3,0.3333333333333333
collapse-out,1,2,3,0.6666666666666666
in-large,1,8,9,0.8888888888888888
lightning-mineral's,2,2,4,0.5
deluged-likely,7,1,8,0.125
#newsintweets-...,1,2,3,0.6666666666666666
but-so,32,3,35,0.08571428571428572
ever-started,1,1,2,0.5
a-worse,2,1,3,0.3333333333333333
a-collapse,5,30,35,0.8571428571428571
a-into,45,46,91,0.5054945054945055
of-power,2,3,5,0.6
i-neighbour's,13,3,16,0.1875
my-rep,1,1,2,0.5
belief-will,1,1,2,0.5
can't-into,1,1,2,0.5
a-wanna,16,3,19,0.15789473684210525
and-expert,1,1,2,0.5
appears-loud,13,3,16,0.1875
hijacker-rt,1,1,2,0.5
after-over,7,11,18,0.6111111111111112
missed-the,1,1,2,0.5
daughter-said,1,1,2,0.5
aircraft-of,1,9,10,0.9
meltdown-some,1,1,2,0.5
3g-time,3,3,6,0.5
bloody-on,2,1,3,0.3333333333333333
.-big,1,1,2,0.5
&amp;-sure,1,2,3,0.6666666666666666
mass-right,1,1,2,0.5
about-their,3,2,5,0.4
an-mountain,1,2,3,0.6666666666666666
could-my,6,1,7,0.14285714285714285
about-chile:,7,5,12,0.4166666666666667
i.e.-it,4,2,6,0.3333333333333333
may-out,3,1,4,0.25
of-seeing,4,1,5,0.2
first-those,1,2,3,0.6666666666666666
did-literally,1,1,2,0.5
how-murderer,2,1,3,0.3333333333333333
#womens-cross,5,1,6,0.16666666666666666
girl-her,4,1,5,0.2
california-weighs,1,1,2,0.5
by-night,1,1,2,0.5
strike-we,1,1,2,0.5
3-sub,3,2,5,0.4
&lt;3-i,3,1,4,0.25
i'm-it.,6,1,7,0.14285714285714285
battling-the,1,1,2,0.5
:-collapse,1,1,2,0.5
idea-what,1,1,2,0.5
they-were,5,5,10,0.5
full-house,3,1,4,0.25
dog-rescued,5,2,7,0.2857142857142857
'protest'-a,1,2,3,0.6666666666666666
rolling-the,1,4,5,0.8
drowned-this,1,1,2,0.5
car-charger,1,1,2,0.5
everyone-one,2,1,3,0.3333333333333333
lie-to,5,3,8,0.375
careless-is,1,1,2,0.5
a-whirlwind.,1,1,2,0.5
rubble-the,2,5,7,0.7142857142857143
death-wa,1,7,8,0.875
ink-you,2,1,3,0.3333333333333333
batter-the,3,1,4,0.25
found-tablet,1,1,2,0.5
can-much,2,1,3,0.3333333333333333
would-year,3,1,4,0.25
fire.-of,1,4,5,0.8
fire-hazard,2,2,4,0.5
drone-over,1,1,2,0.5
!-are,1,1,2,0.5
:-a,5,8,13,0.6153846153846154
emotional-wreck,5,1,6,0.16666666666666666
have-my,40,6,46,0.13043478260869565
know-with,4,2,6,0.3333333333333333
she-when,3,1,4,0.25
a-photo,5,3,8,0.375
by-failure,1,10,11,0.9090909090909091
is-office,1,1,2,0.5
look-without,2,1,3,0.3333333333333333
a-thousand,4,5,9,0.5555555555555556
is-out.,1,1,2,0.5
burned-by,2,1,3,0.3333333333333333
a-working,1,2,3,0.6666666666666666
#ban-#foodscare,1,2,3,0.6666666666666666
o-of,1,1,2,0.5
another-had,1,1,2,0.5
in-mohammed,1,1,2,0.5
destroyed-when,1,2,3,0.6666666666666666
centre-following,1,4,5,0.8
car-she,1,1,2,0.5
do-trying,2,1,3,0.3333333333333333
hughes-wa,3,1,4,0.25
someone-will,2,1,3,0.3333333333333333
risk-rt,1,1,2,0.5
know-year,2,1,3,0.3333333333333333
it-it's,12,9,21,0.42857142857142855
mean-them,1,1,2,0.5
machine-to,1,1,2,0.5
a-because,14,5,19,0.2631578947368421
collapsed-he,5,1,6,0.16666666666666666
i-stopped,4,2,6,0.3333333333333333
and-surrounded,4,1,5,0.2
from-so,6,6,12,0.5
one-the,93,50,143,0.34965034965034963
him)-if,4,2,6,0.3333333333333333
everyone-had,3,1,4,0.25
danger-for,4,5,9,0.5555555555555556
(twia)-approves,1,1,2,0.5
and-seen,3,2,5,0.4
he-his,41,9,50,0.18
by-city,1,2,3,0.6666666666666666
1-child,1,1,2,0.5
arriving-body,1,1,2,0.5
heard-wind,13,4,17,0.23529411764705882
--suicide,1,19,20,0.95
#farrakhan-and,2,1,3,0.3333333333333333
an-wanna,2,1,3,0.3333333333333333
stand-yours,8,1,9,0.1111111111111111
a-early,2,3,5,0.6
meme-on,3,1,4,0.25
:-china's,2,2,4,0.5
7-totaling,1,1,2,0.5
on-seek,8,4,12,0.3333333333333333
like-more,11,2,13,0.15384615384615385
all-nothing,2,1,3,0.3333333333333333
annual-the,1,3,4,0.75
read-~,1,1,2,0.5
it-who,8,2,10,0.2
are-child,3,2,5,0.4
my-only,9,2,11,0.18181818181818182
(ft.-m.o.p.),1,1,2,0.5
china-in,1,2,3,0.6666666666666666
like-natural,2,3,5,0.6
cyclist-who,1,4,5,0.8
about-cliff,1,1,2,0.5
country-girl,1,2,3,0.6666666666666666
for-live,6,2,8,0.25
love-or,6,1,7,0.14285714285714285
tonightûªs-watch,1,1,2,0.5
known-well,1,1,2,0.5
and-victim,1,2,3,0.6666666666666666
lot-u,1,1,2,0.5
soudelor-super,1,1,2,0.5
droid-read,1,1,2,0.5
chase-winston,1,1,2,0.5
lovely-murder?,1,1,2,0.5
a-leader,3,4,7,0.5714285714285714
a-venezuela,2,1,3,0.3333333333333333
for-ûó,1,1,2,0.5
massacre-to,5,7,12,0.5833333333333334
m.o.p.-ûò,1,1,2,0.5
all...-and,3,1,4,0.25
#gbbo-it's,1,3,4,0.75
on-they're,1,6,7,0.8571428571428571
for-obliterate,5,1,6,0.16666666666666666
fully-the,2,1,3,0.3333333333333333
#best-new,4,1,5,0.2
sense-so,2,1,3,0.3333333333333333
failure-structural,10,20,30,0.6666666666666666
...-wa,4,4,8,0.5
8-an,3,2,5,0.4
at-no,5,10,15,0.6666666666666666
neighbour's-news!,13,3,16,0.1875
be-wa,8,6,14,0.42857142857142855
from-now,1,7,8,0.875
2pcs-boat,3,1,4,0.25
heat-ûò,1,1,2,0.5
prince-the,3,3,6,0.5
did-it,13,2,15,0.13333333333333333
been-it,21,16,37,0.43243243243243246
his-while,2,1,3,0.3333333333333333
climate-not,1,1,2,0.5
on-other,3,1,4,0.25
cause-just,1,1,2,0.5
notexplained:-only,1,1,2,0.5
can-please,2,1,3,0.3333333333333333
a-thing,18,10,28,0.35714285714285715
#myfitnesspal-calorie,1,1,2,0.5
????-this,3,3,6,0.5
any-for,9,3,12,0.25
pilot-with,1,1,2,0.5
research-to,4,2,6,0.3333333333333333
appears-breaking,13,3,16,0.1875
6-8-pin,1,1,2,0.5
driving-my,1,2,3,0.6666666666666666
via-wild,5,5,10,0.5
and-rise,10,5,15,0.3333333333333333
honestly-with,1,1,2,0.5
german-the,5,2,7,0.2857142857142857
them-will,4,3,7,0.42857142857142855
for-sanctions.,1,2,3,0.6666666666666666
of-storm,9,19,28,0.6785714285714286
in-pandemonium,8,5,13,0.38461538461538464
of-without,5,3,8,0.375
eyewitness-ûò,1,1,2,0.5
an-his,2,2,4,0.5
#bioterror-cut,1,2,3,0.6666666666666666
problem-this,5,2,7,0.2857142857142857
a-playlist,24,4,28,0.14285714285714285
#prebreak-iran,1,7,8,0.875
i-please,12,1,13,0.07692307692307693
it-soon,2,1,3,0.3333333333333333
line-of,2,5,7,0.7142857142857143
j.-war,1,1,2,0.5
santa-the,1,3,4,0.75
or-those,2,1,3,0.3333333333333333
last-with,4,2,6,0.3333333333333333
faux-purse,10,1,11,0.09090909090909091
be-take,3,2,5,0.4
--wire,1,1,2,0.5
bc-been,1,1,2,0.5
blown-not,1,1,2,0.5
to-traffic,6,1,7,0.14285714285714285
ha-the,96,75,171,0.43859649122807015
#jonathanferrell-only,1,1,2,0.5
govt-the,3,4,7,0.5714285714285714
of-test,1,1,2,0.5
casualty-one,1,2,3,0.6666666666666666
evacuate-on,1,2,3,0.6666666666666666
a-voice,6,2,8,0.25
little-nuclear,1,1,2,0.5
is-let,9,1,10,0.1
line-will,1,1,2,0.5
caution:-hazardous,1,1,2,0.5
her-nude,1,1,2,0.5
go-mom,1,1,2,0.5
ground-then,1,1,2,0.5
burning-by,3,2,5,0.4
do-gotta,2,1,3,0.3333333333333333
even-wa,5,1,6,0.16666666666666666
like-today,2,3,5,0.6
iran-they,1,2,3,0.6666666666666666
ben-video,1,1,2,0.5
hurt-is,3,1,4,0.25
am-you,4,2,6,0.3333333333333333
a-minute,3,51,54,0.9444444444444444
the-trillion,1,1,2,0.5
4km-interlaken,1,1,2,0.5
8-their,1,2,3,0.6666666666666666
drown-out,6,1,7,0.14285714285714285
involving-with,8,1,9,0.1111111111111111
full-rainstorm,1,1,2,0.5
fatality-me,2,1,3,0.3333333333333333
be-very,2,2,4,0.5
ornament-tank,2,2,4,0.5
10-rt,1,1,2,0.5
integrity-via,1,1,2,0.5
naved-the,1,2,3,0.6666666666666666
part-the,17,15,32,0.46875
story-there,1,1,2,0.5
help-police,2,1,3,0.3333333333333333
four-were,1,2,3,0.6666666666666666
at-come,3,2,5,0.4
and-never,15,3,18,0.16666666666666666
friend-so,1,1,2,0.5
and-yours,10,1,11,0.09090909090909091
blood-with,2,3,5,0.6
https://t.co/e8dl1lncvu-voice,2,1,3,0.3333333333333333
commerce-of,1,2,3,0.6666666666666666
down-shut,2,6,8,0.75
beam-truck,3,1,4,0.25
im-to,7,3,10,0.3
but-dog,2,2,4,0.5
&amp;-latest,2,1,3,0.3333333333333333
is-off,8,6,14,0.42857142857142855
i-moved,1,1,2,0.5
a-ablaze,3,1,4,0.25
natural-of,6,8,14,0.5714285714285714
how-olap,1,2,3,0.6666666666666666
target-virgil,1,2,3,0.6666666666666666
after-having,3,1,4,0.25
down-i,16,4,20,0.2
in-snow,2,4,6,0.6666666666666666
on-war,1,5,6,0.8333333333333334
is-there,30,18,48,0.375
forest-toilet,1,1,2,0.5
paul-to,2,1,3,0.3333333333333333
new-so,6,1,7,0.14285714285714285
1-black,2,1,3,0.3333333333333333
coming-tsunami,3,3,6,0.5
got-more,2,2,4,0.5
i-shock,1,1,2,0.5
ur-when,3,2,5,0.4
i-worse,2,2,4,0.5
ave-md,1,4,5,0.8
top-with,23,2,25,0.08
hellfire-him),4,2,6,0.3333333333333333
crashed-to,4,5,9,0.5555555555555556
and-health,3,1,4,0.25
in-on,64,117,181,0.6464088397790055
obliterate-women!,2,1,3,0.3333333333333333
round-the,2,1,3,0.3333333333333333
cyclone-to,1,5,6,0.8333333333333334
forest-is,2,6,8,0.75
i'm-thanks,1,1,2,0.5
--week,1,1,2,0.5
causing-it,2,2,4,0.5
suffering-the,2,1,3,0.3333333333333333
a-holding,2,10,12,0.8333333333333334
been-just,3,3,6,0.5
ha-shit,1,1,2,0.5
and-worse,1,1,2,0.5
syrian-turkish,2,2,4,0.5
is-need,15,5,20,0.25
summer-å¨,1,1,2,0.5
1-is,2,2,4,0.5
were-where,1,5,6,0.8333333333333334
--factory,1,1,2,0.5
from-heard,15,4,19,0.21052631578947367
are-people,18,11,29,0.3793103448275862
life-those,1,1,2,0.5
and-felt,5,7,12,0.5833333333333334
be-to,159,63,222,0.28378378378378377
more-risk,1,1,2,0.5
wave-when,2,4,6,0.6666666666666666
accept-by,1,1,2,0.5
??-life,1,2,3,0.6666666666666666
is-state,2,8,10,0.8
nw-w/,2,1,3,0.3333333333333333
cross-seven,1,1,2,0.5
should-they,6,3,9,0.3333333333333333
mt-not,1,1,2,0.5
70-don't,1,1,2,0.5
think-to,27,10,37,0.2702702702702703
wa-what,15,3,18,0.16666666666666666
except-in,1,1,2,0.5
being-stop,1,3,4,0.75
#quote-america,2,1,3,0.3333333333333333
building-weak,1,1,2,0.5
fact-more,1,1,2,0.5
let-surrounded,4,1,5,0.2
a-survey,1,1,2,0.5
devastated-if,1,1,2,0.5
the-throwing,3,1,4,0.25
instead-with,2,1,3,0.3333333333333333
me-send,5,1,6,0.16666666666666666
hazardous-jax,1,1,2,0.5
at-least.,1,1,2,0.5
iranian-ted,1,1,2,0.5
--public,1,1,2,0.5
but-dude,1,1,2,0.5
health-the,2,2,4,0.5
exploded-shot,1,1,2,0.5
and-responder,4,4,8,0.5
before-he,4,1,5,0.2
eye-you,7,1,8,0.125
a-dr.,1,1,2,0.5
in-time,22,10,32,0.3125
in.-the,5,2,7,0.2857142857142857
cruz-police,1,1,2,0.5
centre-conference,3,1,4,0.25
court-pakistan,3,2,5,0.4
i'm-ready,3,1,4,0.25
follow-for,2,1,3,0.3333333333333333
60%-elephant,1,1,2,0.5
:)-where,1,2,3,0.6666666666666666
careful-desire,8,2,10,0.2
own-the,7,2,9,0.2222222222222222
#insurance-seek,1,1,2,0.5
25-to,1,4,5,0.8
apparently-wa,1,1,2,0.5
for-radio,1,1,2,0.5
specimen-transport,2,1,3,0.3333333333333333
dc-for,1,1,2,0.5
and-yes,2,2,4,0.5
by-survive,1,1,2,0.5
perhaps-the,1,3,4,0.75
democrat-the,1,2,3,0.6666666666666666
for-hostage,4,1,5,0.2
100-be,1,1,2,0.5
#nestleindia-and,1,2,3,0.6666666666666666
capture-from,1,2,3,0.6666666666666666
that-what,7,5,12,0.4166666666666667
allows-governor,2,9,11,0.8181818181818182
are-life,2,2,4,0.5
level-usa,1,1,2,0.5
black-with,10,2,12,0.16666666666666666
disaster-not,1,2,3,0.6666666666666666
about-that?,1,1,2,0.5
and-environmental,1,1,2,0.5
ep-video,1,1,2,0.5
back-life,1,2,3,0.6666666666666666
house-new,1,1,2,0.5
battle-to,5,2,7,0.2857142857142857
obama-shouting,1,1,2,0.5
cree-work,11,2,13,0.15384615384615385
stabbing-û÷politics,1,4,5,0.8
desolation.-of,1,1,2,0.5
a-kill,4,9,13,0.6923076923076923
of-search,2,4,6,0.6666666666666666
dead.-in,1,1,2,0.5
class.-to,1,1,2,0.5
2015-it,1,2,3,0.6666666666666666
attack-the,23,14,37,0.3783783783783784
great-just,3,1,4,0.25
#reflect-describes,2,1,3,0.3333333333333333
it-picked!,2,1,3,0.3333333333333333
by-friend,1,1,2,0.5
me.-that,2,1,3,0.3333333333333333
on-out,20,8,28,0.2857142857142857
have-tell,4,2,6,0.3333333333333333
in-night,7,3,10,0.3
drowning-to,3,1,4,0.25
ha-sky's,1,1,2,0.5
the-they,74,45,119,0.37815126050420167
...-emergency,2,1,3,0.3333333333333333
it's-those,1,2,3,0.6666666666666666
a-earlier.,1,1,2,0.5
his-via,2,3,5,0.6
ha-it,32,8,40,0.2
how-mohammed,1,1,2,0.5
doing-the,16,4,20,0.2
from-if,5,2,7,0.2857142857142857
all!-the,1,1,2,0.5
a-stephen,1,1,2,0.5
&amp;-work,2,2,4,0.5
recovery-you,1,1,2,0.5
between-in,2,2,4,0.5
affected-disaster,1,1,2,0.5
all-reason,2,1,3,0.3333333333333333
bigamist-the,2,1,3,0.3333333333333333
family-jacksonville,2,1,3,0.3333333333333333
started-to,5,3,8,0.375
and-under,2,1,3,0.3333333333333333
attack-gm!,5,1,6,0.16666666666666666
harm/kid-love,2,1,3,0.3333333333333333
flood-truck,4,1,5,0.2
bc-isn't,1,1,2,0.5
#hot-to,13,12,25,0.48
...-i,7,17,24,0.7083333333333334
it-rly,1,1,2,0.5
fan-one,7,1,8,0.125
blood-wa,4,1,5,0.2
sport-to,1,2,3,0.6666666666666666
????-bed,3,1,4,0.25
and-cold.,1,1,2,0.5
dan-on,2,2,4,0.5
last-of,19,12,31,0.3870967741935484
last-now,3,1,4,0.25
and-picked,1,1,2,0.5
#god-#islam,3,4,7,0.5714285714285714
and-ground,2,3,5,0.6
feel-up,1,1,2,0.5
and-hot,12,1,13,0.07692307692307693
have-more,13,12,25,0.48
that-year.,1,1,2,0.5
my-trauma,2,1,3,0.3333333333333333
out-watching,1,1,2,0.5
according-at,1,1,2,0.5
go-wanna,3,1,4,0.25
after-lie,1,1,2,0.5
predict-soon,1,1,2,0.5
an-case,1,2,3,0.6666666666666666
a-sinking,11,10,21,0.47619047619047616
#mudslide-pretty,1,1,2,0.5
parenthood-planned,5,2,7,0.2857142857142857
oops:-police,1,2,3,0.6666666666666666
'the-33',3,3,6,0.5
is-their,11,7,18,0.3888888888888889
hazardous-recognize,1,2,3,0.6666666666666666
many-medium,1,2,3,0.6666666666666666
curved-reû_,6,1,7,0.14285714285714285
against-people,2,2,4,0.5
literally-with,1,1,2,0.5
fav-i,4,1,5,0.2
corner-in,1,1,2,0.5
in-parking,5,1,6,0.16666666666666666
all-tomorrow,2,1,3,0.3333333333333333
by-giving,4,2,6,0.3333333333333333
be-make,6,1,7,0.14285714285714285
health-this,1,1,2,0.5
love-you,25,4,29,0.13793103448275862
accident-can't,1,1,2,0.5
good-so,7,2,9,0.2222222222222222
some-weapon,2,3,5,0.6
a-crossed,4,2,6,0.3333333333333333
middle-you,1,1,2,0.5
it's-tweet,1,1,2,0.5
reshape-the,1,1,2,0.5
flip-to,1,1,2,0.5
#autoinsurance-http://t.co/ydetwgribk,1,1,2,0.5
emergency-nw,1,1,2,0.5
via-wa,1,2,3,0.6666666666666666
????-in,9,9,18,0.5
mine-such,1,1,2,0.5
some-year,1,1,2,0.5
firey-will,1,1,2,0.5
devastation-you,1,1,2,0.5
hat-sound,12,5,17,0.29411764705882354
around-came,1,1,2,0.5
&amp;-school,1,3,4,0.75
be-because,8,1,9,0.1111111111111111
in-know,22,4,26,0.15384615384615385
meat-loving-riot,5,1,6,0.16666666666666666
of-security,1,2,3,0.6666666666666666
catastrophe.-not,1,1,2,0.5
that-ur,13,2,15,0.13333333333333333
#360wisenews-crash:,2,2,4,0.5
--bad,1,1,2,0.5
are-fatal,1,4,5,0.8
mention-to,6,6,12,0.5
--4,10,10,20,0.5
around-burning,3,1,4,0.25
should-to,18,5,23,0.21739130434782608
land-that,1,1,2,0.5
it-take,13,3,16,0.1875
by-smoke,1,1,2,0.5
his-jack,2,1,3,0.3333333333333333
terrorist-there,1,1,2,0.5
cobra-mercury,1,1,2,0.5
be-blast,13,3,16,0.1875
this-what,15,8,23,0.34782608695652173
2...-in,1,2,3,0.6666666666666666
favorite-your,2,1,3,0.3333333333333333
a-screaming,9,2,11,0.18181818181818182
'first'-bigamist,1,1,2,0.5
@towel-a,1,1,2,0.5
--wreck,3,4,7,0.5714285714285714
by-get,17,26,43,0.6046511627906976
happen-the,3,2,5,0.4
catastrophic-is,2,3,5,0.6
back-of,19,9,28,0.32142857142857145
$300000-roanoke,1,2,3,0.6666666666666666
help-is,7,1,8,0.125
caused-what,1,3,4,0.75
4-from,3,1,4,0.25
is-say,10,12,22,0.5454545454545454
and-sandstorm,1,1,2,0.5
road-train,1,1,2,0.5
for-rather,1,1,2,0.5
not-so,12,9,21,0.42857142857142855
--we're,6,1,7,0.14285714285714285
a-baby,17,7,24,0.2916666666666667
flood-pray,5,1,6,0.16666666666666666
on-wreck,1,2,3,0.6666666666666666
lab-to,4,15,19,0.7894736842105263
a-happens,4,3,7,0.42857142857142855
in-quarantined,3,1,4,0.25
and-end,4,2,6,0.3333333333333333
--ûò,1,4,5,0.8
#thanku-earthquake,2,1,3,0.3333333333333333
#best-reddit's,4,1,5,0.2
just-wtf,2,1,3,0.3333333333333333
@gerenciatodos-summer,1,1,2,0.5
2015:-at,2,3,5,0.6
confirmed-on,1,5,6,0.8333333333333334
--trent,2,6,8,0.75
an-while,1,1,2,0.5
&amp;-http://t.co/vz1irh0nmm,1,1,2,0.5
night-see,1,1,2,0.5
push-the,1,1,2,0.5
myself-off,1,1,2,0.5
become-in,2,1,3,0.3333333333333333
me-wanna,10,1,11,0.09090909090909091
'death-shouting,1,1,2,0.5
are-self-image?,5,2,7,0.2857142857142857
and-than,12,2,14,0.14285714285714285
two-wa,1,4,5,0.8
for-us.,1,1,2,0.5
flooding-look,1,2,3,0.6666666666666666
got-oh,2,2,4,0.5
he-made,4,1,5,0.2
a-series,1,4,5,0.8
movie-see,1,1,2,0.5
#hot-2015],12,5,17,0.29411764705882354
#tree-new,1,1,2,0.5
building-i'm,10,5,15,0.3333333333333333
caused-of,2,3,5,0.6
me-never,5,1,6,0.16666666666666666
of-reminds,2,4,6,0.6666666666666666
this-we,8,6,14,0.42857142857142855
don't-won't,1,1,2,0.5
side-the,20,1,21,0.047619047619047616
in-o...,1,2,3,0.6666666666666666
do-it's,4,1,5,0.2
is-think,13,4,17,0.23529411764705882
a-building,15,20,35,0.5714285714285714
just-up,21,10,31,0.3225806451612903
4-care,1,1,2,0.5
it-little,5,1,6,0.16666666666666666
if-let,7,1,8,0.125
bath-i,1,1,2,0.5
le-of,2,2,4,0.5
are-from,5,27,32,0.84375
in.-you,1,2,3,0.6666666666666666
family-with,3,1,4,0.25
of-twia,1,1,2,0.5
.-can't,1,1,2,0.5
man-which,2,2,4,0.5
idea-my,2,2,4,0.5
bus-just,1,1,2,0.5
bargain-ha,2,1,3,0.3333333333333333
after-head,4,1,5,0.2
few-his,1,1,2,0.5
a-pm,2,11,13,0.8461538461538461
injured-to,1,7,8,0.875
it-someone,4,2,6,0.3333333333333333
like-move,2,1,3,0.3333333333333333
out-today,5,1,6,0.16666666666666666
it-with,47,14,61,0.22950819672131148
it-ûò,1,3,4,0.75
couldn't-it,2,1,3,0.3333333333333333
and-crush,2,1,3,0.3333333333333333
some-this,5,1,6,0.16666666666666666
are-time,6,5,11,0.45454545454545453
and-let,25,3,28,0.10714285714285714
is-look,11,5,16,0.3125
fire-way,4,2,6,0.3333333333333333
the-v,7,2,9,0.2222222222222222
next-out,1,1,2,0.5
a-worst,1,2,3,0.6666666666666666
each-of,2,1,3,0.3333333333333333
not-send,1,2,3,0.6666666666666666
#globalwarming!!-will,1,1,2,0.5
how-war,1,4,5,0.8
play-with,5,1,6,0.16666666666666666
but-shooter,1,1,2,0.5
building-http://t.co/vz1irh0nmm,1,1,2,0.5
a-hundred,2,16,18,0.8888888888888888
'-via,2,3,5,0.6
by-m.o.p.),2,1,3,0.3333333333333333
do-life,1,3,4,0.75
scared-the,6,2,8,0.25
all-fast,1,2,3,0.6666666666666666
#god-#truth,3,4,7,0.5714285714285714
stabbing-stir,1,4,5,0.8
of-purple,2,2,4,0.5
ever-no,4,1,5,0.2
u.s.-with,2,1,3,0.3333333333333333
doe-in,5,2,7,0.2857142857142857
big-with,3,1,4,0.25
and-want,27,5,32,0.15625
first-that,11,2,13,0.15384615384615385
a-build,8,3,11,0.2727272727272727
accident-they,2,1,3,0.3333333333333333
me-someone,7,1,8,0.125
--starter,1,1,2,0.5
against-an,1,3,4,0.75
and-must,7,2,9,0.2222222222222222
been-one,3,2,5,0.4
fatal-with,1,21,22,0.9545454545454546
desire-hellfire,8,2,10,0.2
ep...-time2015-08-06,1,1,2,0.5
it-today,3,3,6,0.5
burning-sky,1,1,2,0.5
a-together,3,2,5,0.4
hostages.-that,1,1,2,0.5
flooding-your,1,1,2,0.5
not-weapon,2,2,4,0.5
men-so,4,1,5,0.2
by-into,6,6,12,0.5
please-the,21,14,35,0.4
--4km,1,1,2,0.5
#???????-to,1,1,2,0.5
from-return,1,1,2,0.5
em-on,2,1,3,0.3333333333333333
for-ty,1,1,2,0.5
and-devastation,1,5,6,0.8333333333333334
collided-it,2,2,4,0.5
feed-hosting,1,1,2,0.5
anniversary-the,1,46,47,0.9787234042553191
ha-week,2,1,3,0.3333333333333333
new-old,2,1,3,0.3333333333333333
be-caught,2,1,3,0.3333333333333333
financial-is,3,1,4,0.25
palin-parenthood,2,1,3,0.3333333333333333
pilot-that,1,4,5,0.8
@usatoday-anthrax,1,3,4,0.75
the-went,18,13,31,0.41935483870967744
i-plan,9,4,13,0.3076923076923077
stand-to,18,3,21,0.14285714285714285
life-you're,3,1,4,0.25
said-senator,1,2,3,0.6666666666666666
the-told,5,6,11,0.5454545454545454
a-officer,1,8,9,0.8888888888888888
come-from,3,4,7,0.5714285714285714
21:1023-took,1,1,2,0.5
a-visit,1,1,2,0.5
man-than,1,1,2,0.5
party-to,4,1,5,0.2
leave-need,2,1,3,0.3333333333333333
deluge-not,1,1,2,0.5
in-pm,1,4,5,0.8
gmmbc-this,1,1,2,0.5
all-more,2,5,7,0.7142857142857143
like-one,15,4,19,0.21052631578947367
have-series,1,1,2,0.5
he-then,4,1,5,0.2
is-most,11,2,13,0.15384615384615385
#ashes-twitter,1,1,2,0.5
it's-more,2,2,4,0.5
33'-trapped,6,5,11,0.45454545454545453
our-today.,1,1,2,0.5
admits-arson,5,1,6,0.16666666666666666
bc-it,13,3,16,0.1875
follow-ty,1,1,2,0.5
fire-more,1,4,5,0.8
fucking-in,6,5,11,0.45454545454545453
each-to,1,6,7,0.8571428571428571
--mining,3,1,4,0.25
blame-to,1,3,4,0.75
is-loud,1,1,2,0.5
homeowner-insurance,1,1,2,0.5
anyone-service,1,1,2,0.5
parent-so,1,1,2,0.5
bb4sp-ûò,2,1,3,0.3333333333333333
lake-the,5,3,8,0.375
are-four,1,1,2,0.5
by-go,5,2,7,0.2857142857142857
ever-in,8,2,10,0.2
on-sooo,1,1,2,0.5
bush-could,1,1,2,0.5
all-sleep,1,1,2,0.5
gonna-what,1,7,8,0.875
can-most,1,1,2,0.5
in-office,2,6,8,0.75
#news-the,7,7,14,0.5
desire-so,8,2,10,0.2
don't-more,2,3,5,0.6
give-in,4,2,6,0.3333333333333333
be-bomb,3,2,5,0.4
clinton-the,1,1,2,0.5
dead-there,2,2,4,0.5
climate-with,1,1,2,0.5
am-are,2,3,5,0.6
sw-to,1,1,2,0.5
lost-to,2,8,10,0.8
and-meet,2,1,3,0.3333333333333333
&amp;-recovery,1,1,2,0.5
info-we,1,1,2,0.5
bioterror-ship,2,1,3,0.3333333333333333
at-thunder,1,1,2,0.5
quarantined-say,1,1,2,0.5
but-start,3,2,5,0.4
keep-weapon,1,1,2,0.5
by-war,6,4,10,0.4
horror;-internally,1,4,5,0.8
if-team,2,1,3,0.3333333333333333
any-to,14,2,16,0.125
ha-that,21,15,36,0.4166666666666667
roanoke-verdict,1,2,3,0.6666666666666666
teacher-the,1,2,3,0.6666666666666666
tonto-via,5,3,8,0.375
want-watch,3,1,4,0.25
but-coming,1,1,2,0.5
collapsed-whipped,2,1,3,0.3333333333333333
black-think,1,1,2,0.5
#god-#isis,3,4,7,0.5714285714285714
few-life,2,2,4,0.5
investigating-thursday,1,1,2,0.5
low-to,5,1,6,0.16666666666666666
force-to,4,4,8,0.5
back-help,1,1,2,0.5
trapped-when,2,1,3,0.3333333333333333
so-way.,1,1,2,0.5
forget-to,1,1,2,0.5
curved-work,6,1,7,0.14285714285714285
iran-obama,1,1,2,0.5
going-i,28,4,32,0.125
have-were,1,4,5,0.8
http://t.co/0wratka2jl-picked!,2,1,3,0.3333333333333333
behalf-on,3,1,4,0.25
government-some,1,1,2,0.5
casualty-no,1,3,4,0.75
actually-think,2,2,4,0.5
august-fire,1,2,3,0.6666666666666666
&amp;-fire,12,11,23,0.4782608695652174
off-year,1,1,2,0.5
or-the,63,24,87,0.27586206896551724
ablaze-at,1,1,2,0.5
head-ûó,1,1,2,0.5
black-that,3,2,5,0.4
capture-the,1,2,3,0.6666666666666666
be-die,2,1,3,0.3333333333333333
guy-the,30,3,33,0.09090909090909091
on-started,2,1,3,0.3333333333333333
did-wa,4,1,5,0.2
epilepsy-toddler,2,1,3,0.3333333333333333
by-lord,5,1,6,0.16666666666666666
enjoy-the,3,1,4,0.25
making-me,2,2,4,0.5
center-that,2,1,3,0.3333333333333333
be-many,3,1,4,0.25
one-said,1,1,2,0.5
do-many,4,1,5,0.2
blazing-come,1,1,2,0.5
been-today,2,1,3,0.3333333333333333
number-the,9,11,20,0.55
4-can,2,1,3,0.3333333333333333
are-come,2,1,3,0.3333333333333333
drowning-in,16,4,20,0.2
care-life,1,1,2,0.5
free-is,3,1,4,0.25
is-vet,1,1,2,0.5
back-bleeding,2,1,3,0.3333333333333333
ha-interest,2,1,3,0.3333333333333333
1-two,1,1,2,0.5
i-twice,2,4,6,0.6666666666666666
are-business,9,2,11,0.18181818181818182
refugee-û_,1,1,2,0.5
greenway-win,1,1,2,0.5
burning-thing,1,1,2,0.5
a-far,10,2,12,0.16666666666666666
it.-right,1,2,3,0.6666666666666666
from-need,1,1,2,0.5
gold-up,1,2,3,0.6666666666666666
demon-drown,1,1,2,0.5
america-bringing,4,2,6,0.3333333333333333
rape-with,1,1,2,0.5
killed-they,1,2,3,0.6666666666666666
equipment-service,1,1,2,0.5
that-whirlwind,1,2,3,0.6666666666666666
abe-to,2,3,5,0.6
hostage-iran,1,13,14,0.9285714285714286
dy-the,1,1,2,0.5
i-in.,2,1,3,0.3333333333333333
change-windstorm,7,2,9,0.2222222222222222
some-state,1,1,2,0.5
of-pay',9,1,10,0.1
at-smoke,1,1,2,0.5
demolished-from,1,1,2,0.5
back-going,5,2,7,0.2857142857142857
download-for,3,3,6,0.5
man-world,1,1,2,0.5
i-visit,1,1,2,0.5
2015-have,1,1,2,0.5
lol-on,8,2,10,0.2
been-wa,7,5,12,0.4166666666666667
at-make,2,2,4,0.5
is-w/,4,1,5,0.2
by-step,1,1,2,0.5
am-i,55,19,74,0.25675675675675674
save-this,3,2,5,0.4
house-whats,1,1,2,0.5
survived-wa,2,4,6,0.6666666666666666
by-train,1,3,4,0.75
bridge-to,3,9,12,0.75
his-off,4,1,5,0.2
and-report,2,3,5,0.6
hughes-into,1,1,2,0.5
be-loud,14,4,18,0.2222222222222222
director-twia,1,1,2,0.5
high-wa,1,2,3,0.6666666666666666
flood-fog,6,1,7,0.14285714285714285
one-thing,7,2,9,0.2222222222222222
alien-v,1,1,2,0.5
gabon-in,1,1,2,0.5
off-young,1,1,2,0.5
who-you,13,1,14,0.07142857142857142
the-tonight,7,4,11,0.36363636363636365
fatalities.-we,1,2,3,0.6666666666666666
offensiveûª-update,3,1,4,0.25
of-win,3,2,5,0.4
know-many,1,1,2,0.5
battle-with,10,1,11,0.09090909090909091
dinner-feed,1,1,2,0.5
ave-spring,1,4,5,0.8
cladding-installation,2,1,3,0.3333333333333333
a-ha,65,50,115,0.43478260869565216
by-made,1,1,2,0.5
&amp;-their,5,4,9,0.4444444444444444
at-here,1,1,2,0.5
into-their,3,1,4,0.25
like.-the,1,1,2,0.5
natural-you,6,1,7,0.14285714285714285
getting-some,1,1,2,0.5
believe-people,1,1,2,0.5
global-in,2,5,7,0.7142857142857143
humanity-people,1,1,2,0.5
rly-the,1,1,2,0.5
god-mass,1,2,3,0.6666666666666666
so-trauma,3,1,4,0.25
building-get,1,1,2,0.5
2pcs-lamp,3,1,4,0.25
man-via,3,3,6,0.5
disaster-thing,1,1,2,0.5
angry-for,4,2,6,0.3333333333333333
arson-victim,1,4,5,0.8
freak-like,1,1,2,0.5
a-diamond,3,2,5,0.4
#directioners-pick,7,1,8,0.125
apocalypse-survive,2,1,3,0.3333333333333333
@usatoday-bioterror,3,3,6,0.5
it-went,7,2,9,0.2222222222222222
he-wa,39,12,51,0.23529411764705882
of-ship,3,1,4,0.25
16-i,1,1,2,0.5
a-love,22,6,28,0.21428571428571427
coming-smoke,2,2,4,0.5
share-will,1,1,2,0.5
named-of,1,1,2,0.5
but-sorry,5,1,6,0.16666666666666666
lovely-mum,1,1,2,0.5
'first'-his,2,2,4,0.5
dead-people,1,9,10,0.9
is-like,41,15,56,0.26785714285714285
collapse-warne,1,2,3,0.6666666666666666
flame-to,2,4,6,0.6666666666666666
it-land,9,4,13,0.3076923076923077
they-who,3,1,4,0.25
single-to,3,1,4,0.25
people-they,8,2,10,0.2
a-madinah.,8,4,12,0.3333333333333333
#isis-#quran,3,4,7,0.5714285714285714
!!!-for,2,1,3,0.3333333333333333
&amp;-stand,5,3,8,0.375
are-both,3,3,6,0.5
if-should,4,3,7,0.42857142857142855
that-your,24,14,38,0.3684210526315789
flame-just,3,4,7,0.5714285714285714
he's-the,17,3,20,0.15
because-picked!,2,1,3,0.3333333333333333
please-with,1,1,2,0.5
home-their,1,5,6,0.8333333333333334
police-shit,3,2,5,0.4
running-year,1,1,2,0.5
19-i've,1,1,2,0.5
a...-and,1,1,2,0.5
and-look,22,13,35,0.37142857142857144
appears-bang,13,3,16,0.1875
a-county,2,4,6,0.6666666666666666
@youtube-in,4,4,8,0.5
including-of,1,4,5,0.8
hiroshima-with,1,2,3,0.6666666666666666
a-age,2,1,3,0.3333333333333333
cheese-in,1,1,2,0.5
information-of,2,2,4,0.5
angry-is,1,1,2,0.5
like-result,3,1,4,0.25
crack-on,2,1,3,0.3333333333333333
design-i,2,1,3,0.3333333333333333
from-obliteration,1,1,2,0.5
call-i,11,3,14,0.21428571428571427
new-what,2,2,4,0.5
#best-data,12,5,17,0.29411764705882354
research-stop,1,1,2,0.5
&amp;-other,1,1,2,0.5
been-now,5,5,10,0.5
coach-to,1,15,16,0.9375
+-a,11,5,16,0.3125
so-too,2,1,3,0.3333333333333333
another-people,1,3,4,0.75
this-very,3,2,5,0.4
i-update:,2,2,4,0.5
end-to,11,6,17,0.35294117647058826
cause-have,2,1,3,0.3333333333333333
ain't-in,2,1,3,0.3333333333333333
hellfire-surrounded,4,1,5,0.2
all-we're,1,1,2,0.5
it-often,1,1,2,0.5
#faroeislands-the,2,4,6,0.6666666666666666
green-that,1,1,2,0.5
--west,1,2,3,0.6666666666666666
??-toilet,2,1,3,0.3333333333333333
wa-week,1,1,2,0.5
and-management:,2,2,4,0.5
at-began,1,1,2,0.5
according-daughter,1,1,2,0.5
love-picked!,2,1,3,0.3333333333333333
asap-to,1,1,2,0.5
fear-the,43,6,49,0.12244897959183673
flood-just,1,2,3,0.6666666666666666
do.-of,1,1,2,0.5
effect-into,15,2,17,0.11764705882352941
believe-will,1,1,2,0.5
cut-the,6,5,11,0.45454545454545453
out-ur,1,2,3,0.6666666666666666
not-when,12,5,17,0.29411764705882354
a-terrible,2,4,6,0.6666666666666666
by-that,21,14,35,0.4
forest:-tonto,5,3,8,0.375
from-nearly,1,3,4,0.75
a-careless,3,3,6,0.5
--ep...,1,1,2,0.5
lizard-me,1,1,2,0.5
????-you,13,1,14,0.07142857142857142
an-from,7,13,20,0.65
it-playing,3,1,4,0.25
thinking-you,3,1,4,0.25
lady-leather,11,1,12,0.08333333333333333
displaced-idps:,2,1,3,0.3333333333333333
kosciusko-pedestrian,1,1,2,0.5
'save-upon,4,2,6,0.3333333333333333
??-poor,1,1,2,0.5
dollar-in,1,1,2,0.5
it's-wave,2,1,3,0.3333333333333333
......-when,1,1,2,0.5
second-the,6,9,15,0.6
lot-we,1,1,2,0.5
#winter-oak,1,1,2,0.5
before-need,2,1,3,0.3333333333333333
starter-torch,1,1,2,0.5
--without,4,2,6,0.3333333333333333
aftershock-the,3,2,5,0.4
reported-the,2,1,3,0.3333333333333333
go-nuclear,3,1,4,0.25
collided-into,2,3,5,0.6
bush-for,2,3,5,0.6
meeting-night,1,1,2,0.5
a-off,40,30,70,0.42857142857142855
#hot-hostage,1,7,8,0.875
at-get,15,2,17,0.11764705882352941
right-we,7,1,8,0.125
#prebreak-rescue,1,7,8,0.875
rioting.-to,1,1,2,0.5
fedex-of,7,12,19,0.631578947368421
going-over,3,1,4,0.25
#myfitnesspal-walking,1,1,2,0.5
??-lady,2,1,3,0.3333333333333333
hail-the,9,1,10,0.1
2-that,10,4,14,0.2857142857142857
of-t,1,1,2,0.5
#-the,1,1,2,0.5
food-it,1,2,3,0.6666666666666666
(peace-giving,4,2,6,0.3333333333333333
back-most,2,1,3,0.3333333333333333
moment-will,1,1,2,0.5
still-than,1,4,5,0.8
in-team,4,5,9,0.5555555555555556
go-so,8,3,11,0.2727272727272727
alive-ha,1,1,2,0.5
and-social,5,1,6,0.16666666666666666
flip-the,1,1,2,0.5
an-force,1,2,3,0.6666666666666666
class-of,2,1,3,0.3333333333333333
rock-strike,1,1,2,0.5
of-stewart,1,1,2,0.5
from-it.,5,2,7,0.2857142857142857
#islam!-to,5,2,7,0.2857142857142857
sinking-the,15,6,21,0.2857142857142857
australia-icymi,1,1,2,0.5
can-sinking,3,1,4,0.25
but-shit,3,2,5,0.4
??-if,11,1,12,0.08333333333333333
#gbbo-is,1,1,2,0.5
even-him),4,2,6,0.3333333333333333
????-scared,2,1,3,0.3333333333333333
im-of,6,1,7,0.14285714285714285
lot-that,6,3,9,0.3333333333333333
call-for,3,6,9,0.6666666666666666
emergency-work,1,2,3,0.6666666666666666
90-weather,1,1,2,0.5
i-just,119,32,151,0.2119205298013245
ben-like,2,2,4,0.5
others-so,1,1,2,0.5
am-just,1,1,2,0.5
destroyed-start,1,1,2,0.5
#photography-oak,1,1,2,0.5
@rexyy-@stretcher,3,1,4,0.25
are-someone,1,3,4,0.75
damage-fast,1,2,3,0.6666666666666666
go-summer,2,1,3,0.3333333333333333
behind-it,1,3,4,0.75
it's-yours,8,1,9,0.1111111111111111
for-kit,1,1,2,0.5
for-many,6,8,14,0.5714285714285714
pain-the,16,1,17,0.058823529411764705
conference-enugu,7,1,8,0.125
fatality-kosciusko,1,1,2,0.5
my-thinking,2,1,3,0.3333333333333333
way-you,21,7,28,0.25
by-obliterated,2,1,3,0.3333333333333333
of-thousand,9,10,19,0.5263157894736842
in-screaming,2,3,5,0.6
forest:-service,5,3,8,0.375
for-isi,1,3,4,0.75
to-went,12,9,21,0.42857142857142855
down-you,12,6,18,0.3333333333333333
near-we,2,1,3,0.3333333333333333
no-the,61,27,88,0.3068181818181818
beck/arnley-sensor-senso,1,1,2,0.5
everywhere-ha,2,1,3,0.3333333333333333
me-people,10,3,13,0.23076923076923078
emergency-no,1,4,5,0.8
for-justice,1,2,3,0.6666666666666666
full-on,7,1,8,0.125
could-let,1,1,2,0.5
are-charged,2,1,3,0.3333333333333333
be-on,27,9,36,0.25
my-thunder,3,3,6,0.5
feeling-your,6,3,9,0.3333333333333333
falling-off,1,1,2,0.5
of-portland,1,1,2,0.5
am-on,3,5,8,0.625
get-missing,1,1,2,0.5
pick-today,2,1,3,0.3333333333333333
powerful-to,3,2,5,0.4
building-to,8,25,33,0.7575757575757576
and-told,2,2,4,0.5
out-point,1,3,4,0.75
mohammed-pakistan,1,1,2,0.5
watch-ûò,2,1,3,0.3333333333333333
flood-or,1,1,2,0.5
in-than,9,16,25,0.64
flag-for,3,2,5,0.4
be-start,2,1,3,0.3333333333333333
#kerricktrial-in,3,2,5,0.4
rioting-you,1,2,3,0.6666666666666666
able-and,6,2,8,0.25
and-summer,9,1,10,0.1
me-see,5,2,7,0.2857142857142857
real-shit,3,2,5,0.4
but-which,1,3,4,0.75
and-warns,1,1,2,0.5
all-way,6,1,7,0.14285714285714285
#world-mishap,1,1,2,0.5
and-season,2,1,3,0.3333333333333333
@gerenciatodos-interest,1,1,2,0.5
but-video,4,1,5,0.2
electrocuted-just,1,1,2,0.5
ambulance-in,3,18,21,0.8571428571428571
'mudslide'-cake,2,1,3,0.3333333333333333
on-tip,2,2,4,0.5
i-nigga,8,1,9,0.1111111111111111
fall-wanna,1,1,2,0.5
like-lose,4,1,5,0.2
realise-your,4,3,7,0.42857142857142855
with-you.,3,2,5,0.4
hazardous-weather,5,8,13,0.6153846153846154
a-group,3,24,27,0.8888888888888888
blood-on,2,1,3,0.3333333333333333
the-them.,6,1,7,0.14285714285714285
could-from,1,3,4,0.75
now!-the,4,1,5,0.2
am-in,10,8,18,0.4444444444444444
from-space,1,1,2,0.5
going-on,12,8,20,0.4
couple-morning,1,1,2,0.5
mass-with,4,4,8,0.5
disaster.-it,1,1,2,0.5
time-with,9,3,12,0.25
the-update:,2,7,9,0.7777777777777778
self-image?-sinking,1,1,2,0.5
taken-were,1,4,5,0.8
inj**-south,1,1,2,0.5
don't-wa,6,4,10,0.4
for-i've,9,1,10,0.1
die-gonna,1,1,2,0.5
approves-percent,1,1,2,0.5
get-going,8,1,9,0.1111111111111111
couple-lizard,1,1,2,0.5
get-sometimes,1,1,2,0.5
#gopdebate-the,1,1,2,0.5
had-still,1,1,2,0.5
disaster-via,1,5,6,0.8333333333333334
put-the,21,6,27,0.2222222222222222
2-india,1,1,2,0.5
#offers2go-into,1,2,3,0.6666666666666666
i-news,2,1,3,0.3333333333333333
in-survived,3,2,5,0.4
action-from,1,2,3,0.6666666666666666
from-train,1,1,2,0.5
city-top,1,1,2,0.5
family-one,1,3,4,0.75
august-over,1,1,2,0.5
#freespeech-will,1,1,2,0.5
...-over,1,6,7,0.8571428571428571
'second'-bigamist,1,1,2,0.5
a-shit.,2,2,4,0.5
doe-murder,1,1,2,0.5
@itsjustinstuart-liked,1,1,2,0.5
only-xp',3,1,4,0.25
come-see,3,1,4,0.25
hand-is,1,1,2,0.5
economy-in,1,1,2,0.5
car-wreck,1,1,2,0.5
may-to,11,9,20,0.45
like-place,2,1,3,0.3333333333333333
dollar-the,1,2,3,0.6666666666666666
coming-not,1,1,2,0.5
drive-truck,1,1,2,0.5
i-me,114,23,137,0.1678832116788321
first-they're,1,1,2,0.5
and-building.,1,1,2,0.5
natural-we,2,1,3,0.3333333333333333
doe-when,1,1,2,0.5
death-from,1,8,9,0.8888888888888888
a-drove,1,1,2,0.5
govt-is,1,1,2,0.5
a-believe,4,4,8,0.5
4-via,1,2,3,0.6666666666666666
a-call,11,9,20,0.45
season.-this,2,1,3,0.3333333333333333
fatality-la,1,1,2,0.5
know-not,7,4,11,0.36363636363636365
by-his,4,7,11,0.6363636363636364
all-best,2,2,4,0.5
me-there's,3,1,4,0.25
cry-on,2,1,3,0.3333333333333333
a-aba,9,4,13,0.3076923076923077
.potus-internally,1,4,5,0.8
brother-coming,1,1,2,0.5
for-update:,1,3,4,0.75
across-of,3,1,4,0.25
don't-great,1,1,2,0.5
july-the,1,2,3,0.6666666666666666
now-think,1,1,2,0.5
had-somehow,2,1,3,0.3333333333333333
--would,2,1,3,0.3333333333333333
foot-i,2,1,3,0.3333333333333333
win-with,1,1,2,0.5
human-your,1,1,2,0.5
people-tweet,1,1,2,0.5
animal!-collapsed,2,1,3,0.3333333333333333
by-flattened,3,1,4,0.25
the-thunderstorm,1,7,8,0.875
a-arsenal,1,1,2,0.5
train-wreck.,7,1,8,0.125
bad-some,2,2,4,0.5
providence-service,5,1,6,0.16666666666666666
a-investigating,2,4,6,0.6666666666666666
u-wanted,3,1,4,0.25
madinah.-which,4,2,6,0.3333333333333333
got-today,2,3,5,0.6
for-san,1,2,3,0.6666666666666666
like-there,8,6,14,0.42857142857142855
covered-hereûªs,1,1,2,0.5
help-say,1,1,2,0.5
blow-the,1,2,3,0.6666666666666666
for-party,2,1,3,0.3333333333333333
i-that's,11,7,18,0.3888888888888889
are-crash,4,2,6,0.3333333333333333
by-working,1,1,2,0.5
all-burning,3,2,5,0.4
ha-others,2,1,3,0.3333333333333333
fire-hi,2,1,3,0.3333333333333333
even-want,6,1,7,0.14285714285714285
i-new,25,2,27,0.07407407407407407
i-rly,1,23,24,0.9583333333333334
bad-going,2,1,3,0.3333333333333333
http://t.co/cybksxhf7d-new,2,2,4,0.5
jacksonville-together,2,1,3,0.3333333333333333
eye-people,1,1,2,0.5
the-use,12,13,25,0.52
autobiography-lawton,1,1,2,0.5
have-second,1,1,2,0.5
accident-killed,1,3,4,0.75
a-better,16,1,17,0.058823529411764705
make-me,15,2,17,0.11764705882352941
a-paul,6,1,7,0.14285714285714285
at-being,5,4,9,0.4444444444444444
destiny-of,5,1,6,0.16666666666666666
while-whole,5,3,8,0.375
could-say,2,2,4,0.5
dan-star,1,1,2,0.5
actually-wa,3,2,5,0.4
cool-how,2,1,3,0.3333333333333333
in-sky,3,5,8,0.625
show-via,2,1,3,0.3333333333333333
(.90-department,1,1,2,0.5
of-smoke,5,7,12,0.5833333333333334
had-idea,1,1,2,0.5
a-doesn't,3,3,6,0.5
damage-if,2,2,4,0.5
a-asking,3,5,8,0.625
what-will,5,2,7,0.2857142857142857
everyone-their,1,3,4,0.75
back-just,2,1,3,0.3333333333333333
gas-pump,1,1,2,0.5
no-stop,1,1,2,0.5
for-help,3,3,6,0.5
taking-u,1,2,3,0.6666666666666666
fire-match,1,1,2,0.5
calorie-of,3,1,4,0.25
by-ford,1,1,2,0.5
person-saving,2,2,4,0.5
m-time2015-08-05,1,3,4,0.75
associated-with,3,1,4,0.25
from-whole,1,1,2,0.5
massacre-the,2,16,18,0.8888888888888888
after-look,6,5,11,0.45454545454545453
day-will,1,1,2,0.5
make-secret,1,2,3,0.6666666666666666
do-there,2,1,3,0.3333333333333333
and-wa,77,49,126,0.3888888888888889
back-you,18,2,20,0.1
and-would,17,4,21,0.19047619047619047
i-violent,1,2,3,0.6666666666666666
have-that.,2,1,3,0.3333333333333333
??-wa,13,5,18,0.2777777777777778
at-much,1,1,2,0.5
any-life,6,2,8,0.25
at-|,3,2,5,0.4
it's-read,1,1,2,0.5
today-weapon,1,1,2,0.5
than-there,2,2,4,0.5
expect-for,1,2,3,0.6666666666666666
!-with,1,2,3,0.6666666666666666
million-think,1,1,2,0.5
all-riot,6,2,8,0.25
general-of,2,1,3,0.3333333333333333
straight-that,2,1,3,0.3333333333333333
into-know,1,1,2,0.5
[portland-or,1,1,2,0.5
burned-get,2,1,3,0.3333333333333333
for-off,7,4,11,0.36363636363636365
i-it's,38,11,49,0.22448979591836735
by-she,4,1,5,0.2
#kerricktrial-not,2,1,3,0.3333333333333333
doing-minute,1,1,2,0.5
many-with,4,1,5,0.2
for-horror;,1,4,5,0.8
collide-in,1,1,2,0.5
and-the,626,279,905,0.3082872928176796
for-really,4,2,6,0.3333333333333333
now-out,8,1,9,0.1111111111111111
blaze-i,6,1,7,0.14285714285714285
day-going?,1,1,2,0.5
bridge-i,2,5,7,0.7142857142857143
rt-them!,2,1,3,0.3333333333333333
for-slip,1,3,4,0.75
board-texas,2,2,4,0.5
of-~,1,3,4,0.75
line-that,1,2,3,0.6666666666666666
every-with,7,3,10,0.3
caused-line,1,1,2,0.5
if-war,2,1,3,0.3333333333333333
in-r,1,1,2,0.5
murder.-the,4,5,9,0.5555555555555556
curfew-to,7,1,8,0.125
her-loud,1,1,2,0.5
third-this,1,1,2,0.5
hasbro-war,1,1,2,0.5
#truth-truth...,3,4,7,0.5714285714285714
6-charger,1,1,2,0.5
cook-to,4,1,5,0.2
hey-we,1,1,2,0.5
bagging-the,8,2,10,0.2
displaced-in,2,3,5,0.6
into-not,5,4,9,0.4444444444444444
apc-to,4,8,12,0.6666666666666666
apocalypse-on,3,1,4,0.25
call-tell,1,1,2,0.5
hot-your,2,2,4,0.5
charger-lightning,1,1,2,0.5
so-we,12,3,15,0.2
data-hat,12,5,17,0.29411764705882354
and-not,56,21,77,0.2727272727272727
hazardous-pres:,1,2,3,0.6666666666666666
crushed-to,1,2,3,0.6666666666666666
for-stop,1,1,2,0.5
one-too,3,1,4,0.25
3-due,3,1,4,0.25
they-we,13,1,14,0.07142857142857142
find-my,3,1,4,0.25
and-cut,1,1,2,0.5
or-up,6,1,7,0.14285714285714285
me-no,3,3,6,0.5
forest-out,3,4,7,0.5714285714285714
away.-blown,1,1,2,0.5
i-nuclear,2,4,6,0.6666666666666666
an-that's,2,1,3,0.3333333333333333
mountain-to,1,4,5,0.8
parent-they,1,1,2,0.5
i-terrorist,1,3,4,0.75
lion-of,1,3,4,0.75
we-worry,1,1,2,0.5
supply-to,1,1,2,0.5
claim-on,2,2,4,0.5
i'm-if,17,3,20,0.15
in-part,2,9,11,0.8181818181818182
ex-in,1,1,2,0.5
this-will,9,7,16,0.4375
lightning-war,1,1,2,0.5
i-oh,10,4,14,0.2857142857142857
life-saw,1,1,2,0.5
??-shoulder,2,1,3,0.3333333333333333
red-wa,1,1,2,0.5
could-sound,1,2,3,0.6666666666666666
before-myself,2,1,3,0.3333333333333333
at-way,1,5,6,0.8333333333333334
2-we,2,2,4,0.5
not-than,2,1,3,0.3333333333333333
drake-the,6,2,8,0.25
are-problem,2,2,4,0.5
brisk-doing,1,1,2,0.5
...-my,2,10,12,0.8333333333333334
26-and,1,2,3,0.6666666666666666
two-|,1,3,4,0.75
at-north,1,6,7,0.8571428571428571
lol-to,16,2,18,0.1111111111111111
after-two,2,7,9,0.7777777777777778
etc.-is,1,4,5,0.8
one.-the,4,1,5,0.2
in-û_,3,15,18,0.8333333333333334
act-to,3,4,7,0.5714285714285714
for-since,3,1,4,0.25
should-some,1,1,2,0.5
https://t.co/moll5vd8yd-soon,3,1,4,0.25
of-please,9,4,13,0.3076923076923077
charity.'-from,4,2,6,0.3333333333333333
goal.-with,1,1,2,0.5
casualties.-for,1,2,3,0.6666666666666666
hijack-to,8,11,19,0.5789473684210527
by-over,3,29,32,0.90625
burn-what,1,1,2,0.5
money-of,3,2,5,0.4
--violent,1,6,7,0.8571428571428571
end-not,1,2,3,0.6666666666666666
her-injury,1,1,2,0.5
evacuate-the,15,16,31,0.5161290322580645
change-fire,2,3,5,0.6
cop-killed,1,1,2,0.5
a-deluged,3,1,4,0.25
going-think,2,1,3,0.3333333333333333
pres:-the,1,2,3,0.6666666666666666
apocalypse-in,2,1,3,0.3333333333333333
and-head,10,2,12,0.16666666666666666
idea-you,5,2,7,0.2857142857142857
u-you,15,2,17,0.11764705882352941
2-gm!,5,1,6,0.16666666666666666
evacuate-had,2,5,7,0.7142857142857143
country-that,1,5,6,0.8333333333333334
new-uk,1,1,2,0.5
father-is,1,2,3,0.6666666666666666
republican-this,1,1,2,0.5
always-got,3,1,4,0.25
#genocide;-horror;,1,4,5,0.8
like-suck,1,2,3,0.6666666666666666
#islam-wa,4,2,6,0.3333333333333333
her-some,3,3,6,0.5
--page,2,1,3,0.3333333333333333
derail-what,1,3,4,0.75
been-somehow,1,1,2,0.5
a-talkin,1,1,2,0.5
even-giving,4,2,6,0.3333333333333333
apollo-detonate,7,3,10,0.3
#globalwarming!!-#michelebachman,1,1,2,0.5
answer-my,6,1,7,0.14285714285714285
people-were,2,12,14,0.8571428571428571
and-online,8,1,9,0.1111111111111111
i-watch.,1,1,2,0.5
and-off's,1,1,2,0.5
#tubestrike-a,2,1,3,0.3333333333333333
a-show,17,3,20,0.15
a...-in,5,3,8,0.375
autobiography-book,1,1,2,0.5
called-this,2,1,3,0.3333333333333333
injury:i-495-inner,1,4,5,0.8
and-drought,1,1,2,0.5
drown-i,10,2,12,0.16666666666666666
for-forest,1,7,8,0.875
in-there's,7,7,14,0.5
no-weather,2,2,4,0.5
beautiful-like,1,1,2,0.5
and-leg,2,3,5,0.6
#fettilootch-greatest,3,1,4,0.25
like-when,22,10,32,0.3125
haha-it,1,1,2,0.5
60-ash,1,1,2,0.5
bare-hand,1,1,2,0.5
destiny-enemy,5,1,6,0.16666666666666666
(photos)-without,7,2,9,0.2222222222222222
#farrakhan-change.,2,1,3,0.3333333333333333
demolished-i,3,1,4,0.25
bombed-united,1,1,2,0.5
of-town,3,9,12,0.75
--prime,1,2,3,0.6666666666666666
--california:,2,5,7,0.7142857142857143
burning-would,3,2,5,0.4
about-our,7,3,10,0.3
in-much,6,1,7,0.14285714285714285
in-politics,2,1,3,0.3333333333333333
about-building,2,2,4,0.5
by-fear,4,2,6,0.3333333333333333
from-range,1,1,2,0.5
by-have,6,9,15,0.6
larger-than,3,2,5,0.4
future-of,8,2,10,0.2
humaza.-of,4,2,6,0.3333333333333333
customer-to,1,1,2,0.5
at-people,5,12,17,0.7058823529411765
fix-the,5,2,7,0.2857142857142857
bang-news!,13,3,16,0.1875
im-just,9,1,10,0.1
catastrophic-change,2,1,3,0.3333333333333333
by-me,11,4,15,0.26666666666666666
shit-we,1,1,2,0.5
can-damage,1,1,2,0.5
came-out,3,3,6,0.5
on-prime,1,1,2,0.5
bush-have,1,1,2,0.5
3-|,10,1,11,0.09090909090909091
brown-to,2,3,5,0.6
earthquake-http://t.co/cybksxhf7d,2,2,4,0.5
1-in,9,6,15,0.4
everywhere-natural,2,1,3,0.3333333333333333
i-other,8,3,11,0.2727272727272727
get-now!,2,1,3,0.3333333333333333
internet-meme,2,1,3,0.3333333333333333
few-for,2,2,4,0.5
--of,71,101,172,0.5872093023255814
gop-to,7,2,9,0.2222222222222222
and-throat,1,1,2,0.5
all-coming,1,1,2,0.5
been-from,5,6,11,0.5454545454545454
quiz:-self-image?,9,2,11,0.18181818181818182
#bookboost-mountain,1,2,3,0.6666666666666666
held-the,2,4,6,0.6666666666666666
it's-mom,1,1,2,0.5
blast-wind,13,3,16,0.1875
just-sun.,1,1,2,0.5
move-they,3,1,4,0.25
train-when,1,4,5,0.8
a-fast,12,1,13,0.07692307692307693
u-would,1,2,3,0.6666666666666666
the-upon,11,2,13,0.15384615384615385
medium-publicizing,1,2,3,0.6666666666666666
and-people.,1,1,2,0.5
most-them,3,1,4,0.25
now-the,41,35,76,0.4605263157894737
once-so,1,1,2,0.5
gop-obama,3,1,4,0.25
'we-are,1,1,2,0.5
a-data,14,5,19,0.2631578947368421
inj**-st,1,1,2,0.5
loop-with,1,4,5,0.8
chile:-trapped,7,5,12,0.4166666666666667
are-trouble.,1,1,2,0.5
meant-stealing,2,1,3,0.3333333333333333
#tree-on,1,1,2,0.5
two-up,2,2,4,0.5
him-son,1,1,2,0.5
i've-of,10,5,15,0.3333333333333333
collapse-or,3,1,4,0.25
flag-xp',3,1,4,0.25
runner-with,1,1,2,0.5
of-responder,3,1,4,0.25
done-we,2,1,3,0.3333333333333333
--bug,2,1,3,0.3333333333333333
now-number,1,1,2,0.5
another-if,7,2,9,0.2222222222222222
desolation-it,2,1,3,0.3333333333333333
fire.-it,2,2,4,0.5
at-well,1,2,3,0.6666666666666666
america'-gop,1,1,2,0.5
be-best,1,1,2,0.5
and-shape,9,1,10,0.1
is-tell,4,1,5,0.2
lamp-reaû_,3,1,4,0.25
for-mudslide,1,1,2,0.5
night-on,6,2,8,0.25
just-movie,4,1,5,0.2
and-pres:,1,2,3,0.6666666666666666
movie-trapped,21,10,31,0.3225806451612903
and-piece,2,2,4,0.5
--loop,1,4,5,0.8
notice-the,1,3,4,0.75
hijacker-known,1,1,2,0.5
become-with,2,2,4,0.5
from-weapon,4,1,5,0.2
meal-what,3,1,4,0.25
alive-to,3,1,4,0.25
ambulance-an,7,4,11,0.36363636363636365
on-wave,4,1,5,0.2
doe-say,1,1,2,0.5
this-youth,3,2,5,0.4
feeling-phone,4,3,7,0.42857142857142855
in-video,10,10,20,0.5
a-vs.,4,1,5,0.2
&amp;-his,5,1,6,0.16666666666666666
enormous-took,1,1,2,0.5
bush-fire,1,13,14,0.9285714285714286
telegraph-the,1,1,2,0.5
anything-or,4,1,5,0.2
betrayed-the,4,1,5,0.2
involving-totaling,8,1,9,0.1111111111111111
to-tuesday,1,1,2,0.5
#bookboost-in,1,2,3,0.6666666666666666
forest:-national,10,6,16,0.375
a-phone,11,3,14,0.21428571428571427
surrounded-your,4,1,5,0.2
breaking-run,1,2,3,0.6666666666666666
come-out,9,2,11,0.18181818181818182
are-you're,5,2,7,0.2857142857142857
drill-earthquake,1,2,3,0.6666666666666666
is-world,10,4,14,0.2857142857142857
a-desolate,5,2,7,0.2857142857142857
holding-wa,1,1,2,0.5
good-on,7,4,11,0.36363636363636365
stir-victim,1,4,5,0.8
for-pick,17,2,19,0.10526315789473684
and-flip,1,2,3,0.6666666666666666
rubble-to,2,1,3,0.3333333333333333
annihilation-horse...,5,3,8,0.375
till-to,3,1,4,0.25
forest:-horse...,5,3,8,0.375
lightning-some,2,2,4,0.5
lead-or,3,1,4,0.25
official-on,1,10,11,0.9090909090909091
each-for,1,1,2,0.5
it.-wa,1,3,4,0.75
in-naved,1,1,2,0.5
body-did,1,2,3,0.6666666666666666
to-wasn't,4,3,7,0.42857142857142855
son-war,1,1,2,0.5
because-that,3,2,5,0.4
aka-and,3,1,4,0.25
ha-ûó,2,1,3,0.3333333333333333
back-never,4,1,5,0.2
me-spirit,1,1,2,0.5
by-declined,1,1,2,0.5
many-world,2,1,3,0.3333333333333333
by-second,1,4,5,0.8
in-loved,5,2,7,0.2857142857142857
a-map,4,1,5,0.2
last-than,1,2,3,0.6666666666666666
sky's-storm,1,1,2,0.5
cable-of,1,1,2,0.5
am-i'm,3,2,5,0.4
blast-lava,3,2,5,0.4
drowning-this,1,1,2,0.5
u.s-wild,5,3,8,0.375
next-wa,2,2,4,0.5
accuses-an,2,1,3,0.3333333333333333
i-ûó,4,1,5,0.2
engulfed-wa,4,2,6,0.3333333333333333
a-arsonist,5,1,6,0.16666666666666666
fleet-occurred,8,1,9,0.1111111111111111
share-you,4,1,5,0.2
minority-women!,2,1,3,0.3333333333333333
of-safety,1,1,2,0.5
in-power,2,5,7,0.7142857142857143
for-got,17,5,22,0.22727272727272727
for-they,17,11,28,0.39285714285714285
after-today,2,3,5,0.6
#treeporn-a,1,1,2,0.5
for-purchased,1,1,2,0.5
heart-in,8,4,12,0.3333333333333333
destroyed-ship,8,1,9,0.1111111111111111
to-traditional,1,2,3,0.6666666666666666
music-real,1,1,2,0.5
thx-to,2,2,4,0.5
an-than,3,1,4,0.25
recovery-to,1,1,2,0.5
st-the,3,3,6,0.5
ban-the,2,2,4,0.5
cyclone-on,2,1,3,0.3333333333333333
from-loud,14,3,17,0.17647058823529413
ear-started,1,1,2,0.5
didn't-to,6,1,7,0.14285714285714285
(detonation)-sensor-senso,8,4,12,0.3333333333333333
5-august,3,2,5,0.4
each-they,1,1,2,0.5
drought.-to,1,2,3,0.6666666666666666
#amageddon-reddit,1,1,2,0.5
rome-the,1,1,2,0.5
get-watch,2,25,27,0.9259259259259259
fast-for,4,1,5,0.2
call-of,9,6,15,0.4
rioting-were,1,1,2,0.5
and-confirmed,1,2,3,0.6666666666666666
i-sent,3,1,4,0.25
??-before,1,1,2,0.5
from-suicide,1,1,2,0.5
but-hope,1,1,2,0.5
only-support,1,1,2,0.5
burning-from,8,8,16,0.5
for-winston,1,1,2,0.5
hungry-they,1,1,2,0.5
england-history:,1,1,2,0.5
lot-time,3,1,4,0.25
moving-the,2,2,4,0.5
p.o.p.e.-the,2,2,4,0.5
content-many,15,2,17,0.11764705882352941
a-pool,6,2,8,0.25
is-shut,1,1,2,0.5
is-some,14,5,19,0.2631578947368421
building-the,16,42,58,0.7241379310344828
little-they,1,1,2,0.5
a-people,19,36,55,0.6545454545454545
came-him,1,1,2,0.5
image-notexplained:,1,1,2,0.5
i-literally,8,2,10,0.2
head-in,8,2,10,0.2
body-than,3,1,4,0.25
nothing-there,1,2,3,0.6666666666666666
my-survived,4,1,5,0.2
bounty-raid,1,3,4,0.75
they're-to,6,3,9,0.3333333333333333
changed-the,3,1,4,0.25
not-weak,1,1,2,0.5
a-seat,6,2,8,0.25
congress-in,2,1,3,0.3333333333333333
hazard-in,3,3,6,0.5
&amp;-one,2,4,6,0.6666666666666666
off-their,2,1,3,0.3333333333333333
in-more,14,26,40,0.65
magic-of,1,3,4,0.75
22-the,3,4,7,0.5714285714285714
save-the,14,7,21,0.3333333333333333
death-well,1,1,2,0.5
attack-both,1,1,2,0.5
anything-like,1,1,2,0.5
of-really,8,2,10,0.2
your-youûªve,4,3,7,0.42857142857142855
programme-the,1,2,3,0.6666666666666666
hate-with,1,1,2,0.5
been-you've,1,1,2,0.5
he-say,1,1,2,0.5
expected-i,2,2,4,0.5
for-yourself,2,2,4,0.5
like-sound,12,3,15,0.2
not-you're,4,1,5,0.2
ability-the,4,5,9,0.5555555555555556
guess-no,3,1,4,0.25
snow-to,1,1,2,0.5
a-play,14,1,15,0.06666666666666667
reactor-the,3,7,10,0.7
owner-that,2,1,3,0.3333333333333333
son-the,7,1,8,0.125
good-got,1,1,2,0.5
crowd-of,1,1,2,0.5
#best-to,13,12,25,0.48
effect-to,1,1,2,0.5
live-you,5,1,6,0.16666666666666666
high-tide,1,1,2,0.5
i-until,7,1,8,0.125
derail-that,5,1,6,0.16666666666666666
of-such,8,3,11,0.2727272727272727
of-worst,1,8,9,0.8888888888888888
burning....-oooh,1,1,2,0.5
plan-poll:,5,2,7,0.2857142857142857
forest:-via,5,3,8,0.375
incredible-this,1,4,5,0.8
how-two,1,1,2,0.5
to-together,1,1,2,0.5
those-your,1,1,2,0.5
at-outdoor,1,1,2,0.5
still-you,6,1,7,0.14285714285714285
#photography-#treeporn,1,1,2,0.5
involving-space,8,1,9,0.1111111111111111
it-wind,2,8,10,0.8
a-thunderstorm,5,9,14,0.6428571428571429
#arts-to,1,1,2,0.5
for-with,27,12,39,0.3076923076923077
is-shooter,1,1,2,0.5
then-you,13,4,17,0.23529411764705882
#???????-shift,1,1,2,0.5
ok-to,6,2,8,0.25
low-self-image?,9,2,11,0.18181818181818182
bloody-wa,2,2,4,0.5
bathroom-is,1,1,2,0.5
him)-yourself,4,2,6,0.3333333333333333
of-timeline,1,2,3,0.6666666666666666
electronic-tabû_,2,1,3,0.3333333333333333
burned-minute,2,1,3,0.3333333333333333
53inch-spot,6,1,7,0.14285714285714285
next-not,1,3,4,0.75
--fuel,1,4,5,0.8
in-scream,4,4,8,0.5
at-sent,1,1,2,0.5
family-wa,2,3,5,0.6
and-fucking,10,3,13,0.23076923076923078
u-won,1,2,3,0.6666666666666666
don't-if,15,2,17,0.11764705882352941
near-not,1,1,2,0.5
breaking-just,13,3,16,0.1875
a-beauty,2,1,3,0.3333333333333333
&amp;-department,1,1,2,0.5
it-tonight.,1,3,4,0.75
just-visit,1,1,2,0.5
this-thunder,1,1,2,0.5
in-specially,3,30,33,0.9090909090909091
next-school,1,1,2,0.5
ha-unavoidable,2,1,3,0.3333333333333333
come-is,11,1,12,0.08333333333333333
are-due,1,1,2,0.5
1-million,1,1,2,0.5
because-is,8,7,15,0.4666666666666667
his-trying,1,1,2,0.5
and-leaving,3,2,5,0.4
country-hunk,1,2,3,0.6666666666666666
really-when,1,2,3,0.6666666666666666
aka-for,1,1,2,0.5
murder-to,3,9,12,0.75
pak-to,2,2,4,0.5
&amp;-or,5,2,7,0.2857142857142857
evacuate-is,2,3,5,0.6
it-murder?,1,1,2,0.5
because-on,2,1,3,0.3333333333333333
of-see,16,4,20,0.2
day-ha,4,3,7,0.42857142857142855
my-woman,2,1,3,0.3333333333333333
adult-to,4,1,5,0.2
move-you,4,1,5,0.2
ever-i,19,2,21,0.09523809523809523
s-saw,1,1,2,0.5
added-the,7,2,9,0.2222222222222222
crazy-i'm,2,1,3,0.3333333333333333
greenway-runner,1,1,2,0.5
2.1a-connector,1,1,2,0.5
all-tho,1,1,2,0.5
girl-smoky,1,2,3,0.6666666666666666
also-in,9,4,13,0.3076923076923077
former-tension,2,1,3,0.3333333333333333
deluged-out,7,1,8,0.125
to-told,1,6,7,0.8571428571428571
fire.-on,3,13,16,0.8125
and-that's,10,2,12,0.16666666666666666
about-called,1,1,2,0.5
can-thing,6,1,7,0.14285714285714285
and-save,5,2,7,0.2857142857142857
:)-like,1,3,4,0.75
after-evacuated.,1,1,2,0.5
may-or,2,2,4,0.5
act-it,4,2,6,0.3333333333333333
be-firefighter,1,1,2,0.5
--cree,12,3,15,0.2
a-outside.,2,1,3,0.3333333333333333
or-should,3,1,4,0.25
an-killed,2,7,9,0.7777777777777778
dont-is,1,2,3,0.6666666666666666
1980-land,1,8,9,0.8888888888888888
played-the,7,1,8,0.125
a-rain,3,10,13,0.7692307692307693
arsonist-the,3,1,4,0.25
an-which,2,1,3,0.3333333333333333
loss-not,1,1,2,0.5
by-structural,1,11,12,0.9166666666666666
great-you,8,1,9,0.1111111111111111
&amp;-this,8,15,23,0.6521739130434783
julian-to,2,1,3,0.3333333333333333
a-airplane,3,8,11,0.7272727272727273
be-building,2,5,7,0.7142857142857143
http://t.co/0wratka2jl-ink,2,1,3,0.3333333333333333
18w-4wd,3,1,4,0.25
reactor-you,1,1,2,0.5
and-landslide,1,1,2,0.5
chest/torso-the,3,4,7,0.5714285714285714
--case,1,5,6,0.8333333333333334
by-i,51,10,61,0.16393442622950818
a-can,57,34,91,0.37362637362637363
a-brother,2,6,8,0.75
and-aren't,4,1,5,0.2
be-where,4,3,7,0.42857142857142855
move-on,2,2,4,0.5
??-have,11,1,12,0.08333333333333333
a-tension,3,7,10,0.7
#phoenix-sun.,1,1,2,0.5
--shift,4,1,5,0.2
graveyard-the,1,1,2,0.5
site-with,1,1,2,0.5
18w-beam,3,1,4,0.25
a-moved,2,1,3,0.3333333333333333
:-by,3,2,5,0.4
my-using,1,1,2,0.5
offensive-will,18,2,20,0.1
album-danger,3,1,4,0.25
bundled-in,1,1,2,0.5
get-hair,3,1,4,0.25
name-the,7,7,14,0.5
don't-some,2,2,4,0.5
of-seen,3,2,5,0.4
in-this,69,63,132,0.4772727272727273
8-pin-lightning,1,1,2,0.5
for-murder?,1,1,2,0.5
a-happen,3,3,6,0.5
adding-the,1,1,2,0.5
hijacking-sound,12,5,17,0.29411764705882354
think-this,5,1,6,0.16666666666666666
be-can,17,4,21,0.19047619047619047
by-with,11,11,22,0.5
i-use,14,1,15,0.06666666666666667
me-us.,1,1,2,0.5
august-will,1,1,2,0.5
on-reported,1,6,7,0.8571428571428571
another-man,3,3,6,0.5
gunshot-that,1,1,2,0.5
can-move,1,1,2,0.5
real-the,14,8,22,0.36363636363636365
effort-on,1,2,3,0.6666666666666666
into-school,1,4,5,0.8
inferno-world,1,1,2,0.5
fight-you,4,2,6,0.3333333333333333
just-my,67,8,75,0.10666666666666667
the-weapon,18,19,37,0.5135135135135135
because-don't,2,3,5,0.6
of-pick,3,1,4,0.25
http://t.co/encmhz6y34-one,5,1,6,0.16666666666666666
#tree-oak,1,1,2,0.5
minority-palin,2,1,3,0.3333333333333333
take-we,7,2,9,0.2222222222222222
fashionable-watch,2,1,3,0.3333333333333333
too-up,4,1,5,0.2
displaced-material,2,1,3,0.3333333333333333
dust-of,3,4,7,0.5714285714285714
december-the,1,2,3,0.6666666666666666
hike:-the,1,1,2,0.5
offroad-spot,8,1,9,0.1111111111111111
tree-will,1,1,2,0.5
be-first,4,2,6,0.3333333333333333
and-charging,3,1,4,0.25
blew-wa,5,1,6,0.16666666666666666
a-ain't,7,1,8,0.125
huge-with,2,1,3,0.3333333333333333
so-w/,5,1,6,0.16666666666666666
a-without,20,6,26,0.23076923076923078
like-won,1,1,2,0.5
literally-so,2,1,3,0.3333333333333333
in-kid,6,4,10,0.4
high-top,1,1,2,0.5
had-you,11,3,14,0.21428571428571427
i-trauma,9,2,11,0.18181818181818182
almost-it,2,5,7,0.7142857142857143
back-way,1,1,2,0.5
and-them.,4,1,5,0.2
high-injury,1,1,2,0.5
closed.-of,1,1,2,0.5
had-time,4,1,5,0.2
more-this,2,5,7,0.7142857142857143
detonate-in,1,1,2,0.5
know-you,44,15,59,0.2542372881355932
it-your,26,11,37,0.2972972972972973
exploration-seismic,2,4,6,0.6666666666666666
one-year,2,6,8,0.75
/-keep,1,1,2,0.5
rescued-spaniel,1,1,2,0.5
make-sense,3,1,4,0.25
or-water,2,3,5,0.6
injury-quickly,1,2,3,0.6666666666666666
charged-for,1,3,4,0.75
so-with,22,3,25,0.12
--against,2,2,4,0.5
i-looked,1,1,2,0.5
neighbour's-wind,13,3,16,0.1875
i-train,5,24,29,0.8275862068965517
send-war,1,1,2,0.5
hell-of,5,4,9,0.4444444444444444
bring-to,6,4,10,0.4
still-why,7,2,9,0.2222222222222222
is-space,2,1,3,0.3333333333333333
#prebreak-send,12,5,17,0.29411764705882354
min-the,1,1,2,0.5
happen-to,4,6,10,0.6
islam-terrorism!,1,1,2,0.5
of-voter,1,1,2,0.5
chance-why,1,2,3,0.6666666666666666
if-won't,4,1,5,0.2
hear-see,1,1,2,0.5
&amp;-listen,2,1,3,0.3333333333333333
spain-to,1,1,2,0.5
#news-that,1,1,2,0.5
's-that,1,1,2,0.5
at-ten,1,1,2,0.5
[portland-at,1,2,3,0.6666666666666666
...-it,2,1,3,0.3333333333333333
be-soon,2,1,3,0.3333333333333333
in-wave,4,9,13,0.6923076923076923
and-them,19,9,28,0.32142857142857145
hour-more,1,1,2,0.5
ash-history:,1,1,2,0.5
like-rain,2,2,4,0.5
in-post,4,9,13,0.6923076923076923
of-will,25,18,43,0.4186046511627907
&amp;-evidence,1,1,2,0.5
hurricane-of,3,1,4,0.25
#art-a,1,1,2,0.5
'you-the,3,1,4,0.25
--police,3,11,14,0.7857142857142857
????-an,2,1,3,0.3333333333333333
and-god,9,2,11,0.18181818181818182
??-hit,1,1,2,0.5
evacuation-the,13,21,34,0.6176470588235294
humaza.-would,2,1,3,0.3333333333333333
at-hot,3,1,4,0.25
hand-his,4,1,5,0.2
but-face,2,1,3,0.3333333333333333
is-third,1,2,3,0.6666666666666666
as-one,2,1,3,0.3333333333333333
and-said,6,7,13,0.5384615384615384
burning-car,1,3,4,0.75
'i-one,1,1,2,0.5
8-i,3,1,4,0.25
time.-to,1,3,4,0.75
about-miner,21,10,31,0.3225806451612903
have-it.,3,1,4,0.25
of-terrorist,2,14,16,0.875
3g-at,4,3,7,0.42857142857142855
after-fergusonûªs,1,1,2,0.5
better-on,2,1,3,0.3333333333333333
is-town,2,3,5,0.6
to-up.,2,4,6,0.6666666666666666
investigating-kosciusko,1,1,2,0.5
man-over,1,1,2,0.5
bc-there,3,1,4,0.25
fatality-there,1,2,3,0.6666666666666666
hazard-to,2,1,3,0.3333333333333333
drowning-my,7,1,8,0.125
and-likely,7,1,8,0.125
(giant-info/order,1,1,2,0.5
crazy-so,3,1,4,0.25
#sm--,1,2,3,0.6666666666666666
i-utterly,1,4,5,0.8
mind-to,1,1,2,0.5
and-could,14,3,17,0.17647058823529413
--sentinel,1,4,5,0.8
picked-the,5,4,9,0.4444444444444444
said-u,3,1,4,0.25
this-who,5,2,7,0.2857142857142857
at-battle,8,1,9,0.1111111111111111
#9-only,1,1,2,0.5
piece-that,3,5,8,0.625
--trauma,1,1,2,0.5
are-he's,1,1,2,0.5
and-fall,10,3,13,0.23076923076923078
&amp;-much,2,1,3,0.3333333333333333
because-up,6,3,9,0.3333333333333333
liked-range,1,1,2,0.5
gotta-more,1,1,2,0.5
a-tomorrow.,1,1,2,0.5
all-damn,2,1,3,0.3333333333333333
come-will,2,1,3,0.3333333333333333
car-go,1,1,2,0.5
dollar-for,1,1,2,0.5
--today:,1,1,2,0.5
by-global,1,1,2,0.5
two-when,1,2,3,0.6666666666666666
by-did,4,1,5,0.2
a-date,8,2,10,0.2
bar-the,10,1,11,0.09090909090909091
burned-on,5,1,6,0.16666666666666666
1980-specially,1,8,9,0.8888888888888888
a-firefighter,2,3,5,0.6
a-ahead,4,1,5,0.2
can't-wave,1,1,2,0.5
on-truck,4,7,11,0.6363636363636364
a-peace,8,8,16,0.5
class.-hour,1,1,2,0.5
high-took,1,1,2,0.5
nw-of,1,3,4,0.75
heard-news!,13,3,16,0.1875
thing-what,1,1,2,0.5
death.-is,1,1,2,0.5
never-will,7,3,10,0.3
great-is,8,4,12,0.3333333333333333
for-i'm,31,6,37,0.16216216216216217
others-your,2,1,3,0.3333333333333333
the-writing,7,2,9,0.2222222222222222
root-the,2,2,4,0.5
kill-they,1,1,2,0.5
both-with,2,1,3,0.3333333333333333
by-mine,1,1,2,0.5
&amp;-fighting,2,1,3,0.3333333333333333
are-danger,2,1,3,0.3333333333333333
my-nearly,4,1,5,0.2
centre-for,1,1,2,0.5
get-into,5,1,6,0.16666666666666666
done-you,4,1,5,0.2
expect-of,1,2,3,0.6666666666666666
cause-wound,1,1,2,0.5
hurricane-in,1,17,18,0.9444444444444444
focus-on,1,1,2,0.5
of-street,3,3,6,0.5
already-it,7,1,8,0.125
shape-top,8,1,9,0.1111111111111111
city-had,1,1,2,0.5
in-soul,3,1,4,0.25
light-to,3,5,8,0.625
again-are,2,1,3,0.3333333333333333
couple-it,1,1,2,0.5
jealous-the,1,1,2,0.5
many-not,5,1,6,0.16666666666666666
--than,2,3,5,0.6
it's-lol,3,1,4,0.25
6-phone,1,1,2,0.5
of-tomorrow,3,2,5,0.4
dont-if,3,2,5,0.4
is-my,122,20,142,0.14084507042253522
child-of,7,4,11,0.36363636363636365
are-constant,1,1,2,0.5
in-stay,8,1,9,0.1111111111111111
are-first,4,3,7,0.42857142857142855
a-me.,4,3,7,0.42857142857142855
exploration-somalia,1,1,2,0.5
--our,7,2,9,0.2222222222222222
mullah-omar's,1,1,2,0.5
pdp-plan,3,5,8,0.625
an-work,4,3,7,0.42857142857142855
it's-trouble,1,1,2,0.5
can-right,1,1,2,0.5
and-twitter,7,2,9,0.2222222222222222
family-help,1,2,3,0.6666666666666666
about-not,7,2,9,0.2222222222222222
it-lose,1,1,2,0.5
#bbc-#isis,3,4,7,0.5714285714285714
cool-so,5,1,6,0.16666666666666666
@www.cbplawyers-hazard,1,1,2,0.5
also-are,1,1,2,0.5
most-which,4,1,5,0.2
rule-windstorm,6,2,8,0.25
evacuation-fire,1,7,8,0.875
#hot-a,13,12,25,0.48
dan-the,7,2,9,0.2222222222222222
oil-spill,1,42,43,0.9767441860465116
--pathogen,2,1,3,0.3333333333333333
integrity-rightways:,1,1,2,0.5
the-week.,3,1,4,0.25
better-ha,2,1,3,0.3333333333333333
where-with,2,1,3,0.3333333333333333
a-white,6,2,8,0.25
fight-it,1,2,3,0.6666666666666666
12-it's,1,1,2,0.5
#allah-#forever,2,1,3,0.3333333333333333
a-govt,2,5,7,0.7142857142857143
after-hospital,1,1,2,0.5
desolate.-that,2,1,3,0.3333333333333333
part-that,3,2,5,0.4
match-one,1,1,2,0.5
if-turn,1,1,2,0.5
ass.-unconfirmed!,13,3,16,0.1875
black-i,1,3,4,0.75
a-maybe,6,4,10,0.4
small-that,1,1,2,0.5
covered-how,1,1,2,0.5
#bioterror-secret,1,2,3,0.6666666666666666
because-for,6,3,9,0.3333333333333333
combo-curved,6,1,7,0.14285714285714285
a-range,3,1,4,0.25
die!please-need,1,1,2,0.5
home-whole,4,3,7,0.42857142857142855
multidimensi-pres:,1,1,2,0.5
into-my,22,15,37,0.40540540540540543
came-fire,2,3,5,0.6
far-right,1,1,2,0.5
for-govt,2,2,4,0.5
of-relief,2,3,5,0.6
building-you,10,3,13,0.23076923076923078
a-aka,5,1,6,0.16666666666666666
is-right,9,5,14,0.35714285714285715
humaza.-surah,2,1,3,0.3333333333333333
miss-the,6,4,10,0.4
#wealth-thinking,2,1,3,0.3333333333333333
in-response,1,4,5,0.8
corner-the,1,6,7,0.8571428571428571
and-great,12,2,14,0.14285714285714285
can-hope,2,1,3,0.3333333333333333
cameroon-nigerian,1,11,12,0.9166666666666666
an-chemical,1,2,3,0.6666666666666666
joint-to,2,2,4,0.5
bombing-i,1,2,3,0.6666666666666666
area-bay,2,1,3,0.3333333333333333
reason-the,18,6,24,0.25
at-hearing,2,1,3,0.3333333333333333
for-living,1,2,3,0.6666666666666666
scream-when,1,1,2,0.5
is-responder,1,3,4,0.75
home-to,23,12,35,0.34285714285714286
fergusonûªs-year,1,1,2,0.5
or-quarantined,16,2,18,0.1111111111111111
can-horse,3,1,4,0.25
for-train,3,7,10,0.7
#michelebachman-will,1,1,2,0.5
hundred-of,4,25,29,0.8620689655172413
cross-hobo,7,1,8,0.125
most-that,3,4,7,0.5714285714285714
left-to,8,8,16,0.5
#usgs-of,1,2,3,0.6666666666666666
no-toilet,1,3,4,0.75
exterminate-v,1,1,2,0.5
friend-the,14,4,18,0.2222222222222222
hope-if,3,1,4,0.25
chase-i,2,1,3,0.3333333333333333
seat-when,1,1,2,0.5
break-i,6,1,7,0.14285714285714285
in-people.,1,2,3,0.6666666666666666
could-you,8,1,9,0.1111111111111111
girl-this,1,1,2,0.5
effect-subreddits,15,2,17,0.11764705882352941
middle-to,3,1,4,0.25
like-whole,2,2,4,0.5
my-yeah,2,1,3,0.3333333333333333
i-lung,2,1,3,0.3333333333333333
olap-recognize,1,2,3,0.6666666666666666
to-ty,1,1,2,0.5
book-ii,1,1,2,0.5
had-on,6,11,17,0.6470588235294118
rain-windstorm,1,1,2,0.5
australia-england,1,1,2,0.5
#islam-#news,3,4,7,0.5714285714285714
have-or,10,5,15,0.3333333333333333
hellfire-is,9,3,12,0.25
collapse-for,2,2,4,0.5
from-me,9,4,13,0.3076923076923077
for-tell,2,1,3,0.3333333333333333
are-gone,1,2,3,0.6666666666666666
there-tragedy,1,1,2,0.5
always-flood,1,1,2,0.5
blood-people,1,4,5,0.8
centre-trafford,1,4,5,0.8
get-what,5,3,8,0.375
actually-get,2,2,4,0.5
forest-of,2,16,18,0.8888888888888888
police-raid,1,3,4,0.75
snowstorm-the,8,1,9,0.1111111111111111
call-when,3,1,4,0.25
it-word,3,1,4,0.25
real-want,1,1,2,0.5
inundated-on,3,1,4,0.25
cause-you,11,1,12,0.08333333333333333
an-reading,1,1,2,0.5
2pcs-beam,3,1,4,0.25
event-is,1,1,2,0.5
of-off,10,8,18,0.4444444444444444
nuclear-out,1,1,2,0.5
a-united,6,3,9,0.3333333333333333
have-next,1,3,4,0.75
bombed-up,1,1,2,0.5
didn't-say,1,1,2,0.5
http://t.co/zujwuiomb3-purse,3,1,4,0.25
harm-like,1,2,3,0.6666666666666666
survive-year,1,1,2,0.5
go-one,1,1,2,0.5
for-https://t.co/e8dl1lncvu,2,1,3,0.3333333333333333
before-u,1,3,4,0.75
of-said,7,4,11,0.36363636363636365
--during,1,3,4,0.75
more-that,4,6,10,0.6
plant-we,1,1,2,0.5
in-realize,2,1,3,0.3333333333333333
feeling-that,6,3,9,0.3333333333333333
attained-of,1,1,2,0.5
in.-of,1,2,3,0.6666666666666666
and-scene,3,4,7,0.5714285714285714
term-to,1,1,2,0.5
angel-mountain,1,1,2,0.5
bridge-out,1,1,2,0.5
performing-the,2,1,3,0.3333333333333333
#farrakhan-the,4,2,6,0.3333333333333333
first-patience,2,2,4,0.5
fire-this,6,13,19,0.6842105263157895
injury-it's,1,1,2,0.5
ahead-will,3,1,4,0.25
past-the,10,10,20,0.5
disaster-let,2,1,3,0.3333333333333333
fight-water,1,1,2,0.5
ft.-m.o.p.,1,1,2,0.5
last-night,7,4,11,0.36363636363636365
a-toilet,3,1,4,0.25
i-u,24,11,35,0.3142857142857143
(photos)-aba,7,2,9,0.2222222222222222
group-the,4,8,12,0.6666666666666666
bring-will,2,1,3,0.3333333333333333
got-is,10,3,13,0.23076923076923078
don't-from,7,2,9,0.2222222222222222
ferry-the,1,2,3,0.6666666666666666
gun-i,6,2,8,0.25
tremor-video,1,1,2,0.5
doesn't-in,3,3,6,0.5
got-in,25,8,33,0.24242424242424243
70-year,1,30,31,0.967741935483871
home-time,3,5,8,0.625
a-saved,1,8,9,0.8888888888888888
dog-that,2,1,3,0.3333333333333333
ha-watch,1,2,3,0.6666666666666666
good-one,1,1,2,0.5
ebay-power,2,1,3,0.3333333333333333
bounty-police,1,3,4,0.75
system-the,5,4,9,0.4444444444444444
ha-me,7,2,9,0.2222222222222222
1/2-have,2,1,3,0.3333333333333333
about-would,1,2,3,0.6666666666666666
every-like,5,5,10,0.5
peace-turned,4,2,6,0.3333333333333333
conference-structure,4,1,5,0.2
horror-of,2,3,5,0.6
gas-to,1,4,5,0.8
internal-to,2,1,3,0.3333333333333333
tabû_-water-resistant,2,1,3,0.3333333333333333
be-cool,3,2,5,0.4
bought-on,1,2,3,0.6666666666666666
id-my,1,1,2,0.5
the-whale,2,2,4,0.5
literally-the,10,2,12,0.16666666666666666
after-bringing,4,2,6,0.3333333333333333
life:-of,1,3,4,0.75
more-stupid,1,1,2,0.5
got-if,3,3,6,0.5
of-vote,4,1,5,0.2
#thanku-&amp;,4,2,6,0.3333333333333333
me-who,6,1,7,0.14285714285714285
#kerricktrial-is,2,2,4,0.5
#best-rescue,1,7,8,0.875
army-http://t.co/encmhz6y34,5,1,6,0.16666666666666666
#michelebachman-the,1,1,2,0.5
in-one,24,31,55,0.5636363636363636
bombed-i,4,1,5,0.2
blast-heard,13,3,16,0.1875
&amp;-volcano,2,1,3,0.3333333333333333
destruction-of,11,11,22,0.5
beer-in,1,2,3,0.6666666666666666
of-thought,2,2,4,0.5
d.b.-only,1,1,2,0.5
an-joe,1,1,2,0.5
maj-of,1,2,3,0.6666666666666666
of-own,7,1,8,0.125
arsonist-in,1,2,3,0.6666666666666666
need-stand,2,1,3,0.3333333333333333
1/2-in,1,1,2,0.5
after-odeon,1,4,5,0.8
for-paris,1,1,2,0.5
emergency-present,1,1,2,0.5
mass-me,2,1,3,0.3333333333333333
linkury-the,5,2,7,0.2857142857142857
lady-tension,2,1,3,0.3333333333333333
black-what,1,3,4,0.75
i-isn't,2,2,4,0.5
ass.-breaking,13,3,16,0.1875
found-mayan,1,1,2,0.5
apocalyptic-sister,1,1,2,0.5
came-her,1,1,2,0.5
...-been,2,4,6,0.6666666666666666
http://t.co/pyehwodwun-to,1,1,2,0.5
an-say,1,3,4,0.75
targeting-watch,2,1,3,0.3333333333333333
&amp;-did,2,1,3,0.3333333333333333
home.-the,1,2,3,0.6666666666666666
in-killed,3,85,88,0.9659090909090909
because-wa,5,3,8,0.375
god-trouble,1,1,2,0.5
and-crippling,1,1,2,0.5
survived-this,1,2,3,0.6666666666666666
eye-for,2,1,3,0.3333333333333333
cloud-rain,1,1,2,0.5
a-cannon,1,1,2,0.5
it-sorry,1,1,2,0.5
danger-in,8,6,14,0.42857142857142855
smoke-they,1,1,2,0.5
lead-letûªs,3,1,4,0.25
hot-would,1,1,2,0.5
can't-them,2,1,3,0.3333333333333333
)-a,1,1,2,0.5
cree-fog,6,1,7,0.14285714285714285
blood-idea,1,1,2,0.5
all-who,1,1,2,0.5
don't-how,5,2,7,0.2857142857142857
administration-to,1,2,3,0.6666666666666666
follow-the,4,3,7,0.42857142857142855
i'm-you.,3,2,5,0.4
an-place.,1,1,2,0.5
in-option,1,1,2,0.5
any-pray,5,1,6,0.16666666666666666
early-on,1,2,3,0.6666666666666666
7-is,1,2,3,0.6666666666666666
music-police,1,1,2,0.5
a-cut,1,3,4,0.75
side-to,7,1,8,0.125
economic-on,1,1,2,0.5
is-truly,1,1,2,0.5
level-reshapes,1,2,3,0.6666666666666666
down-on,2,8,10,0.8
reward-saving,2,2,4,0.5
of-sixth,1,1,2,0.5
longer-to,6,12,18,0.6666666666666666
killing-of,1,3,4,0.75
a-gone,2,3,5,0.6
by-film,1,1,2,0.5
out-when,8,2,10,0.2
town-with,1,1,2,0.5
doe-to,7,2,9,0.2222222222222222
&amp;-team,2,1,3,0.3333333333333333
are-thing,3,1,4,0.25
can-how,10,4,14,0.2857142857142857
i'm-mad,1,2,3,0.6666666666666666
reading-the,3,4,7,0.5714285714285714
and-terror,1,2,3,0.6666666666666666
weapon-your,6,5,11,0.45454545454545453
i-update,2,1,3,0.3333333333333333
house-out,1,2,3,0.6666666666666666
can't-watch,2,1,3,0.3333333333333333
and-youth,1,1,2,0.5
but-mo,1,1,2,0.5
enugu-international,7,1,8,0.125
that-wall,1,1,2,0.5
finnish-reactor,2,1,3,0.3333333333333333
an-you,30,6,36,0.16666666666666666
his-on,16,2,18,0.1111111111111111
act-this,2,2,4,0.5
a-rocket,3,1,4,0.25
burning-or,1,2,3,0.6666666666666666
in-wrecked,2,1,3,0.3333333333333333
fashionable-tabû_,2,1,3,0.3333333333333333
others-who,1,1,2,0.5
out-over,5,1,6,0.16666666666666666
sound-to,16,5,21,0.23809523809523808
#prebreak-horrible,4,1,5,0.2
careful-is,4,1,5,0.2
according-teen,1,1,2,0.5
must-the,3,16,19,0.8421052631578947
and-high,7,2,9,0.2222222222222222
but-with,23,3,26,0.11538461538461539
be-neighbour's,13,3,16,0.1875
a-and,399,205,604,0.3394039735099338
demolition-old,1,1,2,0.5
covered-medium,1,1,2,0.5
atomic-lightning,2,3,5,0.6
planned-that,1,1,2,0.5
quite-to,4,1,5,0.2
#somalia-take,1,4,5,0.8
mile-on,2,1,3,0.3333333333333333
but-ferguson,1,1,2,0.5
former-philippine,1,1,2,0.5
interesting-the,3,2,5,0.4
love-what,3,1,4,0.25
want-winston,1,1,2,0.5
my-something,2,2,4,0.5
texas-windstorm,7,4,11,0.36363636363636365
collection-star,1,1,2,0.5
hi-i,6,2,8,0.25
#quote-is,9,4,13,0.3076923076923077
also-some,1,1,2,0.5
boat-lamp,3,1,4,0.25
playing-violent,1,1,2,0.5
and-gone,3,1,4,0.25
2-collapse,1,2,3,0.6666666666666666
have-that,42,17,59,0.288135593220339
road-we,1,1,2,0.5
--ave,1,6,7,0.8571428571428571
eye-the,13,8,21,0.38095238095238093
2-wa,1,2,3,0.6666666666666666
'second'-and,1,1,2,0.5
an-my,12,3,15,0.2
father-to,2,2,4,0.5
red-light-vega,1,1,2,0.5
about-if,11,3,14,0.21428571428571427
not-you,37,2,39,0.05128205128205128
i-nearly,4,1,5,0.2
in-news,2,25,27,0.9259259259259259
#yahistorical-noonan@cindynoonan-heartbreak,1,1,2,0.5
a-noise,2,1,3,0.3333333333333333
my-nearby.,13,3,16,0.1875
will-world,2,1,3,0.3333333333333333
wanna-when,1,1,2,0.5
quarantine-reddit,29,3,32,0.09375
a-british,3,4,7,0.5714285714285714
the-walk,5,4,9,0.4444444444444444
allow-of,1,1,2,0.5
just-song,1,1,2,0.5
for-today.,3,1,4,0.25
all-blown,3,1,4,0.25
back-the,53,27,80,0.3375
happen-waiting,1,1,2,0.5
market-sparked,4,1,5,0.2
#thunder-this,1,1,2,0.5
collision-no-rd,1,1,2,0.5
it-realise,4,3,7,0.42857142857142855
not-thunder,1,1,2,0.5
black-storm,1,1,2,0.5
go-many,16,2,18,0.1111111111111111
and-toronto,1,1,2,0.5
describes-surah,2,1,3,0.3333333333333333
.-top,1,1,2,0.5
change-texas,6,4,10,0.4
from-those,3,24,27,0.8888888888888888
casualty-on,1,4,5,0.8
screamed-when,4,1,5,0.2
back-traffic,2,2,4,0.5
look-riot,1,2,3,0.6666666666666666
#reflect-thinking,2,1,3,0.3333333333333333
from-thunderstorm,1,2,3,0.6666666666666666
at-hazardous,3,3,6,0.5
must-powerful,1,1,2,0.5
emergency-help,1,1,2,0.5
over-the...,1,1,2,0.5
average-of,1,1,2,0.5
#handbag-shoulder,6,1,7,0.14285714285714285
demolish-government,5,1,6,0.16666666666666666
a-west,1,3,4,0.75
it's-only,1,2,3,0.6666666666666666
blanket-wire,1,1,2,0.5
so-wonder,3,1,4,0.25
old-so,1,1,2,0.5
it-mention,8,3,11,0.2727272727272727
got-movie,1,2,3,0.6666666666666666
our-that,3,2,5,0.4
closed-the,2,4,6,0.6666666666666666
player-violent,1,1,2,0.5
all-survived,1,1,2,0.5
a-replace,4,1,5,0.2
comment-seek,7,3,10,0.3
and-did,13,4,17,0.23529411764705882
chemical-for,4,4,8,0.5
rt-sister,1,1,2,0.5
i-shit,17,10,27,0.37037037037037035
is-steve,1,1,2,0.5
could-injury,1,1,2,0.5
more-nuclear,1,2,3,0.6666666666666666
those-up,1,1,2,0.5
fine-you,1,1,2,0.5
people-stop,1,1,2,0.5
fully-that,1,2,3,0.6666666666666666
all-can,6,2,8,0.25
in-which,10,9,19,0.47368421052631576
and...-apc,2,1,3,0.3333333333333333
be-ha,14,4,18,0.2222222222222222
of-photo:,2,2,4,0.5
notice-of,4,5,9,0.5555555555555556
is-through,4,3,7,0.42857142857142855
thanks-the,7,5,12,0.4166666666666667
for-then,7,3,10,0.3
just-would,3,1,4,0.25
blessing-pray,5,1,6,0.16666666666666666
lab-secret,1,2,3,0.6666666666666666
heat-to,4,11,15,0.7333333333333333
and-say,17,6,23,0.2608695652173913
much-request,1,1,2,0.5
a-wanted,8,1,9,0.1111111111111111
by-one,6,1,7,0.14285714285714285
at-ha,4,15,19,0.7894736842105263
and-global,2,1,3,0.3333333333333333
all-for,18,9,27,0.3333333333333333
of-you,132,26,158,0.16455696202531644
hazard-will,1,1,2,0.5
exit-md,1,4,5,0.8
bad-to,7,2,9,0.2222222222222222
careless-whole,1,1,2,0.5
in-longer,5,11,16,0.6875
say-wound,1,1,2,0.5
lot-parking,2,1,3,0.3333333333333333
ain't-going,1,1,2,0.5
be-month,1,2,3,0.6666666666666666
level-strike,1,1,2,0.5
force-violent,1,1,2,0.5
leather-new,11,1,12,0.08333333333333333
see-with,9,2,11,0.18181818181818182
look-worse,1,1,2,0.5
go-someone,1,1,2,0.5
before-how,2,1,3,0.3333333333333333
i-out,67,8,75,0.10666666666666667
off-so,2,4,6,0.6666666666666666
the-thus,1,2,3,0.6666666666666666
a-walmart,1,4,5,0.8
sinking-you,15,5,20,0.25
of-sure.,1,1,2,0.5
d.b.-rt,1,1,2,0.5
then-to,22,10,32,0.3125
country-poverty,1,1,2,0.5
here-we,4,5,9,0.5555555555555556
violent-what,1,2,3,0.6666666666666666
of-why,25,8,33,0.24242424242424243
the-today.,13,2,15,0.13333333333333333
emergency-from,2,7,9,0.7777777777777778
best-like,3,1,4,0.25
i'm-we,1,4,5,0.8
baby-pandemonium,8,4,12,0.3333333333333333
another-posted,1,1,2,0.5
get-why,2,1,3,0.3333333333333333
deal-i,4,2,6,0.3333333333333333
cyclone-jet,1,1,2,0.5
in-officer,2,15,17,0.8823529411764706
help-via,1,1,2,0.5
and-terrorist.,1,1,2,0.5
in-wife,5,3,8,0.375
by-ii,1,1,2,0.5
fight-survivor,1,3,4,0.75
by-river,1,2,3,0.6666666666666666
an-home,1,3,4,0.75
at-her,5,4,9,0.4444444444444444
for-officer,1,3,4,0.75
building-so,1,2,3,0.6666666666666666
mention-the,1,2,3,0.6666666666666666
hit-i,7,6,13,0.46153846153846156
calgary-weather,2,2,4,0.5
at-thursday,2,1,3,0.3333333333333333
have-on,34,17,51,0.3333333333333333
involving-ship,8,1,9,0.1111111111111111
crash-from,2,5,7,0.7142857142857143
living-scared,1,1,2,0.5
scream-wanna,1,1,2,0.5
totally-what,4,1,5,0.2
all-open,1,2,3,0.6666666666666666
government-illegal,5,1,6,0.16666666666666666
damage-this,2,1,3,0.3333333333333333
a-fatality,12,11,23,0.4782608695652174
about-will,4,1,5,0.2
people-while,2,1,3,0.3333333333333333
disaster-more,1,2,3,0.6666666666666666
are-medical,1,1,2,0.5
21:1023-top,1,1,2,0.5
have-to,127,46,173,0.2658959537572254
shame-that,1,1,2,0.5
#world-transport,1,1,2,0.5
morning-the,2,6,8,0.75
for-rt:,1,1,2,0.5
#frontpage:-cut,1,2,3,0.6666666666666666
mining-work,3,1,4,0.25
caught-fire,2,7,9,0.7777777777777778
eye-ship,8,1,9,0.1111111111111111
a-rubber,1,2,3,0.6666666666666666
account-the,1,3,4,0.75
to-toilet,2,1,3,0.3333333333333333
end-see,3,1,4,0.25
nuclear-obama,1,1,2,0.5
in-teen,3,1,4,0.25
catastrophe.-this,1,2,3,0.6666666666666666
on-runner,1,1,2,0.5
am-is,7,4,11,0.36363636363636365
out.-the,8,5,13,0.38461538461538464
it-they,18,5,23,0.21739130434782608
no-tonight,3,2,5,0.4
and-give,4,2,6,0.3333333333333333
fall-for,4,2,6,0.3333333333333333
not-today,2,1,3,0.3333333333333333
are-it,12,10,22,0.45454545454545453
coffee-to,1,1,2,0.5
hunger-it,1,1,2,0.5
it's-make,10,1,11,0.09090909090909091
but-doesn't,4,1,5,0.2
a-kinda,2,2,4,0.5
cinema-film,1,4,5,0.8
to-u,35,25,60,0.4166666666666667
vote:-you!,2,1,3,0.3333333333333333
for-idea,2,1,3,0.3333333333333333
2.1a-car,1,1,2,0.5
hard-who,1,1,2,0.5
are-of,52,59,111,0.5315315315315315
a-fleet,8,1,9,0.1111111111111111
the-wreck,9,7,16,0.4375
this-wrong,3,2,5,0.4
and-use,5,2,7,0.2857142857142857
it-wasn't,7,1,8,0.125
and-risk,2,2,4,0.5
couple-mountaineering,2,1,3,0.3333333333333333
rt-to,9,6,15,0.4
funtenna:-hijacking,12,5,17,0.29411764705882354
and-can't,17,4,21,0.19047619047619047
all-hit,1,1,2,0.5
+-wa,4,1,5,0.2
after-now,1,1,2,0.5
horror;-people;,1,4,5,0.8
this-volcano,1,1,2,0.5
is-life,14,6,20,0.3
head-santa,1,1,2,0.5
her-twister,1,1,2,0.5
at-rather,1,1,2,0.5
school-with,2,1,3,0.3333333333333333
#quote-the,6,2,8,0.25
me-might,2,1,3,0.3333333333333333
robert-the,1,1,2,0.5
do-kill,3,1,4,0.25
--latest,9,3,12,0.25
show-up.,4,1,5,0.2
time-whole,3,3,6,0.5
4-with,1,3,4,0.75
about-losing,1,1,2,0.5
#insurance-to,1,1,2,0.5
need-that,6,3,9,0.3333333333333333
it-left,2,1,3,0.3333333333333333
thunder-woke,1,1,2,0.5
original-the,5,1,6,0.16666666666666666
answer-to,7,2,9,0.2222222222222222
car-drive,2,2,4,0.5
any-library:,2,2,4,0.5
#afterlife-donûªt,4,1,5,0.2
die-of,3,2,5,0.4
describes-piling,2,1,3,0.3333333333333333
company-in,2,2,4,0.5
i-moment,4,1,5,0.2
delivers-face,8,3,11,0.2727272727272727
cleared:incident-injury:i-495,1,2,3,0.6666666666666666
me-today,3,2,5,0.4
caution:-your,1,1,2,0.5
--a...,1,2,3,0.6666666666666666
#globalwarming!!-accept,1,1,2,0.5
train-wa,3,7,10,0.7
know-never,3,3,6,0.5
hellfire!-so,3,1,4,0.25
of-threat,4,3,7,0.42857142857142855
change-our,1,1,2,0.5
act-is,2,1,3,0.3333333333333333
are-year,4,3,7,0.42857142857142855
could-tomorrow,2,1,3,0.3333333333333333
#michelebachman-firey,1,1,2,0.5
just-said,2,1,3,0.3333333333333333
--hazard,6,4,10,0.4
situation-u,1,2,3,0.6666666666666666
crashed-he,2,2,4,0.5
a-reporting,1,3,4,0.75
new-weapon,8,1,9,0.1111111111111111
background-in,1,1,2,0.5
is-the,417,214,631,0.33914421553090335
say-to,26,12,38,0.3157894736842105
morning-right,1,1,2,0.5
during-to,3,7,10,0.7
enemy-life,5,1,6,0.16666666666666666
for-victim,3,8,11,0.7272727272727273
mmmmmm-ooh...,1,1,2,0.5
i'll-me,3,1,4,0.25
trauma-wa,4,1,5,0.2
#rioting-noonan@cindynoonan-heartbreak,1,1,2,0.5
a-disruptive,1,2,3,0.6666666666666666
of-we're,3,3,6,0.5
look-this,6,4,10,0.4
in-suffering,2,1,3,0.3333333333333333
would-your,3,2,5,0.4
at-watching,1,1,2,0.5
is-to,192,104,296,0.35135135135135137
new-those,1,1,2,0.5
(photos)-woman,7,2,9,0.2222222222222222
is-year,10,7,17,0.4117647058823529
real-that,1,1,2,0.5
time-way,1,1,2,0.5
emergency-sf,2,1,3,0.3333333333333333
in-sure,3,3,6,0.5
hereûªs-terrorist,1,1,2,0.5
--responder,2,2,4,0.5
@change-horse...,5,3,8,0.375
in-los,1,2,3,0.6666666666666666
mass-what,1,2,3,0.6666666666666666
something-to,10,7,17,0.4117647058823529
beam-light,3,1,4,0.25
a-fix,3,1,4,0.25
#isis-truth...,3,4,7,0.5714285714285714
can't-we,2,2,4,0.5
breaking-heard,13,3,16,0.1875
collapse-worst,1,1,2,0.5
mean-not,3,1,4,0.25
back-my,19,1,20,0.05
after-uk,1,1,2,0.5
be-police,2,1,3,0.3333333333333333
moral-the,1,4,5,0.8
of-tribal,4,3,7,0.42857142857142855
who-working,1,1,2,0.5
@corleonedaboss-isn't,1,1,2,0.5
made-to,9,4,13,0.3076923076923077
:-and,4,6,10,0.6
&amp;-some,5,2,7,0.2857142857142857
black-new,1,1,2,0.5
i-nearby.,13,3,16,0.1875
end-in,6,3,9,0.3333333333333333
a-quality,2,1,3,0.3333333333333333
@cnnbrk-a,1,2,3,0.6666666666666666
&amp;-evacuate,2,1,3,0.3333333333333333
blow-to,1,2,3,0.6666666666666666
and-mark,2,1,3,0.3333333333333333
mining-truck,3,1,4,0.25
spectacular-will,2,1,3,0.3333333333333333
i-still,23,6,29,0.20689655172413793
island-it,1,3,4,0.75
in-self-image?,2,1,3,0.3333333333333333
now-would,1,2,3,0.6666666666666666
:-gem,2,2,4,0.5
set-the,17,8,25,0.32
defense-not,1,1,2,0.5
is-u.s.,1,2,3,0.6666666666666666
out-she,7,3,10,0.3
daughter-twister,1,1,2,0.5
crime-what,1,2,3,0.6666666666666666
derail-the,15,5,20,0.25
everyone-ha,1,1,2,0.5
free-this,1,1,2,0.5
a-blame,1,1,2,0.5
#wealth-humaza.,2,1,3,0.3333333333333333
association-insurance,1,1,2,0.5
no-real,2,1,3,0.3333333333333333
to-w,1,1,2,0.5
my-off,7,3,10,0.3
in-survive,3,4,7,0.5714285714285714
an-most,1,1,2,0.5
????-next,1,1,2,0.5
a-route,3,2,5,0.4
an-site,2,1,3,0.3333333333333333
god-of,24,2,26,0.07692307692307693
i'll-like,2,1,3,0.3333333333333333
friend-of,7,1,8,0.125
feed-syrian,3,1,4,0.25
police-the,11,22,33,0.6666666666666666
a-know,55,13,68,0.19117647058823528
#ibooklove-smoky,1,2,3,0.6666666666666666
gotten-is,2,1,3,0.3333333333333333
is-week,4,1,5,0.2
our-us.,1,1,2,0.5
of-pledge,1,1,2,0.5
in-such,5,2,7,0.2857142857142857
purse-tote,10,1,11,0.09090909090909091
also-that,1,3,4,0.75
mean-this,1,2,3,0.6666666666666666
came-it,6,6,12,0.5
body-the,23,18,41,0.43902439024390244
action-year,3,4,7,0.5714285714285714
police-weak,1,1,2,0.5
&amp;-wild,1,2,3,0.6666666666666666
at-death,1,3,4,0.75
for-if,19,3,22,0.13636363636363635
--tip,1,1,2,0.5
not-of,41,29,70,0.4142857142857143
big-ten,1,1,2,0.5
an-building,1,2,3,0.6666666666666666
abandon-the,3,2,5,0.4
involved-the,2,3,5,0.6
is-minister,1,1,2,0.5
should-with,8,1,9,0.1111111111111111
it-mind,1,1,2,0.5
completely-is,1,1,2,0.5
body-when,1,1,2,0.5
hijacking-will,1,1,2,0.5
black-this,1,1,2,0.5
angry-displaced,4,2,6,0.3333333333333333
and-hijacking,1,1,2,0.5
hate-house,1,1,2,0.5
send-sound,12,5,17,0.29411764705882354
piece-to,1,1,2,0.5
of-remain,2,1,3,0.3333333333333333
falling-the,2,6,8,0.75
didn't-even,1,2,3,0.6666666666666666
be-petition!take,1,1,2,0.5
cree-lamp,9,2,11,0.18181818181818182
ha-i,29,2,31,0.06451612903225806
if-what,11,8,19,0.42105263157894735
peace-war,4,2,6,0.3333333333333333
the-thunder,11,7,18,0.3888888888888889
and-wanted,5,2,7,0.2857142857142857
me-over,5,3,8,0.375
banquet-syrian,1,1,2,0.5
building-police,1,3,4,0.75
day-than,1,1,2,0.5
better-than,14,2,16,0.125
notice-stabbing,1,4,5,0.8
on-star,1,1,2,0.5
become-when,1,1,2,0.5
flood-will,1,1,2,0.5
2015]-[black,12,5,17,0.29411764705882354
is-|,4,4,8,0.5
i-my,315,81,396,0.20454545454545456
look-my,18,7,25,0.28
be-live,1,2,3,0.6666666666666666
on-short,1,1,2,0.5
department-is,1,1,2,0.5
beautiful-to,3,2,5,0.4
and-leading,1,2,3,0.6666666666666666
small-wa,1,2,3,0.6666666666666666
are-using,1,1,2,0.5
i-very,6,1,7,0.14285714285714285
invoices.-pay',6,1,7,0.14285714285714285
didn't-i'm,1,1,2,0.5
is-together,2,1,3,0.3333333333333333
survive-you,8,2,10,0.2
a-couple,11,3,14,0.21428571428571427
i'm-mean,2,1,3,0.3333333333333333
crowd-to,2,1,3,0.3333333333333333
street-the,7,14,21,0.6666666666666666
ha-his,4,3,7,0.42857142857142855
about-did,2,5,7,0.7142857142857143
bang-out,2,1,3,0.3333333333333333
a-video:,2,6,8,0.75
i-okay.,1,1,2,0.5
+-had,1,1,2,0.5
3g-you,4,3,7,0.42857142857142855
heard-unconfirmed!,13,3,16,0.1875
a-something,5,5,10,0.5
--all,8,3,11,0.2727272727272727
and-son!,2,1,3,0.3333333333333333
we-working,1,1,2,0.5
i-might,11,2,13,0.15384615384615385
been-first,2,2,4,0.5
couple-syrian,3,2,5,0.4
first-time,6,2,8,0.25
derailed-the,1,17,18,0.9444444444444444
make-t,1,1,2,0.5
in-last,16,9,25,0.36
a-larger,3,1,4,0.25
bargain-market,2,1,3,0.3333333333333333
to-update:,2,3,5,0.6
one-this,22,8,30,0.26666666666666666
about-by,6,1,7,0.14285714285714285
country-in,4,9,13,0.6923076923076923
and-iran,3,10,13,0.7692307692307693
government-state,3,1,4,0.25
fold-is,1,1,2,0.5
and-bombing,2,11,13,0.8461538461538461
next-two,1,1,2,0.5
such-we,2,1,3,0.3333333333333333
man-our,1,2,3,0.6666666666666666
data-send,12,5,17,0.29411764705882354
have-wasn't,2,2,4,0.5
4x4-offroad,6,1,7,0.14285714285714285
in-landscape,1,1,2,0.5
car-were,1,1,2,0.5
don't-it's,2,3,5,0.6
nature-to,2,1,3,0.3333333333333333
breaking-what,13,3,16,0.1875
it-realized,2,3,5,0.6
now-will,24,8,32,0.25
into-you,15,5,20,0.25
from-why,1,2,3,0.6666666666666666
nah-the,3,1,4,0.25
coming-this,5,1,6,0.16666666666666666
fact-like,1,1,2,0.5
surah-the,4,2,6,0.3333333333333333
can't-with,7,3,10,0.3
apparent-to,1,1,2,0.5
deluged-stand,8,1,9,0.1111111111111111
how-that,12,8,20,0.4
by-much,5,1,6,0.16666666666666666
learn-to,15,4,19,0.21052631578947367
on-storm,2,4,6,0.6666666666666666
in-pas,2,1,3,0.3333333333333333
action-building,1,1,2,0.5
at-lake,1,2,3,0.6666666666666666
a-although,2,2,4,0.5
see-there,1,1,2,0.5
(peace-hellfire,4,2,6,0.3333333333333333
southampton-target,1,2,3,0.6666666666666666
dad-wa,2,1,3,0.3333333333333333
face-or,1,1,2,0.5
so-thing,3,2,5,0.4
free-giving,1,1,2,0.5
and-israel:,1,1,2,0.5
air-when,1,1,2,0.5
news!-to,13,3,16,0.1875
back-i,21,10,31,0.3225806451612903
for-player,1,2,3,0.6666666666666666
keep-off,1,2,3,0.6666666666666666
banned-horrible,15,2,17,0.11764705882352941
burning-it,4,5,9,0.5555555555555556
surrounded-you!,4,1,5,0.2
1970-429cj,1,1,2,0.5
a-being,28,20,48,0.4166666666666667
guy-some,2,2,4,0.5
fedex-research,3,3,6,0.5
for-love,9,1,10,0.1
by-future,1,1,2,0.5
it-tornado,2,5,7,0.7142857142857143
i-watching,3,4,7,0.5714285714285714
america'-to,2,2,4,0.5
soldier-wounded,1,4,5,0.8
destroy-his,1,1,2,0.5
--you,18,3,21,0.14285714285714285
of-planet,1,2,3,0.6666666666666666
light-make,1,1,2,0.5
show-them,1,1,2,0.5
about-them,1,1,2,0.5
may-school,1,1,2,0.5
a-gave,9,1,10,0.1
going-guy,1,1,2,0.5
ooh...-oooh,1,1,2,0.5
53inch-cree,6,1,7,0.14285714285714285
i'm-or,3,4,7,0.5714285714285714
country-wa,1,2,3,0.6666666666666666
burning-fight,1,1,2,0.5
may-the,26,7,33,0.21212121212121213
campus-emergency,1,1,2,0.5
may-more,2,3,5,0.6
exploded.-it,1,2,3,0.6666666666666666
??????-have,2,1,3,0.3333333333333333
damage-of,4,2,6,0.3333333333333333
away-let,1,2,3,0.6666666666666666
a-empty,1,1,2,0.5
destroy-of,1,2,3,0.6666666666666666
apollo-brown,10,4,14,0.2857142857142857
pakistan-the,3,3,6,0.5
ha-u.s.,1,4,5,0.8
cause-to,10,9,19,0.47368421052631576
gem-the,10,6,16,0.375
3-which,1,1,2,0.5
reading-you,1,1,2,0.5
that-this,17,12,29,0.41379310344827586
death-they,2,3,5,0.6
be-while,1,3,4,0.75
a-reminds,1,1,2,0.5
nation-of,3,2,5,0.4
donûªt-you!,4,1,5,0.2
the-year,28,68,96,0.7083333333333334
in-transport,5,13,18,0.7222222222222222
song-the,19,1,20,0.05
isn't-on,2,1,3,0.3333333333333333
body-there,1,1,2,0.5
if-the,87,37,124,0.29838709677419356
isi-to,1,6,7,0.8571428571428571
by-poverty,2,1,3,0.3333333333333333
building-real,1,1,2,0.5
it-survived,2,4,6,0.6666666666666666
blood-my,7,2,9,0.2222222222222222
on-twitter,6,1,7,0.14285714285714285
someone-would,3,2,5,0.4
can't-up,3,1,4,0.25
screaming-wa,4,1,5,0.2
sometimes-to,1,1,2,0.5
like-still,5,4,9,0.4444444444444444
germ-transport,5,11,16,0.6875
#ptsdchat-the,1,2,3,0.6666666666666666
cyclone-would,2,1,3,0.3333333333333333
banned-subreddits,15,2,17,0.11764705882352941
banned-many,16,2,18,0.1111111111111111
front-it,2,2,4,0.5
him-my,6,3,9,0.3333333333333333
in-pdp:,1,1,2,0.5
from-he,7,3,10,0.3
star-war,2,1,3,0.3333333333333333
'it's-of,1,5,6,0.8333333333333334
on-wrong,1,1,2,0.5
do-this,6,4,10,0.4
day-have,7,8,15,0.5333333333333333
6-6+,1,1,2,0.5
arriving-in,2,1,3,0.3333333333333333
space-with,11,1,12,0.08333333333333333
spinning-to,1,1,2,0.5
should-them,2,2,4,0.5
breaking-loud,13,3,16,0.1875
ash-to,1,1,2,0.5
cut-lab,1,2,3,0.6666666666666666
but-hand,1,2,3,0.6666666666666666
day-you,7,2,9,0.2222222222222222
harm-never,1,2,3,0.6666666666666666
in-massive,1,2,3,0.6666666666666666
anyone-that,3,2,5,0.4
15-is,1,1,2,0.5
indian-that,2,3,5,0.6
evacuated-in,1,7,8,0.875
devastation-to,2,6,8,0.75
2-round,2,1,3,0.3333333333333333
jewish-the,1,1,2,0.5
a-london,3,3,6,0.5
catastrophic-only,1,1,2,0.5
2-blessing,5,1,6,0.16666666666666666
of-sun.,2,1,3,0.3333333333333333
burning....-ooh...,1,1,2,0.5
do-won't,2,1,3,0.3333333333333333
all-islam,1,1,2,0.5
go-would,3,1,4,0.25
already-to,7,3,10,0.3
beautiful-lizard,1,1,2,0.5
at-risk,2,3,5,0.6
earthquake-tsunami,2,4,6,0.6666666666666666
a-make,29,13,42,0.30952380952380953
their-way,2,2,4,0.5
...-australia,1,1,2,0.5
and-stepped,3,1,4,0.25
--interlaken,1,1,2,0.5
and-sent,2,1,3,0.3333333333333333
all-been,7,4,11,0.36363636363636365
sick-with,1,1,2,0.5
one-shit,1,1,2,0.5
i-side,3,1,4,0.25
of-pakistan.,2,1,3,0.3333333333333333
https://t.co/rqwuoy1fm4-people;,1,3,4,0.75
deal-feel,1,1,2,0.5
do-wait,1,2,3,0.6666666666666666
it-lovely,2,1,3,0.3333333333333333
say-what,2,2,4,0.5
31-inner,1,4,5,0.8
the-too.,3,1,4,0.25
take-via,1,1,2,0.5
thing-u,4,1,5,0.2
is-today,3,6,9,0.6666666666666666
chase-not,1,1,2,0.5
for-to,155,71,226,0.3141592920353982
tornado-you,1,4,5,0.8
here-moment,1,1,2,0.5
how-them,6,4,10,0.4
inundated-the,8,1,9,0.1111111111111111
of-through,3,4,7,0.5714285714285714
a-tornado,11,19,30,0.6333333333333333
and-white,6,2,8,0.25
i-late,9,1,10,0.1
by-photo:,1,1,2,0.5
inside-outside,1,1,2,0.5
few-people,1,2,3,0.6666666666666666
how-those,1,1,2,0.5
breathing-hazardous,1,1,2,0.5
??-car,1,2,3,0.6666666666666666
literally-today,1,1,2,0.5
idea-is,1,2,3,0.6666666666666666
next-w/,1,1,2,0.5
--mail,1,2,3,0.6666666666666666
and-shift,3,1,4,0.25
of-took,2,3,5,0.6
cruz-obama,1,1,2,0.5
that-tv,2,1,3,0.3333333333333333
death-real,1,2,3,0.6666666666666666
#hot-in,3,21,24,0.875
around-getting,1,1,2,0.5
meltdown-on,2,1,3,0.3333333333333333
truck-when,1,3,4,0.75
bloody-hell,3,1,4,0.25
look-that,9,7,16,0.4375
it-stop,4,1,5,0.2
#russia-to,1,1,2,0.5
last-week.,2,1,3,0.3333333333333333
body-were,2,1,3,0.3333333333333333
more-of,26,50,76,0.6578947368421053
now-of,15,23,38,0.6052631578947368
6-year,1,1,2,0.5
ha-state,1,2,3,0.6666666666666666
so-work,3,2,5,0.4
autobiography-general,1,1,2,0.5
a-destruction,7,1,8,0.125
he-u,5,2,7,0.2857142857142857
blast-neighbour's,13,3,16,0.1875
a-oil,4,6,10,0.6
have-killed,1,7,8,0.875
to-transformation,1,1,2,0.5
believe-can't,3,3,6,0.5
deluged-top,9,1,10,0.1
pace-walking,1,1,2,0.5
from-wowo--===,1,1,2,0.5
can't-to,22,8,30,0.26666666666666666
apc-pdp:,1,1,2,0.5
http://t.co/9nwajli9cr-in,1,1,2,0.5
area.-the,4,9,13,0.6923076923076923
a-day,32,12,44,0.2727272727272727
burning-old,1,3,4,0.75
bottom-is,1,1,2,0.5
&amp;-wasn't,1,1,2,0.5
:p-i,4,2,6,0.3333333333333333
drowned-today,1,1,2,0.5
from-her,3,3,6,0.5
newlywed-syrian,2,1,3,0.3333333333333333
injury-no,1,3,4,0.75
how-work,2,1,3,0.3333333333333333
#forever-piling,2,1,3,0.3333333333333333
hostage-i'm,2,1,3,0.3333333333333333
am-getting,1,2,3,0.6666666666666666
a-criminal,2,1,3,0.3333333333333333
idk-it,1,1,2,0.5
beautiful-we,1,1,2,0.5
i-of,225,87,312,0.27884615384615385
12-and,2,1,3,0.3333333333333333
#hampshire-the,1,1,2,0.5
get-some,12,4,16,0.25
research-transporting,1,2,3,0.6666666666666666
&amp;-them,9,3,12,0.25
by-prophet,4,2,6,0.3333333333333333
bad-it,8,6,14,0.42857142857142855
70-of,2,25,27,0.9259259259259259
claim-that,2,3,5,0.6
burned-home,1,1,2,0.5
#hellfire-last,2,1,3,0.3333333333333333
humaza.-thinking,2,1,3,0.3333333333333333
san-star,1,1,2,0.5
@usatoday-to,1,4,5,0.8
trying-used,1,1,2,0.5
97/georgia-inner,1,4,5,0.8
of-week,7,3,10,0.3
census-in,1,1,2,0.5
injury-with,4,2,6,0.3333333333333333
dame-the,1,1,2,0.5
a-down,19,14,33,0.42424242424242425
#genocide;-.potus,1,4,5,0.8
on-windstorm,6,2,8,0.25
let-wa,2,3,5,0.6
destroyed-space,8,1,9,0.1111111111111111
escape-fire,1,1,2,0.5
#news-death,1,1,2,0.5
meal-you're,3,1,4,0.25
almost-for,4,2,6,0.3333333333333333
may-your,7,3,10,0.3
sister-video,1,1,2,0.5
and-middle,4,2,6,0.3333333333333333
my-your,17,3,20,0.15
is-problem,4,3,7,0.42857142857142855
today-work,2,1,3,0.3333333333333333
i.e.-in,4,2,6,0.3333333333333333
degree-i,1,1,2,0.5
electrocuted-where,1,1,2,0.5
in-shift,1,4,5,0.8
from-giving,4,2,6,0.3333333333333333
building-up,2,3,5,0.6
get-real,1,1,2,0.5
and-passed,1,1,2,0.5
feel-may,1,1,2,0.5
im-it,7,4,11,0.36363636363636365
it-iûªm,1,2,3,0.6666666666666666
man-year,2,2,4,0.5
first-need,2,1,3,0.3333333333333333
movie-theatre,1,3,4,0.75
sign-the,7,5,12,0.4166666666666667
happening-my,1,1,2,0.5
and-store,1,1,2,0.5
at-than,2,1,3,0.3333333333333333
at-detonate,1,1,2,0.5
of-sunk,7,1,8,0.125
for-share,4,3,7,0.42857142857142855
sent-this,1,2,3,0.6666666666666666
http://t.co/jlzk2hdetg-image,1,1,2,0.5
obliterate-targeting,2,1,3,0.3333333333333333
annihilation-wild,5,4,9,0.4444444444444444
no-wake,5,11,16,0.6875
riot-to,9,4,13,0.3076923076923077
in-olive,2,1,3,0.3333333333333333
love-the,38,8,46,0.17391304347826086
on-photo,1,1,2,0.5
it-video,2,1,3,0.3333333333333333
at-never,2,4,6,0.6666666666666666
hit-i'm,1,2,3,0.6666666666666666
53inch-combo,6,1,7,0.14285714285714285
fire-where,1,3,4,0.75
eye-that,2,1,3,0.3333333333333333
just-wanted,4,2,6,0.3333333333333333
and-we're,8,1,9,0.1111111111111111
displaced-horror;,1,4,5,0.8
after-coffee,1,1,2,0.5
all-survive,1,2,3,0.6666666666666666
'the-failure,1,2,3,0.6666666666666666
but-news,1,1,2,0.5
major-on,1,2,3,0.6666666666666666
terrorist-the,3,23,26,0.8846153846153846
right-too,2,1,3,0.3333333333333333
didn't-they,1,2,3,0.6666666666666666
cuz-my,1,2,3,0.6666666666666666
a-wont,2,1,3,0.3333333333333333
new-rule,1,1,2,0.5
playing-radio:,1,1,2,0.5
this-why,7,10,17,0.5882352941176471
but-job,2,1,3,0.3333333333333333
#hot-specially,1,7,8,0.875
a-mail,1,2,3,0.6666666666666666
can't-if,5,1,6,0.16666666666666666
knee.-the,1,1,2,0.5
reading-to,2,1,3,0.3333333333333333
disaster-police,1,2,3,0.6666666666666666
forever-my,2,1,3,0.3333333333333333
japanese-the,1,7,8,0.875
hand-i,2,1,3,0.3333333333333333
be-obliterated,4,1,5,0.2
can-start,3,2,5,0.4
self-image?-with,4,1,5,0.2
very-wa,2,2,4,0.5
event-have,1,1,2,0.5
detonation-to,1,1,2,0.5
a-nice,1,2,3,0.6666666666666666
!!!-with,1,1,2,0.5
an-smoke,1,1,2,0.5
come-wave,1,1,2,0.5
a-occurred,8,1,9,0.1111111111111111
been-past,1,3,4,0.75
blaze-by,1,1,2,0.5
fruit-hail,1,1,2,0.5
don't-those,1,1,2,0.5
ave-traffic,1,2,3,0.6666666666666666
quarantined-reddit's,15,2,17,0.11764705882352941
because-worth,2,1,3,0.3333333333333333
????-there,2,1,3,0.3333333333333333
http://t.co/xssgedsbh4-violent,1,1,2,0.5
abandoned-at,1,5,6,0.8333333333333334
but-chicago,1,1,2,0.5
please-you,5,4,9,0.4444444444444444
#gbbo-chewing,1,1,2,0.5
jax-weather,1,1,2,0.5
and-very,4,3,7,0.42857142857142855
mountain-sassy,1,2,3,0.6666666666666666
so-yeah,2,1,3,0.3333333333333333
needed-to,1,2,3,0.6666666666666666
#humanconsumption-and,1,2,3,0.6666666666666666
chicago-my,2,1,3,0.3333333333333333
don't-panic,3,1,4,0.25
feed-via,1,1,2,0.5
metal-on,1,1,2,0.5
exterminate-world,1,1,2,0.5
get-you,45,8,53,0.1509433962264151
chile-hollywood,8,1,9,0.1111111111111111
of-super,2,1,3,0.3333333333333333
injured-is,1,1,2,0.5
not-their,8,2,10,0.2
park-the,13,8,21,0.38095238095238093
bag-faux,12,1,13,0.07692307692307693
firey-soon,1,1,2,0.5
police-ûò,2,1,3,0.3333333333333333
can-everyone,2,1,3,0.3333333333333333
for-try,1,1,2,0.5
at-news,6,3,9,0.3333333333333333
drowned-her,1,1,2,0.5
60-in,1,7,8,0.875
christian-i,1,1,2,0.5
set-will,2,1,3,0.3333333333333333
#wmata-when,1,2,3,0.6666666666666666
and-our,14,6,20,0.3
i'll-until,1,1,2,0.5
than-they,5,1,6,0.16666666666666666
not-tweet,2,1,3,0.3333333333333333
i-though,11,3,14,0.21428571428571427
3g-feeling,4,3,7,0.42857142857142855
ha-served,2,1,3,0.3333333333333333
just-these,1,1,2,0.5
half-over,1,1,2,0.5
2-any,5,3,8,0.375
an-one,3,3,6,0.5
bayelsa-lady,4,2,6,0.3333333333333333
ha-u,2,5,7,0.7142857142857143
are-lot,3,2,5,0.4
but-right,2,2,4,0.5
out-rain,1,1,2,0.5
my-sleep,2,1,3,0.3333333333333333
mass-why,1,1,2,0.5
a-road.,2,3,5,0.6
deal-nuclear,1,2,3,0.6666666666666666
everywhere-tried.,2,1,3,0.3333333333333333
could-good,1,2,3,0.6666666666666666
have-what,8,8,16,0.5
first-now,1,1,2,0.5
next-one,2,1,3,0.3333333333333333
allows-school,3,9,12,0.75
he-out,14,2,16,0.125
got-the,38,21,59,0.3559322033898305
are-them.,1,2,3,0.6666666666666666
body-rt,5,1,6,0.16666666666666666
&amp;-said,3,1,4,0.25
get-which,2,1,3,0.3333333333333333
at-he,3,1,4,0.25
4-got,1,1,2,0.5
bleeding-to,2,1,3,0.3333333333333333
pdp:-poll:,1,1,2,0.5
exit-loop,1,4,5,0.8
in-metal,2,2,4,0.5
if-train,2,1,3,0.3333333333333333
disaster.-just,1,1,2,0.5
destruction-to,13,1,14,0.07142857142857142
8-this,1,2,3,0.6666666666666666
content-quarantined,15,2,17,0.11764705882352941
bloody-like,1,2,3,0.6666666666666666
#gilbert23-for,2,1,3,0.3333333333333333
injury:i-495-md,1,4,5,0.8
--detonation,2,1,3,0.3333333333333333
a-others,4,1,5,0.2
it-sense,1,1,2,0.5
get-hot,2,1,3,0.3333333333333333
--fatality,4,3,7,0.42857142857142855
catastrophe-in,1,1,2,0.5
hazard-road,1,2,3,0.6666666666666666
failure-of,5,4,9,0.4444444444444444
myself-time,1,1,2,0.5
also-one,1,1,2,0.5
now-profile,1,1,2,0.5
appears-wind,13,3,16,0.1875
or-rioting,1,1,2,0.5
dog-he,1,1,2,0.5
electrocuted-my,7,2,9,0.2222222222222222
away-me,1,1,2,0.5
at-least,8,29,37,0.7837837837837838
blow-up,1,3,4,0.75
d-not,1,2,3,0.6666666666666666
seemed-the,2,2,4,0.5
how-most,1,2,3,0.6666666666666666
i'm-save,1,1,2,0.5
for-term,1,1,2,0.5
gateau-great,1,1,2,0.5
and-ferry,1,1,2,0.5
ain't-for,3,2,5,0.4
body-shoulder,29,1,30,0.03333333333333333
of-troop,1,1,2,0.5
a-left,9,6,15,0.4
#phoenix-morning,1,1,2,0.5
if-no,7,2,9,0.2222222222222222
demolished-wa,5,2,7,0.2857142857142857
getting-last,2,1,3,0.3333333333333333
in-mourning,1,4,5,0.8
blocked-destiny,5,1,6,0.16666666666666666
get-more,6,1,7,0.14285714285714285
on-well,4,2,6,0.3333333333333333
about-story,3,1,4,0.25
send-the,4,4,8,0.5
night-that,1,2,3,0.6666666666666666
stopped-who,1,1,2,0.5
fog-offroad,6,1,7,0.14285714285714285
came-when,1,2,3,0.6666666666666666
after-seeing,1,1,2,0.5
rain-with,2,2,4,0.5
blaze-my,2,2,4,0.5
jonathan-plan,5,10,15,0.6666666666666666
of-toddler,2,4,6,0.6666666666666666
up-you'll,1,1,2,0.5
conflict-the,3,2,5,0.4
--cliff,3,2,5,0.4
at-e,1,1,2,0.5
for-watching,4,2,6,0.3333333333333333
@www.cbplawyers-installation,1,1,2,0.5
scream-someone,1,1,2,0.5
of-turn,2,1,3,0.3333333333333333
a-east,1,6,7,0.8571428571428571
on-rule,8,4,12,0.3333333333333333
sure-with,2,2,4,0.5
a-obliterate,3,1,4,0.25
#prebreak-subreddits,4,1,5,0.2
bat-i,1,1,2,0.5
police-winston,1,1,2,0.5
another-ha,1,3,4,0.75
after-dead,1,16,17,0.9411764705882353
call-my,8,2,10,0.2
dont-on,2,1,3,0.3333333333333333
any-of,11,8,19,0.42105263157894735
one-think,4,2,6,0.3333333333333333
--when,3,9,12,0.75
him)-it,4,2,6,0.3333333333333333
after-see,1,1,2,0.5
shit-your,1,1,2,0.5
#hot-stadium,1,7,8,0.875
my-outside,3,2,5,0.4
when-work,3,2,5,0.4
i'm-more,6,1,7,0.14285714285714285
murder-white,1,2,3,0.6666666666666666
catastrophe-failure,1,1,2,0.5
an-them.,1,1,2,0.5
a-mark,4,6,10,0.6
be-of,81,29,110,0.2636363636363636
about-tweet,1,1,2,0.5
confirm-i,2,1,3,0.3333333333333333
??-http://t.co/zujwuiomb3,2,1,3,0.3333333333333333
saving-the,3,4,7,0.5714285714285714
due-that,1,1,2,0.5
and-hazard,3,2,5,0.4
broken-some,1,1,2,0.5
in-problem,4,4,8,0.5
&amp;-you!,2,1,3,0.3333333333333333
are-colour,6,1,7,0.14285714285714285
for-hundred,1,19,20,0.95
degree-would,1,1,2,0.5
of-room,1,1,2,0.5
and-arrested,1,4,5,0.8
the-w/heavenly,10,2,12,0.16666666666666666
#winter-snowstorm,1,1,2,0.5
check-out!,2,3,5,0.6
kept-this,1,1,2,0.5
are-today,1,3,4,0.75
aka-is,1,2,3,0.6666666666666666
how-they,7,5,12,0.4166666666666667
--take,4,4,8,0.5
many-out,2,2,4,0.5
a-dutch,1,3,4,0.75
i-yeah,8,2,10,0.2
bout-it,1,1,2,0.5
going-hope,1,1,2,0.5
die!please-https://t.co/e8dl1lncvu,1,1,2,0.5
--protect,1,1,2,0.5
2-yourself,2,3,5,0.6
5-car,2,4,6,0.6666666666666666
geyser-the,1,1,2,0.5
and-exactly,1,1,2,0.5
band-out,1,1,2,0.5
in-lot,9,2,11,0.18181818181818182
in-match,3,2,5,0.4
petition-until,2,1,3,0.3333333333333333
could-think,1,2,3,0.6666666666666666
out-wa,10,7,17,0.4117647058823529
america'-comparison,1,1,2,0.5
omg-that,2,1,3,0.3333333333333333
a-dust,8,15,23,0.6521739130434783
there's-with,4,1,5,0.2
cost-it,2,1,3,0.3333333333333333
building-city.,1,1,2,0.5
target-transfer,1,2,3,0.6666666666666666
#offers2go-slip,1,2,3,0.6666666666666666
#protectdenaliwolves-reinstate,1,1,2,0.5
300w-full,6,1,7,0.14285714285714285
--boat,7,6,13,0.46153846153846156
#ban-hazardous,1,2,3,0.6666666666666666
if-off,8,3,11,0.2727272727272727
alarm-evacuation,1,1,2,0.5
and-doesn't,4,1,5,0.2
fuck-i,7,1,8,0.125
of-shot,1,3,4,0.75
ha-save,2,1,3,0.3333333333333333
&amp;-guess,1,1,2,0.5
for-save,3,4,7,0.5714285714285714
a-straight,8,1,9,0.1111111111111111
sandstorm-to,1,1,2,0.5
chemical-the,13,6,19,0.3157894736842105
can't-leave,1,1,2,0.5
deluge-have,3,1,4,0.25
reû_-spot,6,1,7,0.14285714285714285
rate-v...,1,1,2,0.5
#quote-climate,2,1,3,0.3333333333333333
bag-tote,15,1,16,0.0625
is-summer,4,2,6,0.3333333333333333
black-your,1,2,3,0.6666666666666666
airplane-or,1,1,2,0.5
2-today,1,1,2,0.5
are-survived,4,1,5,0.2
the-west,4,10,14,0.7142857142857143
give-with,3,3,6,0.5
26-in,1,5,6,0.8333333333333334
think-want,3,1,4,0.25
and-ûò,4,3,7,0.42857142857142855
and-chocolate,2,1,3,0.3333333333333333
cup-the,2,2,4,0.5
more-than,22,54,76,0.7105263157894737
am-will,1,1,2,0.5
2-send,1,3,4,0.75
any-over,2,2,4,0.5
by-j.,2,1,3,0.3333333333333333
going-of,17,7,24,0.2916666666666667
always-her,5,1,6,0.16666666666666666
brown-california,1,1,2,0.5
have-started,1,2,3,0.6666666666666666
annihilation-to,2,3,5,0.6
dude-the,4,4,8,0.5
#genocide;-refugees;,1,4,5,0.8
cooler-wave,1,1,2,0.5
i-money,8,2,10,0.2
#kca-#votejkt48id,1,3,4,0.75
g-on,1,1,2,0.5
am-killed,1,1,2,0.5
mountain-the,4,8,12,0.6666666666666666
fedex-willing,1,1,2,0.5
are-pregnant,3,1,4,0.25
can't-from,2,3,5,0.6
design-in,3,1,4,0.25
coyote-desolation.,1,1,2,0.5
#farrakhan-climate,2,1,3,0.3333333333333333
structure-the,1,2,3,0.6666666666666666
park-salt,5,3,8,0.375
they're-who,2,1,3,0.3333333333333333
minute-up,2,24,26,0.9230769230769231
and-b,1,2,3,0.6666666666666666
#tubestrike-get,1,1,2,0.5
sick-they,1,1,2,0.5
for-local,1,1,2,0.5
battle-hasbro,1,1,2,0.5
enormous-of,1,1,2,0.5
a-silent,1,1,2,0.5
get-hard,2,1,3,0.3333333333333333
ben-building,1,1,2,0.5
be-seems,1,1,2,0.5
...-and,7,13,20,0.65
a-cop,3,7,10,0.7
cause-near,1,1,2,0.5
openly-woman,2,1,3,0.3333333333333333
school-teacher,2,1,3,0.3333333333333333
extensive-of,2,1,3,0.3333333333333333
data-hijacking,12,5,17,0.29411764705882354
emergency-recovery,1,1,2,0.5
what-you!,2,1,3,0.3333333333333333
now-what,4,4,8,0.5
after-attack,1,2,3,0.6666666666666666
change-you,6,1,7,0.14285714285714285
reshape-reshapes,1,1,2,0.5
emergency-reû_,1,1,2,0.5
#isis-#terrorism,3,4,7,0.5714285714285714
--stop,1,1,2,0.5
are-what,10,8,18,0.4444444444444444
should-the,21,12,33,0.36363636363636365
bc-i,19,3,22,0.13636363636363635
record-the,5,4,9,0.4444444444444444
eyewitness-the,1,7,8,0.875
by-machine,1,1,2,0.5
evacuation-order,1,15,16,0.9375
#quote-change.,2,1,3,0.3333333333333333
uk-with,1,1,2,0.5
bill-for,2,1,3,0.3333333333333333
if-leave,3,1,4,0.25
remember-the,11,7,18,0.3888888888888889
the-tomorrow,13,7,20,0.35
a-flame,3,4,7,0.5714285714285714
and-patient,1,1,2,0.5
are-literally,1,1,2,0.5
of-view,1,5,6,0.8333333333333334
suicide-to,1,8,9,0.8888888888888888
is-seek,2,1,3,0.3333333333333333
for-up.,1,1,2,0.5
pick-the,3,4,7,0.5714285714285714
are-it's,12,4,16,0.25
#best-quarantined,4,1,5,0.2
&amp;-vote,1,1,2,0.5
couple-of,5,3,8,0.375
of-ûò,7,2,9,0.2222222222222222
i-to,450,126,576,0.21875
or-tuned,1,1,2,0.5
a-trip,4,3,7,0.42857142857142855
army-direction,7,1,8,0.125
(twia)-texas,1,1,2,0.5
scream-you,5,1,6,0.16666666666666666
but-ship,1,1,2,0.5
mass-we've,1,2,3,0.6666666666666666
boy-it,1,1,2,0.5
for-horse,1,2,3,0.6666666666666666
--have,7,5,12,0.4166666666666667
how-if,2,2,4,0.5
after-family,2,11,13,0.8461538461538461
ended-up,1,1,2,0.5
of-picture,2,2,4,0.5
series-with,1,1,2,0.5
need-to,59,13,72,0.18055555555555555
you-youtube,3,1,4,0.25
is-spent,1,1,2,0.5
and-marine,2,1,3,0.3333333333333333
in-prepare,1,1,2,0.5
isn't-you,2,1,3,0.3333333333333333
is-smoke,3,1,4,0.25
of-year,9,29,38,0.7631578947368421
her-who,8,5,13,0.38461538461538464
for-today,4,5,9,0.5555555555555556
blizzard-want,1,1,2,0.5
because-if,3,1,4,0.25
just-now,9,5,14,0.35714285714285715
now-said,1,1,2,0.5
heat-wave,5,22,27,0.8148148148148148
'superhero'-family,1,1,2,0.5
become-of,5,5,10,0.5
at-utc2015-08-05,1,3,4,0.75
'death-cruz,1,1,2,0.5
the-tragedy,6,2,8,0.25
but-my,39,13,52,0.25
concern-they,1,1,2,0.5
director-rate,1,1,2,0.5
sure-this,2,1,3,0.3333333333333333
doing-walking,1,1,2,0.5
don't-think,10,3,13,0.23076923076923078
roanoke-with,1,2,3,0.6666666666666666
30-time,2,1,3,0.3333333333333333
can't-ha,1,1,2,0.5
ca-our,1,1,2,0.5
my-spider,1,1,2,0.5
charles-the,1,2,3,0.6666666666666666
and-arm,1,1,2,0.5
cooler-for,1,1,2,0.5
a-awful,2,1,3,0.3333333333333333
heard-part,1,1,2,0.5
the-to...,4,1,5,0.2
inundated-with,18,5,23,0.21739130434782608
in-radio,2,1,3,0.3333333333333333
going-the,47,21,68,0.3088235294117647
1980-c-130,1,8,9,0.8888888888888888
and-work!,1,1,2,0.5
i-missing,1,1,2,0.5
daily-i,3,1,4,0.25
navy-u,3,2,5,0.4
imported-of,2,3,5,0.6
attack-in,2,31,33,0.9393939393939394
--offroad,11,2,13,0.15384615384615385
since-year,1,9,10,0.9
and-bridge,2,3,5,0.6
a-would,52,19,71,0.2676056338028169
in-tsunami,2,3,5,0.6
story-wa,1,4,5,0.8
near-you,3,2,5,0.4
bleeding-on,3,1,4,0.25
don't-sure,1,3,4,0.75
5-fatality,1,1,2,0.5
dead.-you,1,1,2,0.5
situation-the,3,3,6,0.5
way-we,3,1,4,0.25
got-this,11,6,17,0.35294117647058826
we-when,9,6,15,0.4
news-watch,1,1,2,0.5
rate-the,3,2,5,0.4
it-out.,3,1,4,0.25
lava-with,2,1,3,0.3333333333333333
nigga-you,7,1,8,0.125
all-you're,2,1,3,0.3333333333333333
in-strongly,1,1,2,0.5
heartless-his,2,1,3,0.3333333333333333
date-giving,4,2,6,0.3333333333333333
it.-you,8,1,9,0.1111111111111111
scream-to,7,3,10,0.3
get-most,3,1,4,0.25
care-need,1,1,2,0.5
--la,2,4,6,0.6666666666666666
burning-how,1,3,4,0.75
then-wa,3,4,7,0.5714285714285714
and-girl,9,3,12,0.25
even-off,1,1,2,0.5
high-it,1,1,2,0.5
but-then,4,1,5,0.2
(feat.-by,3,1,4,0.25
.-and,4,1,5,0.2
horse...-stop,5,3,8,0.375
cigarette-is,1,1,2,0.5
refugee-the,1,7,8,0.875
he-that,27,12,39,0.3076923076923077
is-thunder,5,2,7,0.2857142857142857
enugu-structure,5,1,6,0.16666666666666666
have-order,2,1,3,0.3333333333333333
no-ship,2,2,4,0.5
are-water,2,3,5,0.6
and-have,79,34,113,0.3008849557522124
some-to,25,25,50,0.5
action-for,1,2,3,0.6666666666666666
the-won't,7,2,9,0.2222222222222222
supreme-to,2,1,3,0.3333333333333333
brutally-murder?,1,1,2,0.5
both-survived,1,2,3,0.6666666666666666
southampton-van,1,2,3,0.6666666666666666
still-year,2,13,15,0.8666666666666667
cake-the,8,1,9,0.1111111111111111
a-accidentally,4,3,7,0.42857142857142855
http://t.co/bbdpnj8xsx-unavoidable,2,1,3,0.3333333333333333
97/georgia-spring,1,4,5,0.8
release-the,3,6,9,0.6666666666666666
cinema-fan,1,4,5,0.8
question-why,1,1,2,0.5
beat-he's,1,1,2,0.5
govt-to,4,3,7,0.42857142857142855
dying-time,1,1,2,0.5
only-this,7,1,8,0.125
away-wa,1,1,2,0.5
4km-e,1,1,2,0.5
http://t.co/q2eblokeve-one,5,1,6,0.16666666666666666
apocalypse-i,5,1,6,0.16666666666666666
many-sick,1,1,2,0.5
@gerenciatodos-from,1,1,2,0.5
me-off,5,2,7,0.2857142857142857
nude-party,1,1,2,0.5
at-man,2,4,6,0.6666666666666666
light-work,13,2,15,0.13333333333333333
but-we,7,8,15,0.5333333333333333
#pantherattack-lava,3,2,5,0.4
on-say,9,12,21,0.5714285714285714
are-in,57,67,124,0.5403225806451613
idps:-of,2,1,3,0.3333333333333333
keep-need,1,1,2,0.5
the-tonto,10,6,16,0.375
all-content,1,1,2,0.5
cop-who,1,1,2,0.5
&amp;-service,7,2,9,0.2222222222222222
faux-hobo,7,1,8,0.125
episode-i,4,1,5,0.2
remember-that,7,2,9,0.2222222222222222
fan-odeon,1,4,5,0.8
a-wound,7,4,11,0.36363636363636365
call-not,2,1,3,0.3333333333333333
:-with,5,3,8,0.375
can-don't,7,1,8,0.125
#cnn-truth...,3,4,7,0.5714285714285714
me-scare,3,1,4,0.25
by-derailed,1,2,3,0.6666666666666666
an-now,5,5,10,0.5
and-their,22,8,30,0.26666666666666666
blight-is,4,1,5,0.2
germ-no,6,11,17,0.6470588235294118
feed-instead,1,1,2,0.5
burning-world,1,2,3,0.6666666666666666
burning-it's,8,1,9,0.1111111111111111
--md,1,4,5,0.8
#womens-??,2,1,3,0.3333333333333333
and-down,9,17,26,0.6538461538461539
coworker-i,1,1,2,0.5
burning-ppl,1,1,2,0.5
&amp;-demolition,1,2,3,0.6666666666666666
a-behind,6,2,8,0.25
money-with,1,2,3,0.6666666666666666
.-??,1,1,2,0.5
33'-in,3,3,6,0.5
annihilation-attack,1,1,2,0.5
is-starting,1,3,4,0.75
reveals-year,1,1,2,0.5
city-la,1,1,2,0.5
from-military,2,1,3,0.3333333333333333
a-of,401,341,742,0.45956873315363883
and-burn,2,2,4,0.5
--s,6,11,17,0.6470588235294118
a-haha,6,3,9,0.3333333333333333
hazard-non-compliant,2,1,3,0.3333333333333333
christian-seven,1,1,2,0.5
&amp;-@rightwaystan,1,1,2,0.5
charger-for,1,1,2,0.5
can-screaming,2,1,3,0.3333333333333333
car-had,1,2,3,0.6666666666666666
after-animal,1,1,2,0.5
is-release,2,2,4,0.5
consequence-ha,2,1,3,0.3333333333333333
a-fergusonûªs,2,3,5,0.6
33'-starring...,3,2,5,0.4
suicide-that,3,3,6,0.5
killed-who,1,4,5,0.8
activity-you,1,1,2,0.5
http://t.co/zujwuiomb3-new,3,1,4,0.25
meant-nema,2,1,3,0.3333333333333333
crazy-my,1,1,2,0.5
of-recommend,2,1,3,0.3333333333333333
on-too,7,2,9,0.2222222222222222
2013-and,3,3,6,0.5
blizzard-in,3,1,4,0.25
and-sinkhole,2,1,3,0.3333333333333333
safer-that,1,1,2,0.5
(peace-date,4,2,6,0.3333333333333333
death-do,1,1,2,0.5
sky-the,7,8,15,0.5333333333333333
#best-hostage,1,7,8,0.875
--lion,1,1,2,0.5
cyclone-mercury,1,1,2,0.5
my-new,15,1,16,0.0625
1-read,2,1,3,0.3333333333333333
classic-for,2,1,3,0.3333333333333333
common-is,4,1,5,0.2
ben-shit,2,2,4,0.5
did-like,7,1,8,0.125
hurry-to,1,1,2,0.5
all-their,6,2,8,0.25
blocking-to,1,2,3,0.6666666666666666
being-on,3,12,15,0.8
of-rescued,1,4,5,0.8
hit-the,16,17,33,0.5151515151515151
new-state,1,1,2,0.5
bomb-building,2,1,3,0.3333333333333333
lane-of,1,1,2,0.5
syrian-wedding,6,1,7,0.14285714285714285
temptation-to,1,1,2,0.5
&amp;-forest,1,2,3,0.6666666666666666
notice-û÷politics,1,4,5,0.8
1-an,2,1,3,0.3333333333333333
about-accidentally,1,1,2,0.5
fire.-i'm,1,1,2,0.5
fan-your,3,2,5,0.4
army-me,1,1,2,0.5
evacuate-like,1,1,2,0.5
description-of,6,2,8,0.25
about-than,3,3,6,0.5
about-tell,3,1,4,0.25
death-for,2,6,8,0.75
at-injury,2,4,6,0.6666666666666666
made-my,6,3,9,0.3333333333333333
story-via,5,2,7,0.2857142857142857
https://t.co/e8dl1lncvu-rt,2,1,3,0.3333333333333333
dy-one,1,1,2,0.5
attacked-wa,1,1,2,0.5
#fettilootch-the,3,1,4,0.25
for-smoke,1,1,2,0.5
those-were,2,3,5,0.6
in-rise,1,12,13,0.9230769230769231
is-plaguing,8,4,12,0.3333333333333333
an-news,1,1,2,0.5
ban-for,1,3,4,0.75
of-wa,57,40,97,0.41237113402061853
for-video,11,10,21,0.47619047619047616
of-sunday,2,2,4,0.5
want-with,9,2,11,0.18181818181818182
not-or,20,8,28,0.2857142857142857
i-winston,1,1,2,0.5
accident?-of,1,2,3,0.6666666666666666
displaced-refugees;,1,4,5,0.8
my-pick,17,4,21,0.19047619047619047
internally-strategy,1,4,5,0.8
is-terrorist,1,7,8,0.875
now-off,2,1,3,0.3333333333333333
crash:-stock,14,6,20,0.3
i'd-if,5,1,6,0.16666666666666666
it-on,58,34,92,0.3695652173913043
bringing-god,4,2,6,0.3333333333333333
in-william,1,1,2,0.5
i-show,14,1,15,0.06666666666666667
http://t.co/afmkcfn1tl-to,1,1,2,0.5
human-world,1,1,2,0.5
in-sunday,3,1,4,0.25
le-very,1,1,2,0.5
ancient-tablet,7,1,8,0.125
after-alarm,2,2,4,0.5
&amp;-tell,1,1,2,0.5
derail-do,1,1,2,0.5
chase-police,1,1,2,0.5
gave-storm,1,1,2,0.5
info-to,2,1,3,0.3333333333333333
for-weapon,7,3,10,0.3
horse-in,2,1,3,0.3333333333333333
for-year,10,8,18,0.4444444444444444
advance-the,2,2,4,0.5
accident-how,1,1,2,0.5
a-due,1,8,9,0.8888888888888888
2-7,1,3,4,0.75
could-it,6,5,11,0.45454545454545453
away-so,1,1,2,0.5
moment-the,6,5,11,0.45454545454545453
bedroom-in,3,1,4,0.25
to-today:,1,2,3,0.6666666666666666
demolish-going,1,1,2,0.5
last-on,1,4,5,0.8
to-worry,4,4,8,0.5
for-usually,2,1,3,0.3333333333333333
body-new,14,1,15,0.06666666666666667
in-upheaval,4,3,7,0.42857142857142855
is-suicide,2,16,18,0.8888888888888888
loud-thunder,1,2,3,0.6666666666666666
nothing-will,2,1,3,0.3333333333333333
i'll-of,6,2,8,0.25
4x4-flood,6,1,7,0.14285714285714285
medium-pakistan,1,1,2,0.5
live-your,4,1,5,0.2
..-i,5,1,6,0.16666666666666666
they-trapped,4,2,6,0.3333333333333333
on-trent,1,1,2,0.5
don't-harm,3,2,5,0.4
few-just,2,1,3,0.3333333333333333
for-week,3,3,6,0.5
(temporary:300)-|,9,3,12,0.25
in-valley,1,2,3,0.6666666666666666
cruz-st,1,1,2,0.5
:(-good,2,1,3,0.3333333333333333
/-hazard,1,1,2,0.5
car-flood,3,1,4,0.25
head-injury,1,1,2,0.5
how-pres:,1,2,3,0.6666666666666666
ink-we're,2,1,3,0.3333333333333333
against-of,9,2,11,0.18181818181818182
at-time,13,7,20,0.35
crazy-in,4,3,7,0.42857142857142855
to-via,12,22,34,0.6470588235294118
best-the,40,6,46,0.13043478260869565
#art-on,2,1,3,0.3333333333333333
died-were,1,1,2,0.5
learn-of,9,4,13,0.3076923076923077
be-might,5,2,7,0.2857142857142857
&amp;-fall,2,2,4,0.5
@change-via,5,4,9,0.4444444444444444
--santa,1,2,3,0.6666666666666666
a-im,12,3,15,0.2
germ-wake,3,11,14,0.7857142857142857
and-read,5,2,7,0.2857142857142857
about-make,2,2,4,0.5
level-lightning,2,3,5,0.6
brother-u,1,1,2,0.5
day.-of,2,1,3,0.3333333333333333
'save-date,4,2,6,0.3333333333333333
hour-one,2,1,3,0.3333333333333333
approves-the,1,1,2,0.5
got-smoke,2,1,3,0.3333333333333333
address-to,3,1,4,0.25
be-sure,4,1,5,0.2
because-london,1,2,3,0.6666666666666666
?-her,1,1,2,0.5
black-occurred,8,1,9,0.1111111111111111
bayelsa-pdp,4,5,9,0.5555555555555556
is-may,5,1,6,0.16666666666666666
inundated-of,10,2,12,0.16666666666666666
to-xd,4,1,5,0.2
burning-never,2,1,3,0.3333333333333333
destiny-flood,5,1,6,0.16666666666666666
&amp;-mass,1,2,3,0.6666666666666666
2015]-to,12,5,17,0.29411764705882354
flood-of,7,8,15,0.5333333333333333
apc-move,1,1,2,0.5
any-the,23,10,33,0.30303030303030304
--via,16,27,43,0.627906976744186
census-year,1,1,2,0.5
phone-realise,4,3,7,0.42857142857142855
disaster-love,2,1,3,0.3333333333333333
police-ûó,1,4,5,0.8
burning-burning....,1,1,2,0.5
rainstorm-you,4,1,5,0.2
forest-or,2,1,3,0.3333333333333333
4x4-lamp,6,1,7,0.14285714285714285
diamond-is,1,1,2,0.5
a-picture,4,3,7,0.42857142857142855
https://t.co/rqwuoy1fm4-is,1,3,4,0.75
supposed-to,7,4,11,0.36363636363636365
&amp;-medium,1,3,4,0.75
and-hear,4,1,5,0.2
#womens-shoulder,5,1,6,0.16666666666666666
if-one,7,1,8,0.125
at-level,1,2,3,0.6666666666666666
a-always,13,4,17,0.23529411764705882
#magginoodle-for,1,2,3,0.6666666666666666
doesn't-it,2,4,6,0.6666666666666666
is-same,2,2,4,0.5
match-whole,1,1,2,0.5
fight-like,2,2,4,0.5
#hellfire-would,2,1,3,0.3333333333333333
my-train,5,13,18,0.7222222222222222
sub-u,2,1,3,0.3333333333333333
back-for...,1,1,2,0.5
is-were,1,3,4,0.75
coming-earthquake,2,2,4,0.5
for-nema,2,2,4,0.5
in-mountain,3,5,8,0.625
if-like,13,7,20,0.35
cooper.-known,1,1,2,0.5
a-flash,2,5,7,0.7142857142857143
championship-on,1,2,3,0.6666666666666666
evacuate-for,3,2,5,0.4
ship-tank,4,2,6,0.3333333333333333
riot-the,19,9,28,0.32142857142857145
approves-board,2,2,4,0.5
in-next,10,4,14,0.2857142857142857
hunk-stranded,1,2,3,0.6666666666666666
--best,3,2,5,0.4
always-like,4,2,6,0.3333333333333333
down-in,12,7,19,0.3684210526315789
no-play,1,1,2,0.5
let-people,4,2,6,0.3333333333333333
#treeporn-#winter,1,1,2,0.5
about-ur,2,2,4,0.5
need-would,3,2,5,0.4
it's-over,3,2,5,0.4
buy-just,2,1,3,0.3333333333333333
a-god,8,1,9,0.1111111111111111
policy-reddit's,16,2,18,0.1111111111111111
be-im,1,1,2,0.5
for-women!,2,1,3,0.3333333333333333
can-inundated,1,1,2,0.5
'we-and,3,1,4,0.25
based-of,5,1,6,0.16666666666666666
to-trouble,5,2,7,0.2857142857142857
building-of,7,17,24,0.7083333333333334
don't-there,1,3,4,0.75
burning-fire,1,6,7,0.8571428571428571
of-seems,1,2,3,0.6666666666666666
terrorism-to,3,3,6,0.5
been-on,30,26,56,0.4642857142857143
my-who,3,2,5,0.4
and-only,15,12,27,0.4444444444444444
heartless-keep,2,1,3,0.3333333333333333
him-the,13,7,20,0.35
of-until,2,1,3,0.3333333333333333
many-need,2,2,4,0.5
2015]-a,12,5,17,0.29411764705882354
all-free,3,1,4,0.25
and-sport,2,3,5,0.6
one-they,5,1,6,0.16666666666666666
a-tell,3,8,11,0.7272727272727273
survived-that,4,2,6,0.3333333333333333
are-lava,3,1,4,0.25
--tunein,1,1,2,0.5
a-france,1,1,2,0.5
mine-small,1,1,2,0.5
police-up,2,3,5,0.6
i-okay,8,1,9,0.1111111111111111
3g-for,4,3,7,0.42857142857142855
an-our,3,1,4,0.25
fire-one,3,8,11,0.7272727272727273
get-great,1,1,2,0.5
new-u,4,2,6,0.3333333333333333
in-then,11,4,15,0.26666666666666666
at-screamed,10,1,11,0.09090909090909091
for-isn't,1,1,2,0.5
for-southampton,1,2,3,0.6666666666666666
said-when,3,4,7,0.5714285714285714
morning-with,4,2,6,0.3333333333333333
asap-so,1,1,2,0.5
strike-the,5,5,10,0.5
die-to,9,2,11,0.18181818181818182
33'-miner,6,5,11,0.45454545454545453
by-road,2,1,3,0.3333333333333333
for-xp',3,1,4,0.25
move-of,3,2,5,0.4
petition!take-voice,1,1,2,0.5
after-slip,1,2,3,0.6666666666666666
affect-to,1,1,2,0.5
#ibooklove-hunk,1,2,3,0.6666666666666666
pdp:-tension,1,1,2,0.5
and-home,13,11,24,0.4583333333333333
not-thinking,1,1,2,0.5
be-desire,8,2,10,0.2
and-drown,4,2,6,0.3333333333333333
across-not,1,1,2,0.5
bat-great,1,1,2,0.5
prompt-single,1,1,2,0.5
catastrophic-something,2,1,3,0.3333333333333333
c-130-modified,1,10,11,0.9090909090909091
on-stuck,1,1,2,0.5
and-carried,3,1,4,0.25
away-in,9,4,13,0.3076923076923077
apollo-m.o.p.,5,1,6,0.16666666666666666
internal-the,5,1,6,0.16666666666666666
in-search,2,8,10,0.8
hellfire!-we,3,1,4,0.25
do-so,10,3,13,0.23076923076923078
#best-go,4,1,5,0.2
is-ship,2,1,3,0.3333333333333333
go-ministers:,2,1,3,0.3333333333333333
a-father,1,1,2,0.5
act-petition,2,1,3,0.3333333333333333
doe-get,2,1,3,0.3333333333333333
sit-the,3,2,5,0.4
heart-that,1,1,2,0.5
up-while,2,1,3,0.3333333333333333
are-good,5,3,8,0.375
&amp;-voice,4,2,6,0.3333333333333333
some-them,2,2,4,0.5
of-upheaval,7,1,8,0.125
lost-or,3,2,5,0.4
miss-on,1,2,3,0.6666666666666666
one-trouble,1,1,2,0.5
&amp;-rain,1,1,2,0.5
are-should,5,3,8,0.375
fire-or,3,1,4,0.25
a-response,1,1,2,0.5
feel-you,19,2,21,0.09523809523809523
by-hostage,1,4,5,0.8
lie-of,2,1,3,0.3333333333333333
internally-openly,2,1,3,0.3333333333333333
12-mom,1,1,2,0.5
:-are,3,3,6,0.5
and...-reading,1,1,2,0.5
get-i,75,16,91,0.17582417582417584
begging-to,1,2,3,0.6666666666666666
another-with,9,1,10,0.1
plan-sinking,1,1,2,0.5
after-building,1,2,3,0.6666666666666666
about-made,2,2,4,0.5
air-were,1,1,2,0.5
of-using,1,3,4,0.75
--iii,2,1,3,0.3333333333333333
of-week.,1,1,2,0.5
of-office,1,3,4,0.75
00:52:25-california:,1,1,2,0.5
a-over,22,41,63,0.6507936507936508
3-my,5,1,6,0.16666666666666666
is-used,3,3,6,0.5
bar-offroad,8,1,9,0.1111111111111111
and-by,46,24,70,0.34285714285714286
again-i,9,2,11,0.18181818181818182
curfew-in,5,1,6,0.16666666666666666
common-in,3,1,4,0.25
some-still,1,1,2,0.5
making-watch,1,1,2,0.5
get-n,1,1,2,0.5
and-million,1,4,5,0.8
use-will,2,1,3,0.3333333333333333
were-won,1,1,2,0.5
in-turn,2,1,3,0.3333333333333333
accident-fucking,1,2,3,0.6666666666666666
best-my,3,1,4,0.25
loved-to,1,2,3,0.6666666666666666
like-read,2,1,3,0.3333333333333333
because-you,17,4,21,0.19047619047619047
a...-to,2,1,3,0.3333333333333333
most-my,3,1,4,0.25
after-child,1,1,2,0.5
????-please,1,1,2,0.5
get-her,4,1,5,0.2
into-while,3,2,5,0.4
looked-the,3,2,5,0.4
connector-lightning,1,1,2,0.5
famine-of,1,4,5,0.8
after-went,2,2,4,0.5
destroy-is,3,2,5,0.4
dead-ha,1,1,2,0.5
into-nearly,1,2,3,0.6666666666666666
#wealth-describes,2,1,3,0.3333333333333333
and-it.,9,2,11,0.18181818181818182
instead-it,2,2,4,0.5
after-to,30,20,50,0.4
an-death,1,1,2,0.5
after-evacuated,1,9,10,0.9
take-they,2,1,3,0.3333333333333333
at-they,9,3,12,0.25
now-up,5,2,7,0.2857142857142857
in-took,4,3,7,0.42857142857142855
&amp;-next,2,4,6,0.6666666666666666
crazy-threw,1,1,2,0.5
that's-wa,1,1,2,0.5
and-operation,1,1,2,0.5
apple-charger,1,1,2,0.5
of-understand,1,1,2,0.5
rescued-via,4,1,5,0.2
another-let,2,1,3,0.3333333333333333
--me,9,1,10,0.1
a-rescued,12,10,22,0.45454545454545453
#bookboost-hunk,1,2,3,0.6666666666666666
heartless-horse,2,1,3,0.3333333333333333
in-mercy,2,1,3,0.3333333333333333
or-think,4,2,6,0.3333333333333333
new-to,32,9,41,0.21951219512195122
getting-now,3,1,4,0.25
a-boat,1,29,30,0.9666666666666667
building-losing,1,1,2,0.5
did-look,2,1,3,0.3333333333333333
flag-only,3,1,4,0.25
&amp;-û_,1,1,2,0.5
except-of,2,1,3,0.3333333333333333
cry-thunder,1,1,2,0.5
other-the,12,11,23,0.4782608695652174
of-reject,2,1,3,0.3333333333333333
did-not,7,2,9,0.2222222222222222
bad-too,1,1,2,0.5
what-you're,3,1,4,0.25
ash-australiaûªs,1,1,2,0.5
point-so,2,1,3,0.3333333333333333
horse...-national,10,6,16,0.375
plan-tension,5,7,12,0.5833333333333334
police-stop,2,2,4,0.5
and-trouble,9,1,10,0.1
flattened-guy,1,1,2,0.5
by-himself,1,1,2,0.5
learn-we,4,1,5,0.2
#myfitnesspal-pace,1,1,2,0.5
so-there,2,2,4,0.5
ball-it,2,1,3,0.3333333333333333
how-zone,1,1,2,0.5
field.-the,2,1,3,0.3333333333333333
anthrax-germ,3,11,14,0.7857142857142857
be-got,2,1,3,0.3333333333333333
a-wildfire,2,8,10,0.8
fire.-i,2,7,9,0.7777777777777778
at-name,1,1,2,0.5
&amp;-which,1,2,3,0.6666666666666666
full-you,8,1,9,0.1111111111111111
pay'-rise,8,1,9,0.1111111111111111
been-for,24,12,36,0.3333333333333333
and-learn,3,1,4,0.25
&amp;-to,50,37,87,0.42528735632183906
and-floods.,2,2,4,0.5
starring...-trapped,6,4,10,0.4
modified-specially,1,10,11,0.9090909090909091
i've-wa,4,2,6,0.3333333333333333
a-shift,3,1,4,0.25
might-our,1,1,2,0.5
salt-u.s,5,3,8,0.375
a-wasn't,6,3,9,0.3333333333333333
inundated-request,1,1,2,0.5
earlier-the,2,1,3,0.3333333333333333
and-there.,1,1,2,0.5
and-n,2,1,3,0.3333333333333333
wa-who,7,9,16,0.5625
by-installation,1,1,2,0.5
someone-we,1,2,3,0.6666666666666666
song-to,4,1,5,0.2
france-to,2,1,3,0.3333333333333333
saying-to,7,1,8,0.125
that-you're,6,2,8,0.25
but-flood,1,1,2,0.5
bicep.-the,3,4,7,0.5714285714285714
that-we're,1,1,2,0.5
any-catastrophe.,2,2,4,0.5
in-old,6,31,37,0.8378378378378378
are-incredibly,1,1,2,0.5
ha-hostage,1,2,3,0.6666666666666666
content-policy,20,2,22,0.09090909090909091
cop-it,1,2,3,0.6666666666666666
drake-out,2,1,3,0.3333333333333333
is-least,5,2,7,0.2857142857142857
and-best,6,1,7,0.14285714285714285
to-wonder,10,1,11,0.09090909090909091
all-be,12,1,13,0.07692307692307693
hour-world,1,1,2,0.5
and-destroy,8,3,11,0.2727272727272727
to-today.,1,5,6,0.8333333333333334
new-will,6,4,10,0.4
=-the,4,2,6,0.3333333333333333
state-wa,1,1,2,0.5
a-natural,17,18,35,0.5142857142857142
#jonathanferrell-not,1,1,2,0.5
their-there,1,1,2,0.5
in-picking,2,16,18,0.8888888888888888
bomb.-her,1,1,2,0.5
a-biker,2,1,3,0.3333333333333333
it-wall,1,1,2,0.5
i-screaming,9,3,12,0.25
because-ink,2,1,3,0.3333333333333333
at-bagging,1,1,2,0.5
an-life,1,1,2,0.5
care-health,1,2,3,0.6666666666666666
guy-people,1,2,3,0.6666666666666666
but-truly,1,1,2,0.5
and...-the,3,5,8,0.625
can-heartless,2,1,3,0.3333333333333333
?-wa,1,2,3,0.6666666666666666
her-party,1,1,2,0.5
burning-chase,2,1,3,0.3333333333333333
have-than,8,30,38,0.7894736842105263
stuck-the,3,2,5,0.4
into-out,1,5,6,0.8333333333333334
follower-of,1,1,2,0.5
are-invoices.,5,1,6,0.16666666666666666
i-walk,3,5,8,0.625
#nursing-we're,2,1,3,0.3333333333333333
of-user,1,2,3,0.6666666666666666
palin-planned,2,1,3,0.3333333333333333
anything.-time,1,1,2,0.5
today-tomorrow,1,1,2,0.5
of-s,1,12,13,0.9230769230769231
beautiful-couple,1,1,2,0.5
found-off,1,1,2,0.5
but-match,1,1,2,0.5
that-well,2,3,5,0.6
in-people,22,60,82,0.7317073170731707
rain.-storm,1,2,3,0.6666666666666666
monster-the,1,1,2,0.5
change-say,2,1,3,0.3333333333333333
??-can,5,1,6,0.16666666666666666
in-plan,8,13,21,0.6190476190476191
govt-of,4,5,9,0.5555555555555556
he-visit,1,1,2,0.5
next-so,2,1,3,0.3333333333333333
the-you!,2,1,3,0.3333333333333333
don't-what,2,2,4,0.5
--love,6,1,7,0.14285714285714285
me-sky,1,1,2,0.5
my-need,21,1,22,0.045454545454545456
the-triggered,1,1,2,0.5
electrocuted-get,3,2,5,0.4
face-pandemonium,8,3,11,0.2727272727272727
american-of,3,5,8,0.625
31-silver,1,4,5,0.8
a-tape,2,1,3,0.3333333333333333
good-too,2,1,3,0.3333333333333333
a-equal,2,1,3,0.3333333333333333
insurance-on,2,1,3,0.3333333333333333
and-power,4,3,7,0.42857142857142855
kid-of,7,1,8,0.125
a-did,17,8,25,0.32
energy-to,1,1,2,0.5
a-forever,1,3,4,0.75
about-that's,1,3,4,0.75
save-we,1,1,2,0.5
at-side,1,1,2,0.5
on-outside,6,1,7,0.14285714285714285
harm/kid-vote:,2,1,3,0.3333333333333333
am-fully,1,1,2,0.5
some-talk,1,2,3,0.6666666666666666
girl-look,1,2,3,0.6666666666666666
comparison-obama,1,1,2,0.5
instead-thousand,1,1,2,0.5
that's-when,2,3,5,0.6
evil-to,1,2,3,0.6666666666666666
for-sign,4,42,46,0.9130434782608695
room-this,1,1,2,0.5
blown-had,1,1,2,0.5
picking-up,2,19,21,0.9047619047619048
damage-from,1,2,3,0.6666666666666666
let-me,12,2,14,0.14285714285714285
long-term-of,1,2,3,0.6666666666666666
do-flag,3,1,4,0.25
never-since,1,1,2,0.5
turn-when,1,1,2,0.5
griefûª-of,1,4,5,0.8
cool-up,1,1,2,0.5
and-those,4,30,34,0.8823529411764706
i-school,9,3,12,0.25
21:1023-and...,1,1,2,0.5
beam-full,3,1,4,0.25
around-of,5,3,8,0.375
of-show,3,8,11,0.7272727272727273
someone-the,9,3,12,0.25
&amp;-responder,1,1,2,0.5
im-tho,1,1,2,0.5
camp-have,2,1,3,0.3333333333333333
away-it,2,4,6,0.6666666666666666
medium-of,3,4,7,0.5714285714285714
for-preparedness,1,2,3,0.6666666666666666
by-detonate,5,1,6,0.16666666666666666
of-track,1,1,2,0.5
doe-got,1,1,2,0.5
ain't-nigga,1,1,2,0.5
into-were,2,2,4,0.5
make-riot,1,1,2,0.5
gabon-take,1,1,2,0.5
how-or,4,1,5,0.2
explosion-unit,1,4,5,0.8
and-safety,1,2,3,0.6666666666666666
a-moment:,1,1,2,0.5
be-like,26,11,37,0.2972972972972973
can-now!,2,1,3,0.3333333333333333
??-i'm,13,2,15,0.13333333333333333
@rightwaystan-via,1,1,2,0.5
offensive-reddit,21,2,23,0.08695652173913043
need-the,32,9,41,0.21951219512195122
after-kill,2,2,4,0.5
bad-burned,1,1,2,0.5
#islam-truth...,3,4,7,0.5714285714285714
encouragement-your,2,1,3,0.3333333333333333
on-service,2,9,11,0.8181818181818182
collapsed-until,2,1,3,0.3333333333333333
#photo-in,1,2,3,0.6666666666666666
fedex-transporting,1,4,5,0.8
asking-the,2,1,3,0.3333333333333333
helping-my,3,1,4,0.25
change.-her,2,1,3,0.3333333333333333
and-i'll,10,1,11,0.09090909090909091
bird-out,1,1,2,0.5
flood-high,1,1,2,0.5
#freespeech-#onlinecommunities,1,1,2,0.5
them-would,3,1,4,0.25
in-stir,1,4,5,0.8
be-just,26,10,36,0.2777777777777778
blast-my,13,3,16,0.1875
moved-to,2,2,4,0.5
japanese-to,1,3,4,0.75
????-it's,2,1,3,0.3333333333333333
a-up.,5,5,10,0.5
??-a,61,8,69,0.11594202898550725
be-mean,1,2,3,0.6666666666666666
by-survivor,1,5,6,0.8333333333333334
little-me,1,2,3,0.6666666666666666
area-residential,1,3,4,0.75
on-traffic,1,2,3,0.6666666666666666
can-still,1,1,2,0.5
a-electrocuted,3,7,10,0.7
door-on,4,1,5,0.2
day-who,1,1,2,0.5
minute-mph,1,1,2,0.5
even-prophet,4,2,6,0.3333333333333333
to-year,17,14,31,0.45161290322580644
again-time,1,1,2,0.5
--air,2,3,5,0.6
are-doing,5,1,6,0.16666666666666666
for-hijack,4,3,7,0.42857142857142855
insurance-the,1,2,3,0.6666666666666666
i-today,13,8,21,0.38095238095238093
peaceful-we,1,1,2,0.5
#foodscare-loss,1,2,3,0.6666666666666666
inj**-w,1,1,2,0.5
went-with,1,1,2,0.5
and-done,3,1,4,0.25
once-why,1,1,2,0.5
#usgs-time2015-08-06,1,2,3,0.6666666666666666
rt-stand,2,1,3,0.3333333333333333
bar-in,4,1,5,0.2
stand-top,9,1,10,0.1
97/georgia-injury:i-495,1,4,5,0.8
medium-people,1,2,3,0.6666666666666666
a-fight,9,5,14,0.35714285714285715
extremely-if,2,1,3,0.3333333333333333
&amp;-man,3,2,5,0.4
internally-nema,2,1,3,0.3333333333333333
flood-have,1,2,3,0.6666666666666666
don't-parent,1,1,2,0.5
multiple-to,1,1,2,0.5
bless-the,2,2,4,0.5
party-threw,1,1,2,0.5
&amp;-any,8,2,10,0.2
few-why,1,2,3,0.6666666666666666
have-look,8,1,9,0.1111111111111111
for-parent,1,1,2,0.5
no-so,12,8,20,0.4
--want,5,1,6,0.16666666666666666
extremely-u,1,1,2,0.5
building-with,4,7,11,0.6363636363636364
first-than,1,2,3,0.6666666666666666
a-online,7,1,8,0.125
it-never,7,2,9,0.2222222222222222
in-sleep,1,1,2,0.5
the-you'll,4,2,6,0.3333333333333333
and-sleep,2,1,3,0.3333333333333333
be-much,5,1,6,0.16666666666666666
6-a,5,2,7,0.2857142857142857
stop-the,26,16,42,0.38095238095238093
eye-star,8,1,9,0.1111111111111111
mayan-tablet,9,1,10,0.1
5-running,1,1,2,0.5
a-become,12,5,17,0.29411764705882354
#god-#news,3,4,7,0.5714285714285714
no-on,10,11,21,0.5238095238095238
land-tribal,8,4,12,0.3333333333333333
a-side,6,5,11,0.45454545454545453
picked-up,1,1,2,0.5
dangerous-to,6,2,8,0.25
but-gone,1,1,2,0.5
stupid-to,2,1,3,0.3333333333333333
this-week,14,2,16,0.125
light.-the,1,1,2,0.5
ha-tornado,1,1,2,0.5
the-~,4,1,5,0.2
new-of,27,22,49,0.4489795918367347
have-source,1,1,2,0.5
e-m,1,3,4,0.75
collection-of,2,3,5,0.6
no-transport,9,12,21,0.5714285714285714
me-survived,3,2,5,0.4
got-injured,1,1,2,0.5
fighting-over,1,1,2,0.5
stage-take,1,1,2,0.5
#ibooklove-country,1,2,3,0.6666666666666666
arson-bar,5,1,6,0.16666666666666666
pdp:-to,1,1,2,0.5
#hampshire-in,1,2,3,0.6666666666666666
episode-in,4,1,5,0.2
association-board,2,2,4,0.5
need-petition!take,1,1,2,0.5
say-woman,2,1,3,0.3333333333333333
man-right,1,2,3,0.6666666666666666
out!-story,2,1,3,0.3333333333333333
but-stuff,2,1,3,0.3333333333333333
97/georgia-md,1,4,5,0.8
pakistan-terrorist,1,3,4,0.75
a-pretty,7,2,9,0.2222222222222222
build-you,1,1,2,0.5
horse-|,2,1,3,0.3333333333333333
oh-wa,2,3,5,0.6
devastated-the,3,3,6,0.5
#forever-humaza.,2,1,3,0.3333333333333333
if-into,7,4,11,0.36363636363636365
rioting-with,1,1,2,0.5
for-via,10,8,18,0.4444444444444444
new-video:,4,1,5,0.2
look-upheaval,4,3,7,0.42857142857142855
i-question,1,2,3,0.6666666666666666
burning-epic,1,1,2,0.5
after-came,1,1,2,0.5
about-living,2,2,4,0.5
more-you,14,4,18,0.2222222222222222
to-way.,3,1,4,0.25
after-video:,1,4,5,0.8
on-use,4,1,5,0.2
#hellfire-humaza.,2,1,3,0.3333333333333333
#islam-#prophetmuhammad,4,2,6,0.3333333333333333
he-tornado,6,1,7,0.14285714285714285
a-modified,1,10,11,0.9090909090909091
life-my,13,1,14,0.07142857142857142
all-you,42,11,53,0.20754716981132076
&amp;-about,4,5,9,0.5555555555555556
massacre-you,4,2,6,0.3333333333333333
cool-me,2,1,3,0.3333333333333333
the-twitter,12,1,13,0.07692307692307693
area.-chest/torso,1,1,2,0.5
ebay-of,6,1,7,0.14285714285714285
i-storm,6,8,14,0.5714285714285714
about-it's,6,4,10,0.4
even-having,1,1,2,0.5
still-war,4,12,16,0.75
bos-my,3,1,4,0.25
in-responder,1,2,3,0.6666666666666666
definitely-on,1,2,3,0.6666666666666666
of-well,5,2,7,0.2857142857142857
deal-it,1,2,3,0.6666666666666666
been-would've,3,1,4,0.25
2-me,3,2,5,0.4
high-school,7,2,9,0.2222222222222222
having-he,1,1,2,0.5
all-please,1,1,2,0.5
being-only,3,2,5,0.4
are-by,7,16,23,0.6956521739130435
after-nuclear,2,2,4,0.5
over-yr,2,1,3,0.3333333333333333
/-for,2,2,4,0.5
doing-with,4,1,5,0.2
charity.'-if,4,2,6,0.3333333333333333
business-they,1,1,2,0.5
collapse-of,1,15,16,0.9375
down-during,1,3,4,0.75
is-trump,1,1,2,0.5
of-them.,6,1,7,0.14285714285714285
to-willing,3,1,4,0.25
don't-know,14,8,22,0.36363636363636365
obliterated-soon,1,1,2,0.5
came-my,6,3,9,0.3333333333333333
from-house,3,3,6,0.5
a-fire.,2,3,5,0.6
&amp;-n,1,1,2,0.5
and-fast,5,3,8,0.375
australia-trent,2,3,5,0.6
.-to,2,1,3,0.3333333333333333
of-remains,3,2,5,0.4
#frontpage:-doesn't,1,2,3,0.6666666666666666
an-still,1,1,2,0.5
&amp;-our,10,2,12,0.16666666666666666
about-mention,3,1,4,0.25
appears-be,14,3,17,0.17647058823529413
that-week,1,1,2,0.5
--island,1,3,4,0.75
are-had,2,1,3,0.3333333333333333
for-r,4,1,5,0.2
2015-is,2,4,6,0.6666666666666666
????????-is,1,1,2,0.5
hillary-mass,1,1,2,0.5
anger-christian,1,1,2,0.5
charles-on,1,1,2,0.5
i-military,7,2,9,0.2222222222222222
bioterrorism-i,1,2,3,0.6666666666666666
area.-flooding,1,1,2,0.5
fear-on,5,1,6,0.16666666666666666
????-get,4,1,5,0.2
gmmbc-past,1,1,2,0.5
even-she,5,1,6,0.16666666666666666
from-great,2,1,3,0.3333333333333333
in-landslide,8,14,22,0.6363636363636364
faced-sanctions.,1,2,3,0.6666666666666666
i-is,137,51,188,0.2712765957446808
5-the,11,6,17,0.35294117647058826
'second'-in,1,1,2,0.5
gold-the,5,2,7,0.2857142857142857
into-smoke,1,1,2,0.5
hellfire!-think,3,1,4,0.25
did-hit,1,1,2,0.5
life-their,1,2,3,0.6666666666666666
a-supposed,7,3,10,0.3
after-power,1,3,4,0.75
least-when,1,3,4,0.75
fucking-had,2,3,5,0.6
australia's-collapse,1,4,5,0.8
extra-of,1,2,3,0.6666666666666666
for-site,2,3,5,0.6
my-police,1,3,4,0.75
my-to,216,58,274,0.2116788321167883
on-setting,1,3,4,0.75
defend-the,1,2,3,0.6666666666666666
care-those,1,1,2,0.5
&amp;-over,3,5,8,0.625
did-year,1,1,2,0.5
in-lead,1,1,2,0.5
be-even,11,3,14,0.21428571428571427
being-get,3,1,4,0.25
choking-single,1,1,2,0.5
landing-of,1,1,2,0.5
hereûªs-pakistan,1,1,2,0.5
no-suicide,1,1,2,0.5
missing-woman,1,1,2,0.5
climate-plaguing,2,1,3,0.3333333333333333
already-first,1,1,2,0.5
or-time,3,1,4,0.25
annihilation-salt,6,4,10,0.4
@rightwaystan-rightways:,1,1,2,0.5
been-feeling,8,6,14,0.42857142857142855
finally-i'm,3,1,4,0.25
can't-deal,2,1,3,0.3333333333333333
climate-her,2,1,3,0.3333333333333333
gonna-not,7,1,8,0.125
ep-i,1,1,2,0.5
for-saudi,1,3,4,0.75
nuclear-there,1,1,2,0.5
attacked-the,1,18,19,0.9473684210526315
from-some,2,3,5,0.6
burning-soon,1,1,2,0.5
rescue-stadium,1,10,11,0.9090909090909091
be-left,1,2,3,0.6666666666666666
some-sun.,1,1,2,0.5
i'm-xd,1,1,2,0.5
group-to,5,13,18,0.7222222222222222
the-way,44,22,66,0.3333333333333333
doe-look,2,1,3,0.3333333333333333
way-while,2,2,4,0.5
2015-in,1,4,5,0.8
at-drown,4,1,5,0.2
van-virgil,1,2,3,0.6666666666666666
...-best,1,1,2,0.5
asking-me,1,1,2,0.5
are-made,2,1,3,0.3333333333333333
here-not,1,1,2,0.5
ten-that,1,2,3,0.6666666666666666
i'm-oooooohhhh,3,3,6,0.5
#humanconsumption-into,1,2,3,0.6666666666666666
roanoke-who,1,4,5,0.8
describes-humaza.,2,1,3,0.3333333333333333
cop-in,1,3,4,0.75
am-clean,1,1,2,0.5
3-time,1,1,2,0.5
check-lightning,1,1,2,0.5
life-others,1,1,2,0.5
now-rain,1,2,3,0.6666666666666666
body-cross,38,1,39,0.02564102564102564
are-big,5,1,6,0.16666666666666666
a-rubble,1,1,2,0.5
his-hit,3,3,6,0.5
time-youûªve,3,3,6,0.5
associated-non-compliant,2,1,3,0.3333333333333333
ever-thunder,1,1,2,0.5
and-hijacker,5,2,7,0.2857142857142857
here-they,2,1,3,0.3333333333333333
at-burning,3,2,5,0.4
today-your,2,1,3,0.3333333333333333
but-i'm,28,7,35,0.2
promise-the,1,2,3,0.6666666666666666
death-of,17,26,43,0.6046511627906976
chill-i,1,1,2,0.5
save-your,2,2,4,0.5
for-spoke,1,1,2,0.5
and-happened,1,1,2,0.5
a-horror,1,1,2,0.5
box-but,1,1,2,0.5
just-went,1,3,4,0.75
feel-from,2,1,3,0.3333333333333333
'second'-8,1,1,2,0.5
hospital-of,1,2,3,0.6666666666666666
bombed-taking,1,1,2,0.5
18w-reaû_,3,1,4,0.25
meek-with,3,1,4,0.25
have-should,5,2,7,0.2857142857142857
gonna-if,3,4,7,0.5714285714285714
i-reason,4,1,5,0.2
bioterror-germ,6,12,18,0.6666666666666666
and-stopped,1,1,2,0.5
25-a,1,2,3,0.6666666666666666
promise-û÷extremely,3,1,4,0.25
realise-sinking,4,3,7,0.42857142857142855
fund-in,1,3,4,0.75
from-philly,2,3,5,0.6
if-tweet,3,1,4,0.25
but-interesting,2,1,3,0.3333333333333333
one-or,4,1,5,0.2
in-want,16,4,20,0.2
middle-on,2,1,3,0.3333333333333333
financial-in,2,1,3,0.3333333333333333
situation-where,1,1,2,0.5
go-reddit's,15,2,17,0.11764705882352941
9:-a,8,1,9,0.1111111111111111
get-he's,3,1,4,0.25
from-worst,1,1,2,0.5
able-you,1,2,3,0.6666666666666666
putin-to,1,2,3,0.6666666666666666
by-run,4,2,6,0.3333333333333333
don't-out,7,1,8,0.125
me-next,1,2,3,0.6666666666666666
dead-from,1,5,6,0.8333333333333334
mining-reaû_,3,1,4,0.25
ever-not,6,1,7,0.14285714285714285
429cj-cyclone,1,1,2,0.5
...-you,4,1,5,0.2
book-lawton,1,1,2,0.5
wa-which,4,6,10,0.6
alien-to,1,1,2,0.5
company-kid,1,1,2,0.5
#hot-c-130,1,7,8,0.875
2015:-bundled,1,1,2,0.5
eye-publicizing,1,1,2,0.5
able-this,2,1,3,0.3333333333333333
a-recognize,1,2,3,0.6666666666666666
gmmbc-youth,1,2,3,0.6666666666666666
11-at,1,1,2,0.5
he-wanted,1,2,3,0.6666666666666666
this-wtf,1,2,3,0.6666666666666666
know-when,13,4,17,0.23529411764705882
hazardous-waste,2,2,4,0.5
at-wa,11,11,22,0.5
is-whirlwind,1,1,2,0.5
accident-me,1,1,2,0.5
child-that,2,1,3,0.3333333333333333
like-we,19,5,24,0.20833333333333334
fire.-forest,1,1,2,0.5
much-with,4,3,7,0.42857142857142855
#nestleindia-into,1,2,3,0.6666666666666666
right-work,1,1,2,0.5
a-specially,1,10,11,0.9090909090909091
into-tribal,4,2,6,0.3333333333333333
involved-on,1,1,2,0.5
d.b.-http://t.co/jlzk2hdetg,1,1,2,0.5
4-not,1,1,2,0.5
in-township,1,6,7,0.8571428571428571
1980-a,1,8,9,0.8888888888888888
cooper.-d.b.,1,1,2,0.5
go-gotta,1,1,2,0.5
believe-your,1,1,2,0.5
every-night,2,2,4,0.5
of-terror,1,1,2,0.5
my-n,2,3,5,0.6
aka-the,2,2,4,0.5
come-it,5,1,6,0.16666666666666666
and-hellfire,9,1,10,0.1
a-grow,3,1,4,0.25
i-living,3,1,4,0.25
every-that,5,6,11,0.5454545454545454
and-city,3,1,4,0.25
into-man,2,1,3,0.3333333333333333
2015-of,5,5,10,0.5
obliterated-you're,4,1,5,0.2
just-this,23,8,31,0.25806451612903225
don't-one,2,3,5,0.6
being-then,1,1,2,0.5
heading-make,1,1,2,0.5
b-if,1,1,2,0.5
cool-it,3,2,5,0.4
in-pathogen,2,1,3,0.3333333333333333
it-ty,1,1,2,0.5
first-help,2,1,3,0.3333333333333333
not-would,10,2,12,0.16666666666666666
and-ever,7,7,14,0.5
no-survive,1,1,2,0.5
collision-no-w,1,1,2,0.5
here's-of,1,1,2,0.5
off-over,1,1,2,0.5
by-picked!,2,1,3,0.3333333333333333
is-republican,3,1,4,0.25
--them,1,2,3,0.6666666666666666
a-terrorism!,1,1,2,0.5
it.-the,25,6,31,0.1935483870967742
--lead,1,1,2,0.5
openly-relief,2,1,3,0.3333333333333333
'i-and,7,1,8,0.125
#art-#winter,1,1,2,0.5
day-mass,1,1,2,0.5
correction:-story,3,2,5,0.4
rate-texas,1,1,2,0.5
the-walking,1,7,8,0.875
of-saw,4,16,20,0.8
in-sinking,10,3,13,0.23076923076923078
dust-storm,10,20,30,0.6666666666666666
is-so,48,24,72,0.3333333333333333
at-scream,4,1,5,0.2
much-rain,1,4,5,0.8
on-u,6,8,14,0.5714285714285714
about-know,2,4,6,0.6666666666666666
are-threat,2,1,3,0.3333333333333333
player-to,1,1,2,0.5
crowd-the,1,3,4,0.75
cuz-in,2,1,3,0.3333333333333333
deluged-make,8,1,9,0.1111111111111111
and-water,9,3,12,0.25
attack-pray,5,1,6,0.16666666666666666
are-did,1,1,2,0.5
it-night,1,1,2,0.5
accident-collided,1,2,3,0.6666666666666666
so-started,1,1,2,0.5
hijacker-i,1,1,2,0.5
be-caution:,1,1,2,0.5
outside-the,8,3,11,0.2727272727272727
not-wall,1,2,3,0.6666666666666666
another-she,1,1,2,0.5
how-match,2,1,3,0.3333333333333333
fifth-picked!,2,1,3,0.3333333333333333
check-the,14,3,17,0.17647058823529413
crazy-this,1,1,2,0.5
fighter-the,1,1,2,0.5
#prophetmuhammad-came,4,2,6,0.3333333333333333
burned-this,1,1,2,0.5
i'm-middle,1,1,2,0.5
game-to,8,1,9,0.1111111111111111
rescued-with,1,3,4,0.75
cannot-go,1,1,2,0.5
newlywed-refugee,2,1,3,0.3333333333333333
let-soul,1,2,3,0.6666666666666666
crashing-into,1,1,2,0.5
collided-they,1,1,2,0.5
look-new,5,2,7,0.2857142857142857
again-to,8,2,10,0.2
how-recognize,1,2,3,0.6666666666666666
child-school,1,1,2,0.5
for-realise,4,3,7,0.42857142857142855
proud-the,2,3,5,0.6
is-utter,1,2,3,0.6666666666666666
and-burning,14,12,26,0.46153846153846156
and-panic,10,1,11,0.09090909090909091
say-the,31,30,61,0.4918032786885246
annihilation-of,8,9,17,0.5294117647058824
but-emergency,1,1,2,0.5
of-service,11,11,22,0.5
first-why,1,1,2,0.5
crashed-few,2,1,3,0.3333333333333333
97/georgia-silver,1,4,5,0.8
feel-like,30,5,35,0.14285714285714285
battle-droid,1,1,2,0.5
--û_,3,2,5,0.4
by-i'll,1,1,2,0.5
i-suicide,2,1,3,0.3333333333333333
at-fair,1,1,2,0.5
fire-good,1,6,7,0.8571428571428571
in-thing,15,3,18,0.16666666666666666
hole-is,1,1,2,0.5
at-rioting,2,3,5,0.6
cage-the,1,1,2,0.5
certain-research,1,1,2,0.5
gun-the,6,2,8,0.25
potential-transport,1,1,2,0.5
10-in,3,9,12,0.75
of-post,4,2,6,0.3333333333333333
out-win,2,1,3,0.3333333333333333
light-the,5,5,10,0.5
declined-reveals,1,1,2,0.5
from-still,3,1,4,0.25
glad-in,2,2,4,0.5
@tomcatarts-survivor,1,1,2,0.5
inundated-like,3,1,4,0.25
colour-yours,7,1,8,0.125
--disaster,3,12,15,0.8
mass-that,3,5,8,0.625
2015:-for,1,1,2,0.5
doe-if,1,2,3,0.6666666666666666
is-mark,2,1,3,0.3333333333333333
could-on,6,5,11,0.45454545454545453
he-look,8,1,9,0.1111111111111111
emergency-planning,2,1,3,0.3333333333333333
been-even,2,1,3,0.3333333333333333
fast-my,1,1,2,0.5
a-review,4,1,5,0.2
mean-need,1,1,2,0.5
could-of,10,13,23,0.5652173913043478
down-looting,1,1,2,0.5
http://t.co/9nwajli9cr-the,2,2,4,0.5
make-pm,1,1,2,0.5
gm!-lord,5,1,6,0.16666666666666666
him-which,1,1,2,0.5
for-ground,1,1,2,0.5
...-bioterror,1,2,3,0.6666666666666666
appears-blast,13,3,16,0.1875
flame-with,1,2,3,0.6666666666666666
is-ûò,2,1,3,0.3333333333333333
me-run,4,1,5,0.2
it-show,12,2,14,0.14285714285714285
death-we,2,2,4,0.5
australiaûªs-in,1,1,2,0.5
me-one,14,2,16,0.125
#hot-many,4,1,5,0.2
1-hasbro,1,1,2,0.5
in-worked,2,1,3,0.3333333333333333
loved-of,2,2,4,0.5
2015:-twitter,1,2,3,0.6666666666666666
33'-hollywood,6,5,11,0.45454545454545453
bioterror-via,4,3,7,0.42857142857142855
at-conference,4,2,6,0.3333333333333333
hello-send,1,1,2,0.5
been-youûªve,8,6,14,0.42857142857142855
a-thanks,1,6,7,0.8571428571428571
40%-more,1,1,2,0.5
and-it's,43,11,54,0.2037037037037037
she-your,1,1,2,0.5
are-that,27,22,49,0.4489795918367347
beach-on,6,3,9,0.3333333333333333
and-favorite,3,2,5,0.4
eye-stop,1,1,2,0.5
averted:-kill,1,2,3,0.6666666666666666
playing-vote:,2,1,3,0.3333333333333333
may-what,1,2,3,0.6666666666666666
angry-fire,1,4,5,0.8
electronic-leisure,2,1,3,0.3333333333333333
christmas-that,1,5,6,0.8333333333333334
it's-like,17,6,23,0.2608695652173913
have-thunderstorm,1,1,2,0.5
los-to,1,2,3,0.6666666666666666
giving-the,5,4,9,0.4444444444444444
#vanuatu-future,1,1,2,0.5
blast-breaking,13,3,16,0.1875
take-to,23,18,41,0.43902439024390244
the-volcano,2,12,14,0.8571428571428571
whole-with,2,1,3,0.3333333333333333
petition-that,2,1,3,0.3333333333333333
after-firefighter,1,1,2,0.5
ash-bundled,1,1,2,0.5
and-mom,8,1,9,0.1111111111111111
floods.-tornado,2,1,3,0.3333333333333333
aircraft-mma,1,2,3,0.6666666666666666
ship-totaling,8,1,9,0.1111111111111111
#farrakhan-floods.,2,1,3,0.3333333333333333
come-this,6,2,8,0.25
doe-know,1,2,3,0.6666666666666666
it-watch,4,1,5,0.2
good-pretty,1,1,2,0.5
cross-to,3,1,4,0.25
community-the,5,2,7,0.2857142857142857
first-safety,1,1,2,0.5
everyone-is,9,3,12,0.25
#islam-#lies,3,4,7,0.5714285714285714
lost-who,1,1,2,0.5
in-rock,2,7,9,0.7777777777777778
asking-for,5,1,6,0.16666666666666666
an-war,1,1,2,0.5
of-plane,2,6,8,0.75
and-us.,5,1,6,0.16666666666666666
we-work,3,1,4,0.25
chinaûªs-å¨,1,1,2,0.5
are-so,20,7,27,0.25925925925925924
night-to,11,4,15,0.26666666666666666
what-wind,13,5,18,0.2777777777777778
on-very,4,4,8,0.5
cooler-the,1,1,2,0.5
in-victim,1,11,12,0.9166666666666666
#prebreak-wave,12,5,17,0.29411764705882354
recommend-to,1,1,2,0.5
before-could,1,2,3,0.6666666666666666
colorado-to,1,1,2,0.5
gabon-shift,1,1,2,0.5
one-over,1,5,6,0.8333333333333334
banquet-dinner,1,1,2,0.5
stock-summer,8,1,9,0.1111111111111111
...-ha,2,3,5,0.6
5-video,5,2,7,0.2857142857142857
circle-the,2,2,4,0.5
in-our,16,9,25,0.36
fell-hughes,1,1,2,0.5
desolation-the,23,4,27,0.14814814814814814
the-throughout,2,1,3,0.3333333333333333
horse...-service,5,3,8,0.375
my-video,4,1,5,0.2
for-negative,1,1,2,0.5
by-rt,2,1,3,0.3333333333333333
hell-to,3,2,5,0.4
are-many,2,5,7,0.7142857142857143
for-massive,1,1,2,0.5
may-some,1,1,2,0.5
hosting-of,3,2,5,0.4
collapse-with,1,2,3,0.6666666666666666
america-her,2,1,3,0.3333333333333333
cree-s,1,1,2,0.5
damn-like,2,3,5,0.6
for-transfer,1,2,3,0.6666666666666666
--combo,8,1,9,0.1111111111111111
new-this,3,1,4,0.25
a-look,45,37,82,0.45121951219512196
in-miss,1,1,2,0.5
family-together,2,1,3,0.3333333333333333
let-my,8,2,10,0.2
attack-year,2,1,3,0.3333333333333333
are-go,2,1,3,0.3333333333333333
body-meek.,1,1,2,0.5
it-nothing,4,3,7,0.42857142857142855
crater-in,2,2,4,0.5
about-w/,3,1,4,0.25
started-wa,1,1,2,0.5
d.b.-of,1,1,2,0.5
not-number,1,1,2,0.5
by-collided,1,1,2,0.5
specimen-wake,1,1,2,0.5
(photos)--,3,2,5,0.4
aba-face,8,3,11,0.2727272727272727
back-kicked,1,1,2,0.5
is-unavoidable,2,1,3,0.3333333333333333
equal-opposite,1,1,2,0.5
--something,3,1,4,0.25
medium-naved,1,1,2,0.5
now-say,3,1,4,0.25
a-they're,6,3,9,0.3333333333333333
and-pû_,1,1,2,0.5
burning-out,2,1,3,0.3333333333333333
after-survivor,1,6,7,0.8571428571428571
lasting-the,1,1,2,0.5
crime-like,1,1,2,0.5
hijacker-notexplained:,1,1,2,0.5
block-of,5,1,6,0.16666666666666666
heartless-owner,2,1,3,0.3333333333333333
#mtvhottest-one,3,1,4,0.25
a-well,17,18,35,0.5142857142857142
feel-will,2,1,3,0.3333333333333333
him-it,9,3,12,0.25
it-yeah,3,2,5,0.4
after-centre,1,5,6,0.8333333333333334
scared-to,6,5,11,0.45454545454545453
in-trip,1,1,2,0.5
cooper.-http://t.co/jlzk2hdetg,1,1,2,0.5
a-this,108,112,220,0.509090909090909
accept-will,1,1,2,0.5
burning-with,4,8,12,0.6666666666666666
fire-working,1,3,4,0.75
industry-on,3,1,4,0.25
5-to,5,6,11,0.5454545454545454
doing-what,1,4,5,0.8
every-not,1,1,2,0.5
a-hostage,7,22,29,0.7586206896551724
fedex-specimen,2,1,3,0.3333333333333333
kill-who,1,1,2,0.5
crazy-party,1,1,2,0.5
meat-loving-world,5,1,6,0.16666666666666666
...-wall,1,1,2,0.5
http://t.co/0wratka2jl-playing,2,1,3,0.3333333333333333
help-those,2,2,4,0.5
on-suicide,1,9,10,0.9
from-will,9,5,14,0.35714285714285715
country-we,2,1,3,0.3333333333333333
$300000-with,1,1,2,0.5
because-i,26,3,29,0.10344827586206896
place-to,10,4,14,0.2857142857142857
devastated-it,3,1,4,0.25
@emmerdale-can,1,1,2,0.5
been-said,1,1,2,0.5
buildings.-the,1,6,7,0.8571428571428571
cleared:incident-inner,1,2,3,0.6666666666666666
#allah-humaza.,2,1,3,0.3333333333333333
first-ha,4,1,5,0.2
and-letting,3,1,4,0.25
http://t.co/vz1irh0nmm-inspection,1,1,2,0.5
stop-up,5,1,6,0.16666666666666666
mohammed-the,1,1,2,0.5
colour-pay',7,1,8,0.125
in-same,5,1,6,0.16666666666666666
breaking-neighbour's,13,3,16,0.1875
history-of,6,6,12,0.5
@corleonedaboss-anything,1,1,2,0.5
@noah_anyname-and,1,1,2,0.5
in-linked,1,7,8,0.875
how-waste,1,2,3,0.6666666666666666
doe-of,6,3,9,0.3333333333333333
for-the,264,168,432,0.3888888888888889
building-shit,4,2,6,0.3333333333333333
he-plaguing,2,1,3,0.3333333333333333
much-wa,7,1,8,0.125
&amp;-him.,1,1,2,0.5
of-wanna,2,1,3,0.3333333333333333
and-entire,1,2,3,0.6666666666666666
--mountain,2,3,5,0.6
ha-summer,3,2,5,0.4
giant-new,1,1,2,0.5
make-yours,8,1,9,0.1111111111111111
first-there,6,1,7,0.14285714285714285
5000-to,1,1,2,0.5
go-look,4,3,7,0.42857142857142855
a-camping,1,1,2,0.5
fire-is,10,28,38,0.7368421052631579
#aoms-hunk,1,2,3,0.6666666666666666
just-panic,3,1,4,0.25
california-hijacker,3,5,8,0.625
#gilbert23-sign,2,1,3,0.3333333333333333
by-deluged,2,3,5,0.6
associated-on,2,1,3,0.3333333333333333
car-have,1,4,5,0.8
--playlist,7,1,8,0.125
fire-whistle,1,1,2,0.5
coming-still,1,1,2,0.5
emergency-preparedness,1,2,3,0.6666666666666666
fatality-since,1,1,2,0.5
so-when,13,6,19,0.3157894736842105
me-took,3,1,4,0.25
ha-year,3,2,5,0.4
i-spot,2,1,3,0.3333333333333333
v...-windstorm,1,1,2,0.5
in-to,240,280,520,0.5384615384615384
drake-him,1,2,3,0.6666666666666666
and-short,1,1,2,0.5
an-food,3,1,4,0.25
i-inside,4,2,6,0.3333333333333333
find-to,11,3,14,0.21428571428571427
i-sleeping,1,1,2,0.5
in-news:,2,1,3,0.3333333333333333
fire-non-compliant,2,1,3,0.3333333333333333
away-to,8,4,12,0.3333333333333333
first-who,1,1,2,0.5
2015:-history:,1,1,2,0.5
ambulance-call,1,1,2,0.5
it-place.,1,1,2,0.5
context-in,1,2,3,0.6666666666666666
he's-just,3,3,6,0.5
of-working,2,1,3,0.3333333333333333
collapsed-that,5,1,6,0.16666666666666666
fifth-it,2,1,3,0.3333333333333333
for-went,3,1,4,0.25
show-so,3,1,4,0.25
box-careless,1,1,2,0.5
a-wrong,4,1,5,0.2
but-by,10,4,14,0.2857142857142857
earlier-that,1,1,2,0.5
flattened-of,3,2,5,0.4
and-too.,1,1,2,0.5
feeling-in,1,1,2,0.5
#prebreak-hat,12,5,17,0.29411764705882354
death-electrocuted,1,2,3,0.6666666666666666
flooding-my,5,1,6,0.16666666666666666
southampton-transfer,1,2,3,0.6666666666666666
ppl-will,1,1,2,0.5
accident-can,2,1,3,0.3333333333333333
let-white,1,1,2,0.5
life-like,1,1,2,0.5
police-this,1,3,4,0.75
short-too,1,1,2,0.5
concern-for,1,1,2,0.5
annihilation-exterminate,1,1,2,0.5
(giant-giant,1,1,2,0.5
shape-yours,7,1,8,0.125
#ban-#nestleindia,1,2,3,0.6666666666666666
couple-fashionable,2,1,3,0.3333333333333333
him-if,2,1,3,0.3333333333333333
news!-what,13,3,16,0.1875
just-medium,1,1,2,0.5
#prebreak-reddit's,4,1,5,0.2
near-some,1,2,3,0.6666666666666666
it-whirlwind,3,1,4,0.25
via-who,1,4,5,0.8
in-issue,6,5,11,0.45454545454545453
forest-start,2,3,5,0.6
top-û_,1,1,2,0.5
am-to,13,5,18,0.2777777777777778
apocalypse-spirit,1,1,2,0.5
her-those,2,2,4,0.5
bundled-england,1,1,2,0.5
#world-anthrax,1,1,2,0.5
look-than,1,3,4,0.75
been-tried.,2,1,3,0.3333333333333333
been-don't,1,1,2,0.5
video-wild,2,1,3,0.3333333333333333
arson-û÷politics,1,4,5,0.8
phone-your,6,3,9,0.3333333333333333
see-your,7,1,8,0.125
detonation-electronic,2,1,3,0.3333333333333333
are-one,5,4,9,0.4444444444444444
accident-car,4,5,9,0.5555555555555556
collapsed-is,3,1,4,0.25
in-word,3,2,5,0.4
post-washington,2,3,5,0.6
every-his,2,1,3,0.3333333333333333
a-wow,2,1,3,0.3333333333333333
struck-the,1,3,4,0.75
in-shame,1,2,3,0.6666666666666666
ahead-to,3,2,5,0.4
in-information,1,3,4,0.75
night-the,19,7,26,0.2692307692307692
??????-is,8,2,10,0.2
battle-collection,1,1,2,0.5
keep-police,1,1,2,0.5
with-year,4,13,17,0.7647058823529411
and-three,3,2,5,0.4
fire-ha,1,10,11,0.9090909090909091
a-day.,2,2,4,0.5
fully-you,2,1,3,0.3333333333333333
august-event,1,1,2,0.5
by-do,6,4,10,0.4
all-did,3,1,4,0.25
a-lion,1,4,5,0.8
horror;-is,1,4,5,0.8
to-waiting,3,8,11,0.7272727272727273
anything-will,2,1,3,0.3333333333333333
cree-whistle,1,1,2,0.5
#forever-description,2,1,3,0.3333333333333333
mention-think,3,1,4,0.25
electrocuted-he,1,1,2,0.5
3-the,8,4,12,0.3333333333333333
damage-level,1,2,3,0.6666666666666666
insane-not,1,1,2,0.5
mineral's-reshape,1,1,2,0.5
thousand-will,2,1,3,0.3333333333333333
and-off,20,9,29,0.3103448275862069
70-is,1,1,2,0.5
#prophetmuhammad-of,4,2,6,0.3333333333333333
#bbc-#god,3,4,7,0.5714285714285714
open-up,2,2,4,0.5
but-movie,2,1,3,0.3333333333333333
horrible-into,15,2,17,0.11764705882352941
is-true,2,4,6,0.6666666666666666
were-what,2,6,8,0.75
flooding-to,4,6,10,0.6
at-school,1,3,4,0.75
how-obliterate,1,1,2,0.5
but-probably,5,1,6,0.16666666666666666
never-wa,1,3,4,0.75
in-trouble.,1,1,2,0.5
a-won't,6,1,7,0.14285714285714285
director-windstorm,1,1,2,0.5
flood-light,15,2,17,0.11764705882352941
bed-the,7,1,8,0.125
got-know,2,1,3,0.3333333333333333
reopening-the,2,2,4,0.5
belief-the,2,2,4,0.5
on-police,4,7,11,0.6363636363636364
happy-so,10,1,11,0.09090909090909091
at-down,5,4,9,0.4444444444444444
war-world,5,4,9,0.4444444444444444
beautiful-in,6,3,9,0.3333333333333333
few-time,2,2,4,0.5
business-shape,7,1,8,0.125
leave-my,4,2,6,0.3333333333333333
be-voice,2,1,3,0.3333333333333333
on-sunk,4,1,5,0.2
police-they,1,2,3,0.6666666666666666
child-will,1,1,2,0.5
new-rt,4,2,6,0.3333333333333333
side-up,1,1,2,0.5
dealing-with,1,2,3,0.6666666666666666
so-they,10,4,14,0.2857142857142857
emergency-have,8,6,14,0.42857142857142855
blast-just,13,3,16,0.1875
blight-to,6,1,7,0.14285714285714285
now.-the,5,1,6,0.16666666666666666
the-what's,17,1,18,0.05555555555555555
hit-thursday,1,2,3,0.6666666666666666
#tcot-|,1,1,2,0.5
to-w/o,1,1,2,0.5
car-right,1,1,2,0.5
all-wa,12,6,18,0.3333333333333333
centre-evacuated,1,4,5,0.8
like-next,1,1,2,0.5
hike:-windstorm,1,1,2,0.5
got-have,13,2,15,0.13333333333333333
dog-it,1,1,2,0.5
calm-to,4,2,6,0.3333333333333333
everywhere-socialism,2,1,3,0.3333333333333333
fucking-that,2,1,3,0.3333333333333333
all-out,12,2,14,0.14285714285714285
&amp;-going,2,1,3,0.3333333333333333
after-it,11,2,13,0.15384615384615385
and-apartment,1,2,3,0.6666666666666666
country-one,1,2,3,0.6666666666666666
black-will,2,2,4,0.5
catastrophic-climate,1,1,2,0.5
petition-to,6,1,7,0.14285714285714285
then-when,3,2,5,0.4
--video:,2,5,7,0.7142857142857143
an-more,1,4,5,0.8
me-time,4,2,6,0.3333333333333333
the-wound,14,12,26,0.46153846153846156
senior-the,1,6,7,0.8571428571428571
out-while,2,3,5,0.6
fair-on,1,1,2,0.5
global-the,2,7,9,0.7777777777777778
program-the,4,2,6,0.3333333333333333
let-you!,4,1,5,0.2
uk-when,1,1,2,0.5
wa-whirlwind,1,1,2,0.5
change-today,1,2,3,0.6666666666666666
so-where,3,3,6,0.5
bleeding-one,1,1,2,0.5
apc-in,4,7,11,0.6363636363636364
city-don't,1,1,2,0.5
least-the,5,5,10,0.5
forest:-park,5,3,8,0.375
doesn't-mass,1,1,2,0.5
me-up,27,3,30,0.1
king-up,1,1,2,0.5
i've-then,1,1,2,0.5
leave-you're,1,1,2,0.5
fall-have,2,1,3,0.3333333333333333
may-of,11,6,17,0.35294117647058826
avoid-the,2,3,5,0.6
in-nothing,1,1,2,0.5
chinaûªs-summer,5,1,6,0.16666666666666666
police-when,1,3,4,0.75
by-census,1,1,2,0.5
no-week,1,1,2,0.5
could-wa,1,5,6,0.8333333333333334
100-will,2,1,3,0.3333333333333333
parent-remember,1,1,2,0.5
building-epic,1,1,2,0.5
i-pulled,1,2,3,0.6666666666666666
@itsjustinstuart-a,1,1,2,0.5
believe-by,1,1,2,0.5
#world-lab,1,1,2,0.5
have-those,4,2,6,0.3333333333333333
doe-some,1,1,2,0.5
heart-my,14,3,17,0.17647058823529413
them-this,6,2,8,0.25
over-stretcher,1,1,2,0.5
center-trauma,1,2,3,0.6666666666666666
i-wait,12,4,16,0.25
a-than,32,19,51,0.37254901960784315
13-the,4,2,6,0.3333333333333333
dog-find,1,1,2,0.5
came-video,1,2,3,0.6666666666666666
not-tried,1,1,2,0.5
can-said,1,1,2,0.5
get-wa,7,6,13,0.46153846153846156
money-war,1,1,2,0.5
an-idea,2,1,3,0.3333333333333333
go-like,6,3,9,0.3333333333333333
material-meant,2,1,3,0.3333333333333333
storm-up,1,3,4,0.75
attack-no,1,1,2,0.5
#lgbt-to,4,1,5,0.2
reminder-to,1,1,2,0.5
for-only.,1,1,2,0.5
music-weak,1,1,2,0.5
about-bagging,1,1,2,0.5
hijack-of,2,1,3,0.3333333333333333
after-he,11,1,12,0.08333333333333333
smaug-watch,2,1,3,0.3333333333333333
sideline-u,3,2,5,0.4
call-out,1,2,3,0.6666666666666666
a-very,10,5,15,0.3333333333333333
for-thomas,1,1,2,0.5
little-so,1,1,2,0.5
spring-the,9,2,11,0.18181818181818182
colour-the,15,1,16,0.0625
fog-spot,6,1,7,0.14285714285714285
ha-on,18,16,34,0.47058823529411764
got-life,2,1,3,0.3333333333333333
come-have,6,1,7,0.14285714285714285
storm-than,3,2,5,0.4
me.-never,2,3,5,0.6
too-way,1,2,3,0.6666666666666666
battle-space,9,1,10,0.1
and-near,2,8,10,0.8
lost-my,2,3,5,0.6
and-c,1,2,3,0.6666666666666666
at-went,1,1,2,0.5
on-stay,5,1,6,0.16666666666666666
call-your,1,1,2,0.5
need-weapon,1,2,3,0.6666666666666666
don't-started,1,1,2,0.5
good.-with,2,1,3,0.3333333333333333
'superhero'-rare,1,1,2,0.5
careless-one,1,1,2,0.5
15-that,2,2,4,0.5
@itsjustinstuart-range,1,1,2,0.5
evacuate-there,1,2,3,0.6666666666666666
gotten-i,1,2,3,0.6666666666666666
other-that,2,3,5,0.6
1-war,1,1,2,0.5
his-own,1,1,2,0.5
body-on,9,3,12,0.25
are-cool,1,1,2,0.5
at-on,41,49,90,0.5444444444444444
horse-voice,1,1,2,0.5
everyone-on,4,2,6,0.3333333333333333
i-mad,4,1,5,0.2
and-damn,2,1,3,0.3333333333333333
and-wanna,6,2,8,0.25
5c-car,1,1,2,0.5
and-parent,2,1,3,0.3333333333333333
favorite-to,1,1,2,0.5
deep-in,3,1,4,0.25
is-lost,1,1,2,0.5
lol-wa,7,1,8,0.125
i-w/heavenly,5,1,6,0.16666666666666666
@accionempresa-hunt...,1,1,2,0.5
derailed-train,1,17,18,0.9444444444444444
drowning-with,2,1,3,0.3333333333333333
4-the,5,1,6,0.16666666666666666
...-ûó,1,1,2,0.5
#directioners-my,7,1,8,0.125
--read,31,3,34,0.08823529411764706
emergency-when,4,2,6,0.3333333333333333
storm-violent,5,20,25,0.8
imagine-to,2,3,5,0.6
a-such,23,2,25,0.08
sense-will,1,1,2,0.5
every-wa,6,1,7,0.14285714285714285
is-song,6,1,7,0.14285714285714285
it-while,5,6,11,0.5454545454545454
and-keep,12,4,16,0.25
in-wind,16,8,24,0.3333333333333333
getting-this,1,4,5,0.8
delta-of,1,1,2,0.5
bomb-by,1,1,2,0.5
burned-new,1,1,2,0.5
civil-greenway,1,1,2,0.5
but-since,3,2,5,0.4
1-2,2,4,6,0.6666666666666666
city-stranded,1,2,3,0.6666666666666666
he-sorry,1,2,3,0.6666666666666666
all-car,2,1,3,0.3333333333333333
class-the,6,4,10,0.4
#pbban-(temporary:300),3,1,4,0.25
believe-in,8,3,11,0.2727272727272727
open-when,1,1,2,0.5
many-would,1,1,2,0.5
??????-are,2,1,3,0.3333333333333333
biggest-in,8,1,9,0.1111111111111111
come-i,16,2,18,0.1111111111111111
and-doing,6,3,9,0.3333333333333333
another-your,2,2,4,0.5
--audio,1,1,2,0.5
been-mass,1,1,2,0.5
an-on,10,14,24,0.5833333333333334
have-that's,4,1,5,0.2
on-pump,1,2,3,0.6666666666666666
here-time,1,1,2,0.5
2-their,1,4,5,0.8
place-that,2,4,6,0.6666666666666666
breathing-your,1,1,2,0.5
#wealth-description,2,1,3,0.3333333333333333
curved-full,6,1,7,0.14285714285714285
not-self,3,1,4,0.25
in-russian,3,1,4,0.25
person-up,2,1,3,0.3333333333333333
space-star,8,1,9,0.1111111111111111
i-time,39,10,49,0.20408163265306123
blazing-in,5,1,6,0.16666666666666666
going-like,7,1,8,0.125
12000-nigerian,1,11,12,0.9166666666666666
civil-on,1,1,2,0.5
from-not,9,6,15,0.4
crazy-how,2,1,3,0.3333333333333333
am-by,4,2,6,0.3333333333333333
of-openly,2,1,3,0.3333333333333333
the-though.,4,1,5,0.2
#genocide;-idp,1,4,5,0.8
fire-run,1,1,2,0.5
are-car,2,1,3,0.3333333333333333
not-we,11,7,18,0.3888888888888889
can't-chance,2,1,3,0.3333333333333333
u-your,8,6,14,0.42857142857142855
#rt-my,5,1,6,0.16666666666666666
family-not,3,1,4,0.25
from-missing,1,17,18,0.9444444444444444
god-no,1,1,2,0.5
of-||,1,3,4,0.75
murderer-of,1,1,2,0.5
an-violent,1,1,2,0.5
afraid-of,4,2,6,0.3333333333333333
5-6,5,2,7,0.2857142857142857
faan-mma,1,2,3,0.6666666666666666
disaster-wa,1,2,3,0.6666666666666666
#fettilootch-album,3,1,4,0.25
ha-think,4,1,5,0.2
blown-when,2,1,3,0.3333333333333333
equipment-to,3,2,5,0.4
been-sinking,8,7,15,0.4666666666666667
bear-the,7,1,8,0.125
a-n,1,3,4,0.75
the-tsunami,4,9,13,0.6923076923076923
seek-texas,6,4,10,0.4
another-siren,2,1,3,0.3333333333333333
it.-on,3,1,4,0.25
scared-why,1,2,3,0.6666666666666666
have-in,59,40,99,0.40404040404040403
horrible-quarantined,15,2,17,0.11764705882352941
back-can,3,2,5,0.4
body-tote,16,1,17,0.058823529411764705
iran-of,4,4,8,0.5
is-then,5,5,10,0.5
ii-world,2,2,4,0.5
explosion-this,2,2,4,0.5
at-move,1,1,2,0.5
#best-into,4,1,5,0.2
member-who,2,1,3,0.3333333333333333
first-free,1,1,2,0.5
end-famine,1,2,3,0.6666666666666666
and-stream,1,1,2,0.5
park-service,5,3,8,0.375
#winter-in,1,2,3,0.6666666666666666
drowning-mourns,1,1,2,0.5
be-breathing,1,1,2,0.5
5-top,1,1,2,0.5
prompt-recall,1,1,2,0.5
for-minute,2,1,3,0.3333333333333333
--but,4,7,11,0.6363636363636364
gonna-them,2,1,3,0.3333333333333333
&amp;-get,11,2,13,0.15384615384615385
this-water,1,1,2,0.5
are-safety,1,1,2,0.5
gone-in,4,1,5,0.2
gonna-your,1,3,4,0.75
expected-wa,1,1,2,0.5
can-until,4,1,5,0.2
but-seek,1,1,2,0.5
burning-want,1,1,2,0.5
caution:-to,1,1,2,0.5
&amp;-do,3,3,6,0.5
can't-so,6,2,8,0.25
burning-your,4,5,9,0.5555555555555556
from-|,8,3,11,0.2727272727272727
floods.-who,4,2,6,0.3333333333333333
use-we,5,1,6,0.16666666666666666
before-get,7,3,10,0.3
body-man,2,1,3,0.3333333333333333
in-their,18,14,32,0.4375
campaign-help,2,1,3,0.3333333333333333
a-suck,2,1,3,0.3333333333333333
consequence-natural,2,1,3,0.3333333333333333
t-to,1,2,3,0.6666666666666666
go-is,4,4,8,0.5
like-there's,1,1,2,0.5
9:-space,8,1,9,0.1111111111111111
great-more,1,1,2,0.5
few-i,11,2,13,0.15384615384615385
and-church,2,1,3,0.3333333333333333
????-have,5,1,6,0.16666666666666666
in-ppl,1,1,2,0.5
everyone-hate,1,1,2,0.5
more-their,3,3,6,0.5
fall-in,3,2,5,0.4
by-death,2,5,7,0.7142857142857143
is-percent,2,1,3,0.3333333333333333
take-the,38,18,56,0.32142857142857145
#pbban-only,3,1,4,0.25
parent-you,1,1,2,0.5
do-it,25,8,33,0.24242424242424243
about-fall,1,1,2,0.5
destroyed-people,2,7,9,0.7777777777777778
off-people,2,1,3,0.3333333333333333
http://t.co/0wratka2jl-of,2,1,3,0.3333333333333333
river-salt,6,5,11,0.45454545454545453
fatality-from,4,1,5,0.2
be-why,8,3,11,0.2727272727272727
a-rise,1,3,4,0.75
the-ty,2,1,3,0.3333333333333333
6-call,1,1,2,0.5
are-fatality,1,3,4,0.75
2015:-among,1,1,2,0.5
burning-i'm,11,4,15,0.26666666666666666
casualty-in,1,19,20,0.95
hunter-oops:,1,3,4,0.75
...-say,1,2,3,0.6666666666666666
a-client,5,1,6,0.16666666666666666
it-than,2,2,4,0.5
delivers-in,9,4,13,0.3076923076923077
great-new,1,1,2,0.5
it's-still,3,1,4,0.25
for-setting,1,3,4,0.75
or-want,5,2,7,0.2857142857142857
thats-the,3,1,4,0.25
explosion-saturday.,1,1,2,0.5
in-running,5,3,8,0.375
burnt-down,1,2,3,0.6666666666666666
are-last,8,1,9,0.1111111111111111
--great,1,2,3,0.6666666666666666
lord-of,16,2,18,0.1111111111111111
in-it's,31,15,46,0.32608695652173914
the-tonight.,2,2,4,0.5
and-served,2,2,4,0.5
green-the,3,5,8,0.625
18w-flood,3,1,4,0.25
me.-of,5,1,6,0.16666666666666666
detonation-of,2,4,6,0.6666666666666666
can-feel,3,2,5,0.4
can-those,3,1,4,0.25
if-they,15,3,18,0.16666666666666666
a-deal,9,5,14,0.35714285714285715
done-is,1,1,2,0.5
after-plaguing,2,1,3,0.3333333333333333
reactor-will,2,1,3,0.3333333333333333
--actually,1,1,2,0.5
here-of,1,5,6,0.8333333333333334
especially-for,1,3,4,0.75
china's-market,13,6,19,0.3157894736842105
came-of,7,9,16,0.5625
bridge-people,1,1,2,0.5
before-ha,1,1,2,0.5
and-violence,1,1,2,0.5
bioterror-wake,5,12,17,0.7058823529411765
know-would,3,2,5,0.4
reduce-to,3,1,4,0.25
a-living,8,6,14,0.42857142857142855
at-forget,1,1,2,0.5
expect-that,1,1,2,0.5
in-shooting,1,9,10,0.9
gunshot-of,1,1,2,0.5
loretta-of,1,2,3,0.6666666666666666
and-gonna,7,4,11,0.36363636363636365
far-they,1,1,2,0.5
anyone-doe,1,1,2,0.5
bayelsa-pdp:,2,2,4,0.5
like-those,2,3,5,0.6
all-sea,2,1,3,0.3333333333333333
internally-relief,2,1,3,0.3333333333333333
all-so,13,6,19,0.3157894736842105
are-wife,4,2,6,0.3333333333333333
--who,5,4,9,0.4444444444444444
thought-wa,7,5,12,0.4166666666666667
death-there's,1,1,2,0.5
nation-the,5,2,7,0.2857142857142857
????????-maybe,1,1,2,0.5
if-youtube,1,1,2,0.5
#nowplaying-of,4,1,5,0.2
even-so,9,1,10,0.1
the-unlocking,1,1,2,0.5
having-is,6,3,9,0.3333333333333333
by-plan,6,3,9,0.3333333333333333
what-won't,1,1,2,0.5
are-our,4,7,11,0.6363636363636364
and-rainstorm,3,2,5,0.4
he-more,3,1,4,0.25
had-the,38,30,68,0.4411764705882353
poverty-the,3,1,4,0.25
about-sound,3,3,6,0.5
apocalyptic-rt,2,2,4,0.5
me-watching,3,3,6,0.5
obliteration.-total,1,1,2,0.5
a-downtown,2,6,8,0.75
9:-star,8,1,9,0.1111111111111111
&amp;-along,1,1,2,0.5
actually-me,1,1,2,0.5
both-one,1,1,2,0.5
been-over,2,13,15,0.8666666666666667
rubble?-the,5,6,11,0.5454545454545454
huge-will,1,1,2,0.5
????-from,2,2,4,0.5
#preparedness-yourself,2,2,4,0.5
fire-under,1,5,6,0.8333333333333334
to-used,24,2,26,0.07692307692307693
that-thing,10,2,12,0.16666666666666666
kill-to,2,8,10,0.8
comment-the,1,2,3,0.6666666666666666
#news-in,6,24,30,0.8
love-worth,2,1,3,0.3333333333333333
i-point,1,4,5,0.8
coming-like,1,1,2,0.5
are-military,1,2,3,0.6666666666666666
because-guy,1,1,2,0.5
dry-the,1,1,2,0.5
it-pepper,1,2,3,0.6666666666666666
2-vehicle,1,3,4,0.75
offensiveåêcontent-reddit,2,1,3,0.3333333333333333
and-light,5,2,7,0.2857142857142857
of-ready,1,3,4,0.75
and-her.,1,1,2,0.5
did-to,14,8,22,0.36363636363636365
extensive-out,1,1,2,0.5
&amp;-front,1,1,2,0.5
all-going,3,2,5,0.4
a-searching,4,10,14,0.7142857142857143
it-made,7,1,8,0.125
to-trust,5,1,6,0.16666666666666666
33'-chile:,3,3,6,0.5
child-death,4,1,5,0.2
the-yet,10,3,13,0.23076923076923078
an-come,2,1,3,0.3333333333333333
@accionempresa-summer,1,1,2,0.5
all-down,2,3,5,0.6
are-black,2,3,5,0.6
ever-on,7,4,11,0.36363636363636365
@accionempresa-from,1,1,2,0.5
and-missed,2,1,3,0.3333333333333333
#fettilootch-soon,3,1,4,0.25
band-memorial,2,1,3,0.3333333333333333
i-up.,5,3,8,0.375
'first'-are,1,1,2,0.5
i-republican,4,1,5,0.2
--evidence,1,1,2,0.5
from-plane,1,11,12,0.9166666666666666
dies..is-for,1,1,2,0.5
charity.'-prophet,4,2,6,0.3333333333333333
have-sadly,1,1,2,0.5
about-thinking,4,2,6,0.3333333333333333
--atomic,1,5,6,0.8333333333333334
down-matter,1,1,2,0.5
action-weak,1,1,2,0.5
appears-neighbour's,13,3,16,0.1875
in-smoke,5,6,11,0.5454545454545454
#isis-#news,3,4,7,0.5714285714285714
at-saturday.,1,1,2,0.5
about-forest,1,8,9,0.8888888888888888
do-follower,1,1,2,0.5
--silver,4,4,8,0.5
2.0-sicily,1,1,2,0.5
disaster-this,1,5,6,0.8333333333333334
look-those,1,1,2,0.5
hit-when,1,3,4,0.75
blessing-life,5,1,6,0.16666666666666666
area.-wound,2,2,4,0.5
evacuate-no,1,1,2,0.5
and-somewhere,1,1,2,0.5
critical-the,1,2,3,0.6666666666666666
