term,neg,pos,neg_and_pos,latio_pos
carried,1,2,3,0.6666666666666666
info/order,1,1,2,0.5
run,26,17,43,0.3953488372093023
hamburg,1,1,2,0.5
benefit,2,1,3,0.3333333333333333
recognize,3,2,5,0.4
bull,1,1,2,0.5
eyewitness,15,13,28,0.4642857142857143
mass-murderer,1,1,2,0.5
woman,50,21,71,0.29577464788732394
crown,2,1,3,0.3333333333333333
wouldn't,5,1,6,0.16666666666666666
tried,10,2,12,0.16666666666666666
sooo,1,1,2,0.5
fr,4,1,5,0.2
h,3,2,5,0.4
#terrorism,3,8,11,0.7272727272727273
fort,4,1,5,0.2
humans!,1,1,2,0.5
vest,2,1,3,0.3333333333333333
destiny,5,1,6,0.16666666666666666
point,6,14,20,0.7
faulty,1,1,2,0.5
journalism:,1,1,2,0.5
hero,8,4,12,0.3333333333333333
plague,2,2,4,0.5
b,6,3,9,0.3333333333333333
exit,2,6,8,0.75
football,8,2,10,0.2
scene,4,9,13,0.6923076923076923
soul,17,2,19,0.10526315789473684
otherwise,2,1,3,0.3333333333333333
ethiopian,1,1,2,0.5
earlier.,1,2,3,0.6666666666666666
liked,37,7,44,0.1590909090909091
getting,37,18,55,0.32727272727272727
killing,2,11,13,0.8461538461538461
underwater,1,1,2,0.5
sign,11,27,38,0.7105263157894737
changed,3,1,4,0.25
f,2,3,5,0.6
died,6,21,27,0.7777777777777778
ex,1,3,4,0.75
d,6,3,9,0.3333333333333333
18,2,5,7,0.7142857142857143
coworker,1,1,2,0.5
alive,7,2,9,0.2222222222222222
supreme,2,2,4,0.5
@calum5sos,2,1,3,0.3333333333333333
this?,1,2,3,0.6666666666666666
movement,2,1,3,0.3333333333333333
thats,3,2,5,0.4
site,6,22,28,0.7857142857142857
hughes,3,1,4,0.25
heat,12,31,43,0.7209302325581395
suffer,2,1,3,0.3333333333333333
last,56,27,83,0.3253012048192771
ever,37,12,49,0.24489795918367346
been,97,93,190,0.48947368421052634
continues,1,6,7,0.8571428571428571
stage,8,1,9,0.1111111111111111
coming.,1,1,2,0.5
option,7,2,9,0.2222222222222222
homeland,1,1,2,0.5
want,78,14,92,0.15217391304347827
driving,10,6,16,0.375
#baltimore,1,1,2,0.5
exploration,3,5,8,0.625
potential,3,7,10,0.7
collision-no,2,3,5,0.6
discussion,1,1,2,0.5
full,81,9,90,0.1
notexplained:,1,1,2,0.5
crush,26,2,28,0.07142857142857142
spectacular,1,1,2,0.5
burned,26,7,33,0.21212121212121213
up,178,114,292,0.3904109589041096
b4,2,3,5,0.6
code,2,1,3,0.3333333333333333
??.,2,1,3,0.3333333333333333
department,8,5,13,0.38461538461538464
word,29,7,36,0.19444444444444445
fashionable,2,1,3,0.3333333333333333
comment,12,4,16,0.25
are,231,166,397,0.4181360201511335
those,22,45,67,0.6716417910447762
single,7,3,10,0.3
meal,3,1,4,0.25
you,625,121,746,0.16219839142091153
18w,3,1,4,0.25
middle,8,7,15,0.4666666666666667
life:,2,3,5,0.6
rained.,1,1,2,0.5
playing,10,5,15,0.3333333333333333
population,5,5,10,0.5
stephen,3,1,4,0.25
suppose,1,2,3,0.6666666666666666
watch,31,48,79,0.6075949367088608
one,119,67,186,0.3602150537634409
i...,1,8,9,0.8888888888888888
date,10,5,15,0.3333333333333333
no,140,99,239,0.41422594142259417
let's,16,3,19,0.15789473684210525
chronicle,1,1,2,0.5
@youngheroesid,3,2,5,0.4
obviously,1,1,2,0.5
view,12,6,18,0.3333333333333333
graveyard,1,1,2,0.5
settlement,1,3,4,0.75
#jonathanferrell,1,1,2,0.5
#??,1,19,20,0.95
good.,7,1,8,0.125
bloody,36,7,43,0.16279069767441862
cricket,2,2,4,0.5
wonder,12,3,15,0.2
kicked,4,1,5,0.2
george,3,2,5,0.4
-,374,389,763,0.509829619921363
reported,2,13,15,0.8666666666666667
odeon,1,4,5,0.8
planet,3,2,5,0.4
perhaps,3,1,4,0.25
history:,1,1,2,0.5
vladimir,1,2,3,0.6666666666666666
(detonation),15,5,20,0.25
whole,25,16,41,0.3902439024390244
ted,5,1,6,0.16666666666666666
island,4,22,26,0.8461538461538461
gas,2,12,14,0.8571428571428571
rt:,6,2,8,0.25
stealing,3,5,8,0.625
kiev,1,1,2,0.5
done,14,10,24,0.4166666666666667
side,16,6,22,0.2727272727272727
god,40,9,49,0.1836734693877551
cliff.,3,1,4,0.25
week.,6,2,8,0.25
championship,2,1,3,0.3333333333333333
whatever,1,1,2,0.5
model,1,1,2,0.5
census,1,1,2,0.5
karma,1,1,2,0.5
treat,2,2,4,0.5
ptsd,1,1,2,0.5
coal,1,1,2,0.5
already,20,6,26,0.23076923076923078
bet,8,1,9,0.1111111111111111
's,4,3,7,0.42857142857142855
drag,2,1,3,0.3333333333333333
coast.,1,1,2,0.5
problem,12,6,18,0.3333333333333333
that...,1,1,2,0.5
verdict,1,2,3,0.6666666666666666
blessing,6,1,7,0.14285714285714285
isi,3,13,16,0.8125
linked,2,10,12,0.8333333333333334
1986,1,1,2,0.5
door.,1,1,2,0.5
move,14,13,27,0.48148148148148145
demolition,18,9,27,0.3333333333333333
t,3,1,4,0.25
#entrepreneur,1,1,2,0.5
bioterrorism,8,10,18,0.5555555555555556
child,19,19,38,0.5
mountain,5,9,14,0.6428571428571429
respect,3,1,4,0.25
guy,30,9,39,0.23076923076923078
5%,1,1,2,0.5
with.,2,1,3,0.3333333333333333
saving,6,6,12,0.5
story:,2,3,5,0.6
effort,6,5,11,0.45454545454545453
condition,1,7,8,0.875
these,38,11,49,0.22448979591836735
mistake,1,1,2,0.5
surprised,3,1,4,0.25
#otrametlife,3,1,4,0.25
infamous,1,1,2,0.5
attacked,14,26,40,0.65
repair,3,6,9,0.6666666666666666
beforeitsnews,1,3,4,0.75
beauty,1,1,2,0.5
rose,4,1,5,0.2
@change,5,4,9,0.4444444444444444
desolate.,3,2,5,0.4
wedding,11,1,12,0.08333333333333333
british,6,10,16,0.625
hobo,9,1,10,0.1
dan,6,4,10,0.4
&lt;3,6,1,7,0.14285714285714285
coyote,1,1,2,0.5
badge,1,1,2,0.5
expected,3,9,12,0.75
chick,1,1,2,0.5
aunt,1,1,2,0.5
utc2015-08-05,2,11,13,0.8461538461538461
whirlwind.,2,1,3,0.3333333333333333
wipp,1,1,2,0.5
w/,19,7,26,0.2692307692307692
fishing,1,3,4,0.75
public,11,7,18,0.3888888888888889
poplar,1,1,2,0.5
here:,14,2,16,0.125
frank,2,1,3,0.3333333333333333
cherokee,1,1,2,0.5
war,35,57,92,0.6195652173913043
place.,2,1,3,0.3333333333333333
find,21,9,30,0.3
evening,5,3,8,0.375
#gopdebate,2,1,3,0.3333333333333333
money,14,5,19,0.2631578947368421
ripple,1,1,2,0.5
picture,5,6,11,0.5454545454545454
rid,3,1,4,0.25
game?,1,1,2,0.5
faan,1,7,8,0.875
crew,1,24,25,0.96
challenged,1,1,2,0.5
considering,1,4,5,0.8
#forever,2,1,3,0.3333333333333333
letter,2,2,4,0.5
sent,9,4,13,0.3076923076923077
trying,21,6,27,0.2222222222222222
500,2,3,5,0.6
iii,3,1,4,0.25
zombie,6,1,7,0.14285714285714285
#reddit,2,2,4,0.5
#votejkt48id,1,3,4,0.75
sms:087809233445,1,1,2,0.5
flames.,4,1,5,0.2
third,1,2,3,0.6666666666666666
roof,3,3,6,0.5
none.,1,1,2,0.5
internally,4,8,12,0.6666666666666666
engulfed,17,18,35,0.5142857142857142
myself,17,1,18,0.05555555555555555
mini,6,2,8,0.25
idps:,2,1,3,0.3333333333333333
sends,1,2,3,0.6666666666666666
ultimate,3,3,6,0.5
(cont),1,1,2,0.5
refund,1,1,2,0.5
arsenal,1,2,3,0.6666666666666666
back.,2,1,3,0.3333333333333333
hurt,9,1,10,0.1
got,82,29,111,0.26126126126126126
story,20,21,41,0.5121951219512195
lord,16,3,19,0.15789473684210525
deserves,1,2,3,0.6666666666666666
registered,2,1,3,0.3333333333333333
loading,1,1,2,0.5
social,8,2,10,0.2
flattened,24,5,29,0.1724137931034483
#hiphop,1,1,2,0.5
where's,2,1,3,0.3333333333333333
btw,2,1,3,0.3333333333333333
gang,1,5,6,0.8333333333333334
show,34,15,49,0.30612244897959184
downtown,7,11,18,0.6111111111111112
letûªs,4,1,5,0.2
upheaval,20,5,25,0.2
homeless,2,3,5,0.6
day:,3,3,6,0.5
mudslide?,1,1,2,0.5
though.,5,1,6,0.16666666666666666
adult,5,2,7,0.2857142857142857
true,6,7,13,0.5384615384615384
kitten,1,1,2,0.5
resource,1,2,3,0.6666666666666666
notice,4,6,10,0.6
nu,1,2,3,0.6666666666666666
storm????,1,1,2,0.5
responsible,1,2,3,0.6666666666666666
ruined,1,1,2,0.5
earlier,6,2,8,0.25
challenge,4,2,6,0.3333333333333333
roster,1,1,2,0.5
govt,5,8,13,0.6153846153846154
atomic,2,56,58,0.9655172413793104
shut,3,6,9,0.6666666666666666
share,17,6,23,0.2608695652173913
helen,1,1,2,0.5
fuck,31,6,37,0.16216216216216217
address,4,2,6,0.3333333333333333
appreciated,1,1,2,0.5
#photo,2,1,3,0.3333333333333333
specific,2,1,3,0.3333333333333333
longer,17,14,31,0.45161290322580644
heroine,1,1,2,0.5
#womens,5,1,6,0.16666666666666666
original,7,1,8,0.125
oklahoma,1,9,10,0.9
iû_,1,3,4,0.75
mass,24,46,70,0.6571428571428571
funtenna:,12,5,17,0.29411764705882354
parent,6,7,13,0.5384615384615384
journalist,1,2,3,0.6666666666666666
serious,1,10,11,0.9090909090909091
3:,1,3,4,0.75
recovery,4,3,7,0.42857142857142855
give,11,8,19,0.42105263157894735
jon,2,1,3,0.3333333333333333
bug,5,1,6,0.16666666666666666
ny,2,2,4,0.5
nigga,23,3,26,0.11538461538461539
c,1,2,3,0.6666666666666666
openly,2,1,3,0.3333333333333333
dies..is,1,1,2,0.5
9:,9,1,10,0.1
salvador,1,2,3,0.6666666666666666
race,3,1,4,0.25
elizabeth,1,1,2,0.5
start,28,9,37,0.24324324324324326
southampton,1,3,4,0.75
car,39,65,104,0.625
60%,1,1,2,0.5
#simple,1,1,2,0.5
prophet,5,2,7,0.2857142857142857
crushed,25,2,27,0.07407407407407407
breaking,14,9,23,0.391304347826087
protect,4,3,7,0.42857142857142855
#hail,1,1,2,0.5
examiner,1,1,2,0.5
fear,44,20,64,0.3125
(photos),8,2,10,0.2
straight,10,1,11,0.09090909090909091
injury,46,18,64,0.28125
toe,2,1,3,0.3333333333333333
drake,14,2,16,0.125
julian,1,1,2,0.5
motor,2,3,5,0.6
&amp;,190,105,295,0.3559322033898305
#russia,1,2,3,0.6666666666666666
shoot,2,1,3,0.3333333333333333
people.,5,5,10,0.5
#rain,1,1,2,0.5
#onlinecommunities,2,1,3,0.3333333333333333
me:,2,1,3,0.3333333333333333
relief,2,7,9,0.7777777777777778
food,16,11,27,0.4074074074074074
@minhazmerchant,1,1,2,0.5
refugees;,1,4,5,0.8
meat-loving,5,1,6,0.16666666666666666
waiting,4,4,8,0.5
water-resistant,2,1,3,0.3333333333333333
53inch,6,1,7,0.14285714285714285
hot,26,8,34,0.23529411764705882
beard,1,2,3,0.6666666666666666
danger,22,9,31,0.2903225806451613
warne,1,2,3,0.6666666666666666
(video),1,1,2,0.5
remember,18,10,28,0.35714285714285715
violent,9,25,34,0.7352941176470589
heartless,2,1,3,0.3333333333333333
maria,2,1,3,0.3333333333333333
solve,1,2,3,0.6666666666666666
'our,1,1,2,0.5
responder,15,13,28,0.4642857142857143
on.,4,1,5,0.2
suspect,1,36,37,0.972972972972973
bp,1,3,4,0.75
#sismo,1,9,10,0.9
flame,20,22,42,0.5238095238095238
called,5,16,21,0.7619047619047619
hotel,2,2,4,0.5
wolf,2,1,3,0.3333333333333333
soft,1,1,2,0.5
certified,1,1,2,0.5
door,11,1,12,0.08333333333333333
hated,3,1,4,0.25
pool,7,2,9,0.2222222222222222
dude,10,7,17,0.4117647058823529
applaud,1,1,2,0.5
bb4sp,2,1,3,0.3333333333333333
minister,1,5,6,0.8333333333333334
extremely,3,2,5,0.4
seem,2,1,3,0.3333333333333333
yo,7,2,9,0.2222222222222222
removing,1,1,2,0.5
israel,2,10,12,0.8333333333333334
#handbag,7,1,8,0.125
communication,1,1,2,0.5
#lies,3,4,7,0.5714285714285714
agreed,2,3,5,0.6
within,4,3,7,0.42857142857142855
@dailykos,1,1,2,0.5
clear,2,2,4,0.5
15,6,25,31,0.8064516129032258
completely,7,2,9,0.2222222222222222
name,15,5,20,0.25
mû_,1,1,2,0.5
m.o.p.,7,1,8,0.125
#preparedness,2,3,5,0.6
allowed,2,2,4,0.5
#pjnet,1,1,2,0.5
pack,6,1,7,0.14285714285714285
america's,3,2,5,0.4
foster,2,1,3,0.3333333333333333
restaurant,2,1,3,0.3333333333333333
player,9,3,12,0.25
although,2,1,3,0.3333333333333333
yesterday,3,2,5,0.4
(hwo),1,7,8,0.875
&lt;&lt;,1,1,2,0.5
regime,1,1,2,0.5
squad.,1,1,2,0.5
feel,55,11,66,0.16666666666666666
green,9,8,17,0.47058823529411764
&amp;...,1,1,2,0.5
me,221,54,275,0.19636363636363635
aim,1,6,7,0.8571428571428571
100%,5,1,6,0.16666666666666666
org,1,1,2,0.5
such,23,4,27,0.14814814814814814
katrina,1,1,2,0.5
company,7,7,14,0.5
strongly,1,1,2,0.5
#gadgets,1,1,2,0.5
freedom,2,1,3,0.3333333333333333
rainier,1,1,2,0.5
avalanche,13,3,16,0.1875
search,4,8,12,0.6666666666666666
hail,13,15,28,0.5357142857142857
kit,6,3,9,0.3333333333333333
medical,2,4,6,0.6666666666666666
blood,26,11,37,0.2972972972972973
http://t.co/bbdpnj8xsx,2,1,3,0.3333333333333333
v...,1,1,2,0.5
target,4,7,11,0.6363636363636364
bash,2,1,3,0.3333333333333333
searching,1,23,24,0.9583333333333334
#uk,1,3,4,0.75
reading,7,2,9,0.2222222222222222
near,7,47,54,0.8703703703703703
standing,2,1,3,0.3333333333333333
#somalia,1,4,5,0.8
responds,2,1,3,0.3333333333333333
06,2,4,6,0.6666666666666666
top,40,15,55,0.2727272727272727
better,30,3,33,0.09090909090909091
ago,9,12,21,0.5714285714285714
blind,2,3,5,0.6
navy,7,2,9,0.2222222222222222
swansea,2,2,4,0.5
milk,1,1,2,0.5
theyre,1,1,2,0.5
weapon,39,29,68,0.4264705882352941
previous,2,2,4,0.5
created,4,3,7,0.42857142857142855
rubble,4,4,8,0.5
say,58,65,123,0.5284552845528455
cake,21,1,22,0.045454545454545456
derailed.,1,2,3,0.6666666666666666
crash:,10,14,24,0.5833333333333334
md,1,7,8,0.875
fire',3,2,5,0.4
[portland,1,1,2,0.5
pay',9,1,10,0.1
reporting,2,2,4,0.5
mercy,2,1,3,0.3333333333333333
#hot,17,13,30,0.43333333333333335
his,96,31,127,0.2440944881889764
criminal,3,6,9,0.6666666666666666
die?,1,1,2,0.5
causing,7,5,12,0.4166666666666667
survived,24,12,36,0.3333333333333333
lie,8,4,12,0.3333333333333333
25,3,13,16,0.8125
@www.cbplawyers,1,1,2,0.5
cannon,1,1,2,0.5
civil,3,3,6,0.5
fear.,1,3,4,0.75
j.,3,1,4,0.25
finding,1,1,2,0.5
rain.,3,4,7,0.5714285714285714
annihilation,11,8,19,0.42105263157894735
shot,10,22,32,0.6875
nearly,6,14,20,0.7
#ban,1,2,3,0.6666666666666666
rape,2,3,5,0.6
cancer,4,7,11,0.6363636363636364
physical,3,2,5,0.4
impacted,2,1,3,0.3333333333333333
issue,12,26,38,0.6842105263157895
anything.,5,1,6,0.16666666666666666
we're,12,9,21,0.42857142857142855
saturday.,1,1,2,0.5
anyone,16,7,23,0.30434782608695654
bicep.,1,1,2,0.5
saw,15,21,36,0.5833333333333334
self,19,2,21,0.09523809523809523
far,12,14,26,0.5384615384615384
emmerdale,1,1,2,0.5
again,21,6,27,0.2222222222222222
mania,1,1,2,0.5
air,9,31,40,0.775
might,17,6,23,0.2608695652173913
often,1,2,3,0.6666666666666666
asked,8,1,9,0.1111111111111111
#ashes,1,1,2,0.5
simulation,1,1,2,0.5
starter,2,2,4,0.5
arrived,3,2,5,0.4
lion,4,4,8,0.5
an,130,113,243,0.46502057613168724
ton,2,3,5,0.6
#mtvhottest,5,1,6,0.16666666666666666
1.,3,3,6,0.5
replace,6,2,8,0.25
video:,4,24,28,0.8571428571428571
into,94,77,171,0.4502923976608187
300w,6,1,7,0.14285714285714285
royal,2,1,3,0.3333333333333333
'there,2,2,4,0.5
knock,15,6,21,0.2857142857142857
wait,21,2,23,0.08695652173913043
#islam,10,8,18,0.4444444444444444
nearby.,13,3,16,0.1875
survivors.,1,1,2,0.5
sit,9,1,10,0.1
conference,6,2,8,0.25
tomorrow!,1,1,2,0.5
degree,3,6,9,0.6666666666666666
wwii,3,6,9,0.6666666666666666
thinking,12,3,15,0.2
http://t.co/afmkcfn1tl,1,1,2,0.5
rifle,2,1,3,0.3333333333333333
with,374,188,562,0.33451957295373663
take,58,30,88,0.3409090909090909
lesson,1,3,4,0.75
both.,2,1,3,0.3333333333333333
blocking,1,4,5,0.8
brisk,1,1,2,0.5
queen,3,3,6,0.5
rescued,15,19,34,0.5588235294117647
possibly,2,1,3,0.3333333333333333
bigger,2,23,25,0.92
drunk,6,5,11,0.45454545454545453
domestic,2,1,3,0.3333333333333333
em,7,1,8,0.125
today's,3,7,10,0.7
'go,1,1,2,0.5
updates:,1,1,2,0.5
be,284,112,396,0.2828282828282828
exploded,17,9,26,0.34615384615384615
interest,2,1,3,0.3333333333333333
@msnbc,1,1,2,0.5
least.,1,1,2,0.5
inner,4,4,8,0.5
cup,3,2,5,0.4
lizard,2,1,3,0.3333333333333333
biggest,12,3,15,0.2
tv,14,5,19,0.2631578947368421
trust,13,1,14,0.07142857142857142
explode?,1,1,2,0.5
relationship,1,1,2,0.5
hunk,1,2,3,0.6666666666666666
telling,4,1,5,0.2
chile,8,1,9,0.1111111111111111
anger,3,1,4,0.25
image,3,8,11,0.7272727272727273
period,1,1,2,0.5
thunderstorm.,2,1,3,0.3333333333333333
accident,17,50,67,0.746268656716418
decision,4,3,7,0.42857142857142855
#cnbc,2,1,3,0.3333333333333333
way,52,23,75,0.30666666666666664
shame,4,3,7,0.42857142857142855
#security,1,1,2,0.5
ryan,2,1,3,0.3333333333333333
chance.,1,1,2,0.5
used,20,10,30,0.3333333333333333
spread,1,1,2,0.5
yorker,1,3,4,0.75
beam,4,1,5,0.2
bell,5,5,10,0.5
maximum,1,5,6,0.8333333333333334
found,8,43,51,0.8431372549019608
belongs,1,2,3,0.6666666666666666
@'armageddon,3,1,4,0.25
kendall,1,1,2,0.5
dam,1,2,3,0.6666666666666666
named,2,2,4,0.5
wondering,3,2,5,0.4
not,198,90,288,0.3125
time.,6,4,10,0.4
music,23,3,26,0.11538461538461539
incase,1,1,2,0.5
usual,2,1,3,0.3333333333333333
hear,15,9,24,0.375
brave,2,1,3,0.3333333333333333
loved,9,1,10,0.1
hope,32,19,51,0.37254901960784315
rare,4,3,7,0.42857142857142855
stolen,1,2,3,0.6666666666666666
#pantherattack,3,2,5,0.4
lou's,1,1,2,0.5
sounding,1,1,2,0.5
unsafe,1,3,4,0.75
william,2,1,3,0.3333333333333333
property/casualty,1,1,2,0.5
arm,6,3,9,0.3333333333333333
shoulder,30,3,33,0.09090909090909091
interesting,7,2,9,0.2222222222222222
#rioting,1,1,2,0.5
brooklyn,4,5,9,0.5555555555555556
'mudslide',2,1,3,0.3333333333333333
they,133,58,191,0.3036649214659686
warning,2,48,50,0.96
revolution,2,1,3,0.3333333333333333
lovely,7,1,8,0.125
explosion.,1,1,2,0.5
step,6,1,7,0.14285714285714285
quality,4,1,5,0.2
bill,4,1,5,0.2
border,1,1,2,0.5
justice,2,2,4,0.5
time?,1,1,2,0.5
investigating,3,12,15,0.8
whale,2,3,5,0.6
photo:,12,7,19,0.3684210526315789
#zippednews,1,1,2,0.5
sight,2,1,3,0.3333333333333333
crazy,11,8,19,0.42105263157894735
auth,1,4,5,0.8
currently,3,6,9,0.6666666666666666
barely,2,1,3,0.3333333333333333
structure,5,4,9,0.4444444444444444
legal,4,1,5,0.2
rolling,1,2,3,0.6666666666666666
bin,1,9,10,0.9
rejected,1,1,2,0.5
poll:,3,1,4,0.25
loop,2,4,6,0.6666666666666666
bomb,25,81,106,0.7641509433962265
32,2,1,3,0.3333333333333333
california:,2,8,10,0.8
#international,1,1,2,0.5
hipster,1,1,2,0.5
dramatic,1,5,6,0.8333333333333334
d.b.,1,1,2,0.5
bernardino,1,1,2,0.5
spur,1,1,2,0.5
@cnn,1,1,2,0.5
from,177,243,420,0.5785714285714286
reportedly,1,4,5,0.8
cold.,1,1,2,0.5
term,1,2,3,0.6666666666666666
is,586,344,930,0.36989247311827955
pretty,17,5,22,0.22727272727272727
terrorist.,1,1,2,0.5
age,5,1,6,0.16666666666666666
excuse,2,1,3,0.3333333333333333
worked,5,1,6,0.16666666666666666
da,8,1,9,0.1111111111111111
rapidly,2,2,4,0.5
@starbucks,1,1,2,0.5
growth,1,2,3,0.6666666666666666
tip,5,3,8,0.375
state,18,35,53,0.660377358490566
screaming,35,6,41,0.14634146341463414
there's,22,15,37,0.40540540540540543
tonight's,2,1,3,0.3333333333333333
ig,2,1,3,0.3333333333333333
message,4,7,11,0.6363636363636364
ego,2,1,3,0.3333333333333333
cree,12,3,15,0.2
inundated,26,5,31,0.16129032258064516
bayelsa,6,10,16,0.625
5c,1,1,2,0.5
medium,11,16,27,0.5925925925925926
collapse.,2,2,4,0.5
log,2,1,3,0.3333333333333333
aka,5,2,7,0.2857142857142857
youûªve,4,3,7,0.42857142857142855
5/6,1,1,2,0.5
playlist,12,2,14,0.14285714285714285
guide:,3,1,4,0.25
innocent,2,2,4,0.5
extreme,6,4,10,0.4
sure,24,5,29,0.1724137931034483
ebay,28,1,29,0.034482758620689655
body,108,33,141,0.23404255319148937
bite,3,1,4,0.25
stab,1,3,4,0.75
surah,2,1,3,0.3333333333333333
cleared:incident,1,2,3,0.6666666666666666
today.,11,6,17,0.35294117647058826
night,34,9,43,0.20930232558139536
future,10,2,12,0.16666666666666666
maybe,16,5,21,0.23809523809523808
horror;,1,4,5,0.8
etc,2,2,4,0.5
real,25,10,35,0.2857142857142857
join,12,1,13,0.07692307692307693
building,37,77,114,0.6754385964912281
joe,8,1,9,0.1111111111111111
lol,49,7,56,0.125
acted,1,1,2,0.5
chill,5,1,6,0.16666666666666666
po,2,1,3,0.3333333333333333
doctor,3,3,6,0.5
thus,1,1,2,0.5
razed,2,29,31,0.9354838709677419
others.,1,2,3,0.6666666666666666
knowing,1,2,3,0.6666666666666666
#kca,1,3,4,0.75
hereûªs,1,4,5,0.8
cheese,5,2,7,0.2857142857142857
coach,3,18,21,0.8571428571428571
greatest,5,3,8,0.375
ûó,16,10,26,0.38461538461538464
@reuters,1,3,4,0.75
neighborhood,1,2,3,0.6666666666666666
illegal,4,3,7,0.42857142857142855
averted:,1,2,3,0.6666666666666666
tweet,20,3,23,0.13043478260869565
any1,1,1,2,0.5
times.,1,1,2,0.5
lying,1,1,2,0.5
therapy,4,1,5,0.2
mess,3,2,5,0.4
un,1,4,5,0.8
(ap),1,3,4,0.75
#c4news,1,1,2,0.5
kid,23,9,32,0.28125
gary,1,1,2,0.5
internet,8,4,12,0.3333333333333333
drowning,25,8,33,0.24242424242424243
'second',1,1,2,0.5
dinner,2,2,4,0.5
non,2,2,4,0.5
selection,1,1,2,0.5
pas,6,3,9,0.3333333333333333
don't,122,46,168,0.27380952380952384
understanding,3,1,4,0.25
=,13,4,17,0.23529411764705882
glenn,1,1,2,0.5
released,13,28,41,0.6829268292682927
spain,1,1,2,0.5
loving,6,3,9,0.3333333333333333
largest,2,2,4,0.5
ev,1,1,2,0.5
germany,2,1,3,0.3333333333333333
mom,15,3,18,0.16666666666666666
surfer,1,1,2,0.5
th...,1,4,5,0.8
it,387,196,583,0.3361921097770154
#forest,1,1,2,0.5
tracking,2,3,5,0.6
breakfast,1,1,2,0.5
ahh,2,1,3,0.3333333333333333
down.,2,3,5,0.6
distributed,1,1,2,0.5
idiot,1,1,2,0.5
man',1,1,2,0.5
explain,1,1,2,0.5
late,5,5,10,0.5
syrian,6,4,10,0.4
board,6,7,13,0.5384615384615384
five,6,6,12,0.5
bottom,3,2,5,0.4
block,11,2,13,0.15384615384615385
kept,3,3,6,0.5
obliteration,18,1,19,0.05263157894736842
league,3,1,4,0.25
interview,6,2,8,0.25
fell,4,3,7,0.42857142857142855
sanction,1,1,2,0.5
aren't,12,1,13,0.07692307692307693
right,41,23,64,0.359375
survivor,8,28,36,0.7777777777777778
l,3,2,5,0.4
boxer,3,1,4,0.25
mourning,1,4,5,0.8
obliteration?,1,1,2,0.5
street,7,20,27,0.7407407407407407
immediately,2,1,3,0.3333333333333333
2015:,3,3,6,0.5
alert:,1,1,2,0.5
-...,1,1,2,0.5
#we,1,1,2,0.5
women.,1,1,2,0.5
xd,4,1,5,0.2
have,240,140,380,0.3684210526315789
okay,13,2,15,0.13333333333333333
(with,1,1,2,0.5
mental,3,1,4,0.25
sometimes,8,2,10,0.2
affected,1,32,33,0.9696969696969697
everything.,2,1,3,0.3333333333333333
200,1,2,3,0.6666666666666666
fossil,1,1,2,0.5
#course,4,2,6,0.3333333333333333
grass,1,1,2,0.5
giving,9,4,13,0.3076923076923077
bought,5,3,8,0.375
thousand,9,11,20,0.55
elliott,1,1,2,0.5
furious,1,1,2,0.5
#france,2,1,3,0.3333333333333333
pak,1,4,5,0.8
happen,6,6,12,0.5
court,9,4,13,0.3076923076923077
meltdown,23,6,29,0.20689655172413793
life,46,48,94,0.5106382978723404
non-compliant,2,1,3,0.3333333333333333
thanks,11,8,19,0.42105263157894735
bagging,25,4,29,0.13793103448275862
'i'm,5,2,7,0.2857142857142857
stress,4,1,5,0.2
well,29,13,42,0.30952380952380953
#wmata,1,5,6,0.8333333333333334
face,35,11,46,0.2391304347826087
business,22,8,30,0.26666666666666666
whistle,1,1,2,0.5
party,10,4,14,0.2857142857142857
sunday,5,3,8,0.375
arriving,1,2,3,0.6666666666666666
automatic,5,2,7,0.2857142857142857
9,11,4,15,0.26666666666666666
tokyo,1,1,2,0.5
white,24,13,37,0.35135135135135137
per,1,2,3,0.6666666666666666
rating,1,2,3,0.6666666666666666
now!,10,3,13,0.23076923076923078
mhtw4fnet,1,6,7,0.8571428571428571
sun.,2,1,3,0.3333333333333333
much,46,13,59,0.22033898305084745
ok.,2,3,5,0.6
since,20,28,48,0.5833333333333334
days.,2,3,5,0.6
perfect,8,1,9,0.1111111111111111
#???????,1,2,3,0.6666666666666666
able,7,3,10,0.3
noonan@cindynoonan-heartbreak,1,1,2,0.5
@guardian,1,2,3,0.6666666666666666
plant,3,2,5,0.4
traffic,9,16,25,0.64
ten,3,6,9,0.6666666666666666
any,38,21,59,0.3559322033898305
him),4,2,6,0.3333333333333333
fly,1,2,3,0.6666666666666666
joint,1,1,2,0.5
charlotte,1,2,3,0.6666666666666666
world,61,30,91,0.32967032967032966
after,75,181,256,0.70703125
including,2,6,8,0.75
violence,2,3,5,0.6
arson,10,20,30,0.6666666666666666
epic,3,3,6,0.5
nail,1,3,4,0.75
realize,3,1,4,0.25
theatre,1,4,5,0.8
stateû_,1,1,2,0.5
official,3,31,34,0.9117647058823529
tale,2,1,3,0.3333333333333333
democrat,2,1,3,0.3333333333333333
collective,1,1,2,0.5
headed,2,5,7,0.7142857142857143
storm.,3,7,10,0.7
hospital,5,7,12,0.5833333333333334
referring,1,2,3,0.6666666666666666
offer,6,2,8,0.25
fat,7,2,9,0.2222222222222222
torch,3,1,4,0.25
cast,2,1,3,0.3333333333333333
low,18,5,23,0.21739130434782608
miss,14,4,18,0.2222222222222222
than,53,85,138,0.6159420289855072
resulting,1,1,2,0.5
wed,1,1,2,0.5
estate,2,3,5,0.6
assembly,1,1,2,0.5
enjoying,1,3,4,0.75
truth,3,1,4,0.25
sake,1,1,2,0.5
cousin,2,1,3,0.3333333333333333
animal,8,3,11,0.2727272727272727
local,3,4,7,0.5714285714285714
am,47,18,65,0.27692307692307694
pulled,2,3,5,0.6
betrayed,1,1,2,0.5
wrecked,34,3,37,0.08108108108108109
&gt;&gt;,10,1,11,0.09090909090909091
supply,1,1,2,0.5
about,139,74,213,0.3474178403755869
thing,43,17,60,0.2833333333333333
asking,5,2,7,0.2857142857142857
smoky,1,2,3,0.6666666666666666
(photo),1,3,4,0.75
premium,1,1,2,0.5
kanye,1,1,2,0.5
gone,7,5,12,0.4166666666666667
connector,1,2,3,0.6666666666666666
shooting,5,21,26,0.8076923076923077
armageddon?,1,1,2,0.5
own,17,7,24,0.2916666666666667
ride,3,1,4,0.25
soudelor,1,18,19,0.9473684210526315
school,35,31,66,0.4696969696969697
burn,5,11,16,0.6875
sister,5,4,9,0.4444444444444444
laughing,3,1,4,0.25
#arts,2,1,3,0.3333333333333333
advance,2,3,5,0.6
video.,1,1,2,0.5
yea,3,2,5,0.4
army,29,42,71,0.5915492957746479
dealing,1,2,3,0.6666666666666666
affect,2,3,5,0.6
tonto,5,3,8,0.375
panel,1,2,3,0.6666666666666666
read:,1,1,2,0.5
knob,1,1,2,0.5
anything,14,6,20,0.3
crime,1,11,12,0.9166666666666666
#pbban,3,1,4,0.25
flower,3,1,4,0.25
madinah.,4,2,6,0.3333333333333333
driver,4,12,16,0.75
too,46,20,66,0.30303030303030304
tune,1,1,2,0.5
death.,3,1,4,0.25
charging,4,2,6,0.3333333333333333
sir.,2,3,5,0.6
send,21,11,32,0.34375
escape,3,13,16,0.8125
sanctions.,1,2,3,0.6666666666666666
chinaûªs,6,1,7,0.14285714285714285
abuse,3,3,6,0.5
personal,3,2,5,0.4
å¨,2,1,3,0.3333333333333333
#humanconsumption,1,2,3,0.6666666666666666
23,2,1,3,0.3333333333333333
african,2,1,3,0.3333333333333333
langley,1,2,3,0.6666666666666666
g,2,2,4,0.5
#tcot,3,4,7,0.5714285714285714
smoking,3,2,5,0.4
total,7,5,12,0.4166666666666667
back..,1,1,2,0.5
#nursing,6,2,8,0.25
fog,6,1,7,0.14285714285714285
talk,13,5,18,0.2777777777777778
microphone,1,1,2,0.5
work.,4,1,5,0.2
cycling,1,2,3,0.6666666666666666
plus,3,5,8,0.625
he,148,46,194,0.23711340206185566
neighbor,1,2,3,0.6666666666666666
while,30,23,53,0.4339622641509434
loretta,1,1,2,0.5
#gbbo,13,4,17,0.23529411764705882
festival,3,3,6,0.5
#cecilthelion,2,1,3,0.3333333333333333
smh,3,2,5,0.4
below,4,1,5,0.2
i'd,21,5,26,0.19230769230769232
of,895,919,1814,0.5066152149944874
dead.,4,1,5,0.2
#1,3,2,5,0.4
vet,4,2,6,0.3333333333333333
hd,2,1,3,0.3333333333333333
purchased,1,1,2,0.5
report:,3,12,15,0.8
look.,1,1,2,0.5
admits,5,1,6,0.16666666666666666
inspection,2,1,3,0.3333333333333333
credit,3,1,4,0.25
plan,32,31,63,0.49206349206349204
do.,3,1,4,0.25
damage.,3,2,5,0.4
less.,1,1,2,0.5
salt,7,5,12,0.4166666666666667
on,424,410,834,0.49160671462829736
ban,4,6,10,0.6
reach,3,5,8,0.625
update:,3,17,20,0.85
sassy,1,2,3,0.6666666666666666
defense,3,1,4,0.25
wont,6,3,9,0.3333333333333333
drown,27,4,31,0.12903225806451613
chris,1,2,3,0.6666666666666666
animal!,2,1,3,0.3333333333333333
fled,1,1,2,0.5
harm,30,3,33,0.09090909090909091
detonate,20,8,28,0.2857142857142857
hellfire!,3,1,4,0.25
collins,1,1,2,0.5
though,10,5,15,0.3333333333333333
thru,2,2,4,0.5
grown,1,2,3,0.6666666666666666
desolate,11,2,13,0.15384615384615385
german,6,1,7,0.14285714285714285
@originalfunko,1,1,2,0.5
niece,3,1,4,0.25
offensiveûª,3,1,4,0.25
despite,2,1,3,0.3333333333333333
suv,2,2,4,0.5
that's,31,20,51,0.39215686274509803
rubble?,5,6,11,0.5454545454545454
attention.,1,1,2,0.5
condo,2,1,3,0.3333333333333333
thomas,6,1,7,0.14285714285714285
bedroom,4,1,5,0.2
#treeporn,1,1,2,0.5
summer.,1,1,2,0.5
buildings.,1,6,7,0.8571428571428571
paper,3,1,4,0.25
updated,4,2,6,0.3333333333333333
chart,2,2,4,0.5
who's,5,1,6,0.16666666666666666
normal,2,3,5,0.6
train,15,91,106,0.8584905660377359
'superhero',1,1,2,0.5
vacation,1,1,2,0.5
quarantined,21,13,34,0.38235294117647056
cd,2,1,3,0.3333333333333333
wash,1,1,2,0.5
dorman,1,1,2,0.5
percent,4,3,7,0.42857142857142855
fennovoima,2,1,3,0.3333333333333333
collided,16,25,41,0.6097560975609756
injures,2,1,3,0.3333333333333333
blamed,3,1,4,0.25
concert,3,3,6,0.5
parole,4,12,16,0.75
designed,2,1,3,0.3333333333333333
steve,6,2,8,0.25
attractive,1,1,2,0.5
care.,1,2,3,0.6666666666666666
30,7,15,22,0.6818181818181818
left,18,10,28,0.35714285714285715
irony,1,1,2,0.5
temple,1,18,19,0.9473684210526315
acquire,1,1,2,0.5
via,97,117,214,0.5467289719626168
marine,2,3,5,0.6
wtf,4,5,9,0.5555555555555556
@usatoday,4,4,8,0.5
gaining,1,1,2,0.5
city,18,42,60,0.7
nema,2,3,5,0.6
die!please,1,1,2,0.5
rep,4,1,5,0.2
silver,7,5,12,0.4166666666666667
fires.,1,15,16,0.9375
fueling,1,1,2,0.5
desire,13,2,15,0.13333333333333333
catastrophe,17,4,21,0.19047619047619047
budget,1,7,8,0.875
hit,24,30,54,0.5555555555555556
8/6,1,2,3,0.6666666666666666
gunman,1,14,15,0.9333333333333333
seek,14,7,21,0.3333333333333333
tonight,14,8,22,0.36363636363636365
ml,1,1,2,0.5
sky's,1,1,2,0.5
clearly,2,3,5,0.6
grew,1,2,3,0.6666666666666666
australiaûªs,2,1,3,0.3333333333333333
tape,2,1,3,0.3333333333333333
death,37,58,95,0.6105263157894737
storm,27,76,103,0.7378640776699029
beautiful,22,7,29,0.2413793103448276
sensor-senso,8,4,12,0.3333333333333333
mix,6,3,9,0.3333333333333333
you?,4,1,5,0.2
riot,23,12,35,0.34285714285714286
911,1,2,3,0.6666666666666666
more,79,121,200,0.605
yesterday.,2,1,3,0.3333333333333333
timeline,2,1,3,0.3333333333333333
missed,4,2,6,0.3333333333333333
ministers:,2,1,3,0.3333333333333333
swell,1,2,3,0.6666666666666666
bang.,2,1,3,0.3333333333333333
dream,9,1,10,0.1
snow,4,4,8,0.5
w/o,2,1,3,0.3333333333333333
allows,3,9,12,0.75
...,41,106,147,0.7210884353741497
recycling,1,2,3,0.6666666666666666
mexico,1,3,4,0.75
costly,1,1,2,0.5
concerned,4,4,8,0.5
t...,2,12,14,0.8571428571428571
ik,1,1,2,0.5
#cs,1,1,2,0.5
rain,10,28,38,0.7368421052631579
(vine,3,2,5,0.4
explosion:,1,2,3,0.6666666666666666
medieval,1,2,3,0.6666666666666666
circle,2,1,3,0.3333333333333333
florida,2,2,4,0.5
expert,1,21,22,0.9545454545454546
happens,6,3,9,0.3333333333333333
senator,3,4,7,0.5714285714285714
evacuate.,1,2,3,0.6666666666666666
am.,1,2,3,0.6666666666666666
coral,2,1,3,0.3333333333333333
southern,1,5,6,0.8333333333333334
drought:,1,3,4,0.75
gonna,32,11,43,0.2558139534883721
front,10,6,16,0.375
slip,3,3,6,0.5
atm,1,1,2,0.5
classic,3,2,5,0.4
cliff,21,9,30,0.3
col,1,1,2,0.5
sinking,28,11,39,0.28205128205128205
u.,2,1,3,0.3333333333333333
texas,8,12,20,0.6
today:,1,4,5,0.8
saved,4,19,23,0.8260869565217391
looting,2,2,4,0.5
wicked,2,2,4,0.5
ay,1,1,2,0.5
bigamist,2,1,3,0.3333333333333333
apollo,10,4,14,0.2857142857142857
out?,1,2,3,0.6666666666666666
falling,6,7,13,0.5384615384615384
vote,6,2,8,0.25
29,1,2,3,0.6666666666666666
#worstsummerjob,3,1,4,0.25
#autoinsurance,1,1,2,0.5
trauma,14,17,31,0.5483870967741935
@corleonedaboss,1,1,2,0.5
vega,2,1,3,0.3333333333333333
'an,1,1,2,0.5
horrible,20,14,34,0.4117647058823529
cool,19,9,28,0.32142857142857145
set.,1,1,2,0.5
served,1,2,3,0.6666666666666666
officer,6,30,36,0.8333333333333334
tabû_,2,1,3,0.3333333333333333
completed,1,1,2,0.5
understand,6,3,9,0.3333333333333333
yall,4,1,5,0.2
fold,1,1,2,0.5
cave,1,3,4,0.75
turning,2,1,3,0.3333333333333333
wud,1,1,2,0.5
necessary,2,1,3,0.3333333333333333
isn't,8,11,19,0.5789473684210527
charles,2,2,4,0.5
??,183,31,214,0.14485981308411214
christian,3,20,23,0.8695652173913043
dr.,2,4,6,0.6666666666666666
hair,11,1,12,0.08333333333333333
size,4,2,6,0.3333333333333333
87,1,1,2,0.5
house,23,35,58,0.603448275862069
donûªt,11,4,15,0.26666666666666666
kill,13,53,66,0.803030303030303
fit,5,1,6,0.16666666666666666
consequence,2,2,4,0.5
job,14,3,17,0.17647058823529413
oppression,3,1,4,0.25
meet,6,5,11,0.45454545454545453
8th,1,2,3,0.6666666666666666
ass.,15,4,19,0.21052631578947367
clean,4,1,5,0.2
pirate,1,1,2,0.5
throat,1,1,2,0.5
youtube,8,2,10,0.2
united,11,8,19,0.42105263157894735
screamed,31,4,35,0.11428571428571428
touched,1,1,2,0.5
doesn't,15,10,25,0.4
newlywed,3,1,4,0.25
not?,1,1,2,0.5
girl.,1,1,2,0.5
swept,1,1,2,0.5
some,71,57,128,0.4453125
2013,4,7,11,0.6363636363636364
pressed,1,1,2,0.5
article,8,1,9,0.1111111111111111
thu,1,1,2,0.5
ur,24,6,30,0.2
tooth,2,1,3,0.3333333333333333
brutally,1,3,4,0.75
nyc,3,5,8,0.625
control,11,9,20,0.45
attained,1,1,2,0.5
scout,1,1,2,0.5
jedi,1,1,2,0.5
usa,7,5,12,0.4166666666666667
work!,1,1,2,0.5
raid,1,4,5,0.8
etc.,2,7,9,0.7777777777777778
cinema,2,7,9,0.7777777777777778
burst,3,4,7,0.5714285714285714
activated,2,3,5,0.6
sub,6,1,7,0.14285714285714285
awwww,1,1,2,0.5
charger,2,2,4,0.5
month,10,8,18,0.4444444444444444
#alaska,1,1,2,0.5
quiz:,13,2,15,0.13333333333333333
12000,1,14,15,0.9333333333333333
must,16,17,33,0.5151515151515151
please,33,23,56,0.4107142857142857
may,38,49,87,0.5632183908045977
--,8,6,14,0.42857142857142855
young,7,8,15,0.5333333333333333
squad,2,5,7,0.7142857142857143
tell,17,12,29,0.41379310344827586
other,17,16,33,0.48484848484848486
ok,13,10,23,0.43478260869565216
yep,1,1,2,0.5
price,6,5,11,0.45454545454545453
didnt,4,2,6,0.3333333333333333
shot.,1,2,3,0.6666666666666666
putin,1,4,5,0.8
losing,4,1,5,0.2
office,5,9,14,0.6428571428571429
minority,3,1,4,0.25
passenger,1,15,16,0.9375
lamp,11,3,14,0.21428571428571427
....,2,2,4,0.5
tent,4,5,9,0.5555555555555556
master,2,1,3,0.3333333333333333
bay,2,7,9,0.7777777777777778
given,4,3,7,0.42857142857142855
knee.,1,1,2,0.5
season.,2,2,4,0.5
wilshere,1,1,2,0.5
'we,4,2,6,0.3333333333333333
torching,1,1,2,0.5
transporting,1,2,3,0.6666666666666666
pounded,1,1,2,0.5
ee,1,2,3,0.6666666666666666
sixth,3,1,4,0.25
through,22,23,45,0.5111111111111111
falcon,1,1,2,0.5
2.1a,1,1,2,0.5
chocolate,3,1,4,0.25
flood,30,60,90,0.6666666666666666
s...,1,6,7,0.8571428571428571
chairman,1,1,2,0.5
agent,1,3,4,0.75
glad,8,5,13,0.38461538461538464
quarantine,27,7,34,0.20588235294117646
ya,6,1,7,0.14285714285714285
stadium,2,10,12,0.8333333333333334
bare,2,1,3,0.3333333333333333
mt.,1,1,2,0.5
home,32,89,121,0.7355371900826446
bus.,1,1,2,0.5
based,7,3,10,0.3
under,14,42,56,0.75
cheap,1,1,2,0.5
we,148,75,223,0.336322869955157
you.,13,3,16,0.1875
careless,1,1,2,0.5
gmmbc,1,1,2,0.5
closed.,1,2,3,0.6666666666666666
inevitably,1,1,2,0.5
sunk,28,5,33,0.15151515151515152
treating,1,1,2,0.5
truck,18,30,48,0.625
fully,6,6,12,0.5
backpack,1,1,2,0.5
destroy,27,10,37,0.2702702702702703
do,119,42,161,0.2608695652173913
damn,15,7,22,0.3181818181818182
blame,1,4,5,0.8
faster,1,2,3,0.6666666666666666
fired,1,4,5,0.8
fraction,1,2,3,0.6666666666666666
and...,3,4,7,0.5714285714285714
dutch,2,3,5,0.6
cuz,5,1,6,0.16666666666666666
planned,9,5,14,0.35714285714285715
tension,3,7,10,0.7
cite,1,1,2,0.5
rotation,1,1,2,0.5
second,14,15,29,0.5172413793103449
smell,2,2,4,0.5
bundled,1,1,2,0.5
time2015-08-06,1,9,10,0.9
rally,1,4,5,0.8
cage,1,1,2,0.5
industry,5,6,11,0.5454545454545454
episode,9,1,10,0.1
battling,1,4,5,0.8
awful,3,2,5,0.4
associated,3,3,6,0.5
mention,8,5,13,0.38461538461538464
flag,6,19,25,0.76
subject,1,3,4,0.75
internal,4,1,5,0.2
n,13,13,26,0.5
sound,31,13,44,0.29545454545454547
grove,1,2,3,0.6666666666666666
anthrax,5,14,19,0.7368421052631579
absolute,1,1,2,0.5
antioch,1,2,3,0.6666666666666666
current,3,1,4,0.25
cost,6,8,14,0.5714285714285714
bos,4,1,5,0.2
bat,4,2,6,0.3333333333333333
tablet,10,1,11,0.09090909090909091
washington,2,12,14,0.8571428571428571
injury:i-495,1,4,5,0.8
bû_,1,1,2,0.5
paint,4,1,5,0.2
wish,10,1,11,0.09090909090909091
magic,3,2,5,0.4
16,3,9,12,0.75
australia,7,4,11,0.36363636363636365
passed,2,2,4,0.5
cooper.,1,1,2,0.5
tribal,5,3,8,0.375
dont,16,3,19,0.15789473684210525
????????,13,5,18,0.2777777777777778
fox,2,4,6,0.6666666666666666
stupid,2,3,5,0.6
#metro,1,2,3,0.6666666666666666
e,4,8,12,0.6666666666666666
roll,1,4,5,0.8
purse,11,1,12,0.08333333333333333
in!,1,1,2,0.5
'it,4,3,7,0.42857142857142855
#china,1,2,3,0.6666666666666666
beginning,4,1,5,0.2
plan?,4,1,5,0.2
cain,1,1,2,0.5
bummer.,1,1,2,0.5
#phoenix,1,4,5,0.8
serial,1,4,5,0.8
simple,4,1,5,0.2
cruz,6,3,9,0.3333333333333333
ridiculous,1,1,2,0.5
expensive,1,1,2,0.5
case,6,19,25,0.76
jealous,1,1,2,0.5
3rd,2,1,3,0.3333333333333333
bar,21,4,25,0.16
pm:,1,23,24,0.9583333333333334
epilepsy,2,1,3,0.3333333333333333
amirite?,1,1,2,0.5
oooh,1,1,2,0.5
tunein,1,1,2,0.5
),2,1,3,0.3333333333333333
ford,2,1,3,0.3333333333333333
fez,1,1,2,0.5
engage,1,1,2,0.5
saying,12,1,13,0.07692307692307693
requiring,1,1,2,0.5
going,73,27,100,0.27
for,486,394,880,0.44772727272727275
california,3,88,91,0.967032967032967
attacking,2,2,4,0.5
fucking,38,6,44,0.13636363636363635
@spencers,1,1,2,0.5
#seattle,5,2,7,0.2857142857142857
planted,1,2,3,0.6666666666666666
engineer,1,1,2,0.5
detail,1,4,5,0.8
taco,2,2,4,0.5
holy,5,1,6,0.16666666666666666
metal,7,4,11,0.36363636363636365
she's,17,2,19,0.10526315789473684
me.,15,7,22,0.3181818181818182
90,3,2,5,0.4
appears,16,3,19,0.15789473684210525
specimen,2,1,3,0.3333333333333333
present,3,1,4,0.25
fergusonûªs,1,1,2,0.5
burning....,1,1,2,0.5
forget,2,5,7,0.7142857142857143
invoices.,7,1,8,0.125
of...,2,1,3,0.3333333333333333
favorite,13,3,16,0.1875
lower,2,3,5,0.6
chose,1,1,2,0.5
thank,25,6,31,0.1935483870967742
#tree,1,1,2,0.5
governor,3,11,14,0.7857142857142857
stuff,6,2,8,0.25
day,71,34,105,0.3238095238095238
#emergency,2,3,5,0.6
on...,2,2,4,0.5
crippling,1,1,2,0.5
winter,1,1,2,0.5
all...,2,1,3,0.3333333333333333
placing,1,1,2,0.5
son,6,2,8,0.25
practice,7,1,8,0.125
multiple,2,3,5,0.6
believe,17,11,28,0.39285714285714285
andû_,1,1,2,0.5
leading,4,5,9,0.5555555555555556
residential,1,5,6,0.8333333333333334
swimming,2,3,5,0.6
long,27,5,32,0.15625
wonder.,2,1,3,0.3333333333333333
4,23,32,55,0.5818181818181818
sort,2,1,3,0.3333333333333333
letting,3,1,4,0.25
steal,2,1,3,0.3333333333333333
stabbing,1,4,5,0.8
veteran,2,2,4,0.5
become,12,7,19,0.3684210526315789
teaching,2,1,3,0.3333333333333333
thunder,21,18,39,0.46153846153846156
fatal,10,53,63,0.8412698412698413
#reflect,2,1,3,0.3333333333333333
3.,2,1,3,0.3333333333333333
longs,1,2,3,0.6666666666666666
suspected,1,9,10,0.9
exactly,4,1,5,0.2
all,173,68,241,0.2821576763485477
va.,1,2,3,0.6666666666666666
sicily,1,4,5,0.8
flash,3,17,20,0.85
turned,11,4,15,0.26666666666666666
derailed,6,22,28,0.7857142857142857
know.,2,2,4,0.5
college,1,1,2,0.5
knoxville,1,2,3,0.6666666666666666
southeast,2,2,4,0.5
@bradleybrad47,1,1,2,0.5
opposition,1,1,2,0.5
april,1,1,2,0.5
13,6,8,14,0.5714285714285714
adding,2,1,3,0.3333333333333333
now,116,61,177,0.3446327683615819
@business,2,1,3,0.3333333333333333
farm,2,1,3,0.3333333333333333
stand,16,5,21,0.23809523809523808
page,5,2,7,0.2857142857142857
desolation.,1,1,2,0.5
user,3,6,9,0.6666666666666666
philippine,2,4,6,0.6666666666666666
random,2,1,3,0.3333333333333333
off,58,50,108,0.46296296296296297
rule,15,9,24,0.375
already.,1,1,2,0.5
bargain,4,1,5,0.2
thursday,5,12,17,0.7058823529411765
commit,1,2,3,0.6666666666666666
walk,8,5,13,0.38461538461538464
sewing,1,2,3,0.6666666666666666
ground,7,7,14,0.5
closing,1,1,2,0.5
google,2,3,5,0.6
(twia),1,1,2,0.5
ross,8,2,10,0.2
colorado,5,9,14,0.6428571428571429
library:,2,2,4,0.5
hidden,1,1,2,0.5
pandemonium,16,7,23,0.30434782608695654
direction,10,4,14,0.2857142857142857
grand,2,1,3,0.3333333333333333
#tech,3,3,6,0.5
#lightning,1,1,2,0.5
l.a.,1,1,2,0.5
cold,7,3,10,0.3
madison,1,2,3,0.6666666666666666
alien,1,3,4,0.75
bath,3,2,5,0.4
cement,1,1,2,0.5
#foodscare,1,2,3,0.6666666666666666
list,5,1,6,0.16666666666666666
one.',1,1,2,0.5
you're,57,9,66,0.13636363636363635
like.,1,1,2,0.5
stuck,2,2,4,0.5
firey,1,1,2,0.5
portland,1,4,5,0.8
concept,2,1,3,0.3333333333333333
group,10,25,35,0.7142857142857143
dry,3,3,6,0.5
time,86,45,131,0.3435114503816794
@rightwaystan,1,1,2,0.5
collapsed,19,10,29,0.3448275862068966
worst,9,10,19,0.5263157894736842
survey,1,1,2,0.5
freak,3,9,12,0.75
press,9,3,12,0.25
donate,1,2,3,0.6666666666666666
their,57,36,93,0.3870967741935484
neighbour's,13,3,16,0.1875
vision,1,1,2,0.5
feeling,19,4,23,0.17391304347826086
best.,2,1,3,0.3333333333333333
slower,1,2,3,0.6666666666666666
?????,1,1,2,0.5
centre,9,8,17,0.47058823529411764
place,13,12,25,0.48
china's,9,6,15,0.4
#insurance,2,1,3,0.3333333333333333
@foxnews,1,8,9,0.8888888888888888
#art,5,1,6,0.16666666666666666
ancient,16,1,17,0.058823529411764705
whether,4,1,5,0.2
click,5,2,7,0.2857142857142857
cat,14,1,15,0.06666666666666667
bn,1,1,2,0.5
return,2,10,12,0.8333333333333334
reinstate,1,1,2,0.5
good,57,19,76,0.25
picked,2,2,4,0.5
fbi,1,1,2,0.5
christmas,2,5,7,0.7142857142857143
evacuation,9,40,49,0.8163265306122449
that.,8,2,10,0.2
almost,14,11,25,0.44
blake,1,1,2,0.5
4wd,5,1,6,0.16666666666666666
metro,1,8,9,0.8888888888888888
catastrophic,8,24,32,0.75
catching,1,1,2,0.5
exterminate,1,1,2,0.5
https://t.co/e8dl1lncvu,2,1,3,0.3333333333333333
reduced,3,2,5,0.4
tested,2,1,3,0.3333333333333333
https://t.co/moll5vd8yd,3,1,4,0.25
flight,1,18,19,0.9473684210526315
beach,13,6,19,0.3157894736842105
obama,7,52,59,0.8813559322033898
checked,2,1,3,0.3333333333333333
report,3,31,34,0.9117647058823529
netanyahu,1,1,2,0.5
abortion,2,1,3,0.3333333333333333
#hellfire,2,2,4,0.5
program,5,5,10,0.5
leisure,2,1,3,0.3333333333333333
reminds,2,4,6,0.6666666666666666
this,286,177,463,0.38228941684665224
weird,4,2,6,0.3333333333333333
#listen,3,1,4,0.25
**trfc,2,7,9,0.7777777777777778
else,11,4,15,0.26666666666666666
illusion,1,1,2,0.5
laden,1,8,9,0.8888888888888888
east,2,17,19,0.8947368421052632
same,23,4,27,0.14814814814814814
17,3,7,10,0.7
gateau,2,1,3,0.3333333333333333
ball,16,2,18,0.1111111111111111
fruit,6,2,8,0.25
#truth,3,4,7,0.5714285714285714
jonathan,4,10,14,0.7142857142857143
european,1,1,2,0.5
experienced,1,2,3,0.6666666666666666
olive,2,1,3,0.3333333333333333
pakistan,2,14,16,0.875
worry,8,6,14,0.42857142857142855
engine,1,4,5,0.8
profit,3,1,4,0.25
lake,6,9,15,0.6
heard,23,11,34,0.3235294117647059
1],1,1,2,0.5
hasbro,1,1,2,0.5
our,60,37,97,0.38144329896907214
sp...,1,1,2,0.5
wave,26,28,54,0.5185185185185185
fake,1,3,4,0.75
suicide,7,103,110,0.9363636363636364
accidentally,3,3,6,0.5
legendary,1,2,3,0.6666666666666666
son!,1,1,2,0.5
killer,6,3,9,0.3333333333333333
waste,3,3,6,0.5
ûò,18,20,38,0.5263157894736842
during,14,37,51,0.7254901960784313
sf,2,1,3,0.3333333333333333
:),13,3,16,0.1875
shanghai,1,1,2,0.5
voting,1,1,2,0.5
brings,3,1,4,0.25
se,1,4,5,0.8
road.,4,1,5,0.2
åè,3,1,4,0.25
wildfire,2,54,56,0.9642857142857143
franklin,1,1,2,0.5
weren't,4,1,5,0.2
bank,3,4,7,0.5714285714285714
it's,124,52,176,0.29545454545454547
#phone,1,1,2,0.5
offensive,18,2,20,0.1
toward,1,4,5,0.8
imagine,5,4,9,0.4444444444444444
round,8,1,9,0.1111111111111111
germ,6,12,18,0.6666666666666666
so,235,75,310,0.24193548387096775
another,36,32,68,0.47058823529411764
meter,1,1,2,0.5
something,18,10,28,0.35714285714285715
mgm,1,1,2,0.5
hazard,21,10,31,0.3225806451612903
apparent,1,2,3,0.6666666666666666
times:,1,4,5,0.8
snowball,1,1,2,0.5
fund,2,4,6,0.6666666666666666
#quran,3,4,7,0.5714285714285714
light.,1,1,2,0.5
why,83,27,110,0.24545454545454545
peaceful,3,1,4,0.25
upon,13,3,16,0.1875
whirlwind!,2,1,3,0.3333333333333333
#russian,2,1,3,0.3333333333333333
gm!,5,1,6,0.16666666666666666
best,34,6,40,0.15
hellfire,18,3,21,0.14285714285714285
stupid.,2,1,3,0.3333333333333333
displaced,9,23,32,0.71875
staff,4,1,5,0.2
reduce,2,6,8,0.75
witness,1,2,3,0.6666666666666666
visit,2,6,8,0.75
oth,1,1,2,0.5
prompted,1,2,3,0.6666666666666666
re,4,2,6,0.3333333333333333
cloud,4,2,6,0.3333333333333333
genuine,2,1,3,0.3333333333333333
property,9,8,17,0.47058823529411764
average,2,1,3,0.3333333333333333
phoenix,5,2,7,0.2857142857142857
ended,5,2,7,0.2857142857142857
actually,18,9,27,0.3333333333333333
check,38,7,45,0.15555555555555556
tuesday,1,2,3,0.6666666666666666
twin,3,3,6,0.5
sw,5,4,9,0.4444444444444444
11,13,6,19,0.3157894736842105
goal.,1,1,2,0.5
#360wisenews,2,2,4,0.5
away.,4,2,6,0.3333333333333333
area.,2,7,9,0.7777777777777778
fair,3,1,4,0.25
buffalo,2,1,3,0.3333333333333333
hahah,1,1,2,0.5
barn,2,1,3,0.3333333333333333
[black,12,5,17,0.29411764705882354
fav,3,1,4,0.25
inmate,1,1,2,0.5
coming,35,14,49,0.2857142857142857
signed,7,2,9,0.2222222222222222
penalty,4,1,5,0.2
ruin,38,1,39,0.02564102564102564
hard,12,6,18,0.3333333333333333
great,43,14,57,0.24561403508771928
would've,3,2,5,0.4
unnecessary,1,1,2,0.5
#thunder,2,2,4,0.5
calm,4,3,7,0.42857142857142855
time2015-08-05,1,3,4,0.75
rioting,10,17,27,0.6296296296296297
exploded.,6,1,7,0.14285714285714285
gift,3,2,5,0.4
#news,20,52,72,0.7222222222222222
should,52,16,68,0.23529411764705882
ain't,14,4,18,0.2222222222222222
esteemed,1,1,2,0.5
addict,1,1,2,0.5
de,10,1,11,0.09090909090909091
lawton,1,1,2,0.5
101:,3,1,4,0.25
live:,1,4,5,0.8
palm,3,3,6,0.5
pray,9,4,13,0.3076923076923077
somehow,4,1,5,0.2
fish,4,2,6,0.3333333333333333
repatriated,1,10,11,0.9090909090909091
field.,1,1,2,0.5
carry,4,2,6,0.3333333333333333
firework,1,1,2,0.5
abused+desolate&amp;lost,1,1,2,0.5
nuclear,28,63,91,0.6923076923076923
paul,7,1,8,0.125
swim,3,1,4,0.25
tree,4,16,20,0.8
method,4,1,5,0.2
bout,5,2,7,0.2857142857142857
upgraded,1,1,2,0.5
order,13,21,34,0.6176470588235294
victim,3,23,26,0.8846153846153846
dog,17,10,27,0.37037037037037035
that,357,181,538,0.33643122676579923
having,21,7,28,0.25
common,9,1,10,0.1
pm,5,34,39,0.8717948717948718
#rickperry,1,2,3,0.6666666666666666
today,28,35,63,0.5555555555555556
catastrophe.,6,4,10,0.4
poor,7,11,18,0.6111111111111112
pulling,2,1,3,0.3333333333333333
pakistan.,1,1,2,0.5
31,1,8,9,0.8888888888888888
year.,4,5,9,0.5555555555555556
path,1,4,5,0.8
mate,1,2,3,0.6666666666666666
disaster,28,97,125,0.776
mud,1,1,2,0.5
teacher,5,1,6,0.16666666666666666
s.,2,3,5,0.6
performing,1,1,2,0.5
fm,1,1,2,0.5
design,6,2,8,0.25
(feat.,3,1,4,0.25
live,24,26,50,0.52
apartment,2,6,8,0.75
@emmerdale,7,1,8,0.125
years.,2,1,3,0.3333333333333333
surely,1,2,3,0.6666666666666666
produced,1,2,3,0.6666666666666666
dumb,1,1,2,0.5
bloomberg,1,1,2,0.5
mercury,1,1,2,0.5
21,1,2,3,0.6666666666666666
scream,20,5,25,0.2
same-sex,1,1,2,0.5
pdp,2,6,8,0.75
writing,6,1,7,0.14285714285714285
health.,1,1,2,0.5
equal,4,1,5,0.2
spit,1,1,2,0.5
tennessee,1,4,5,0.8
#strategicpatience,1,4,5,0.8
next,28,16,44,0.36363636363636365
bush,6,15,21,0.7142857142857143
standard,8,6,14,0.42857142857142855
exclusive:,1,1,2,0.5
u.s.,3,28,31,0.9032258064516129
wearing,4,1,5,0.2
murderous,1,5,6,0.8333333333333334
4km,1,1,2,0.5
bully,2,1,3,0.3333333333333333
o...,1,3,4,0.75
review,5,5,10,0.5
ram,1,1,2,0.5
encounter,1,3,4,0.75
i've,33,7,40,0.175
#love,3,1,4,0.25
brick,2,1,3,0.3333333333333333
large,8,10,18,0.5555555555555556
#wealth,2,1,3,0.3333333333333333
@stretcher,5,1,6,0.16666666666666666
pamela,1,15,16,0.9375
actual,4,1,5,0.2
history,9,7,16,0.4375
disease,4,8,12,0.6666666666666666
the...,1,9,10,0.9
slow,1,4,5,0.8
/,17,18,35,0.5142857142857142
in,805,1144,1949,0.5869676757311442
mine,5,4,9,0.4444444444444444
service.,1,1,2,0.5
lead,14,4,18,0.2222222222222222
dance,7,1,8,0.125
idp,1,4,5,0.8
nobody,1,2,3,0.6666666666666666
collide.,2,1,3,0.3333333333333333
play,26,2,28,0.07142857142857142
financial,8,4,12,0.3333333333333333
caribbean,1,1,2,0.5
dying,6,3,9,0.3333333333333333
siren,32,11,43,0.2558139534883721
jailed,1,1,2,0.5
around,22,14,36,0.3888888888888889
funny,8,1,9,0.1111111111111111
phantom,1,1,2,0.5
#gilbert23,2,1,3,0.3333333333333333
wholesale,1,3,4,0.75
picking,2,19,21,0.9047619047619048
mma,1,2,3,0.6666666666666666
hitting,2,1,3,0.3333333333333333
proceeds,1,1,2,0.5
a,1398,1064,2462,0.4321689683184403
hold,10,2,12,0.16666666666666666
luis,1,2,3,0.6666666666666666
bad,33,8,41,0.1951219512195122
24,5,5,10,0.5
prime,3,4,7,0.5714285714285714
monitoring,1,1,2,0.5
mf,4,2,6,0.3333333333333333
6,14,13,27,0.48148148148148145
33',3,3,6,0.5
m,3,16,19,0.8421052631578947
'i,16,2,18,0.1111111111111111
pls,3,1,4,0.25
toronto,3,1,4,0.25
orange,2,2,4,0.5
old,20,37,57,0.6491228070175439
wasn't,9,5,14,0.35714285714285715
before,32,19,51,0.37254901960784315
smart,1,1,2,0.5
fte,1,1,2,0.5
twitter,22,8,30,0.26666666666666666
self-image?,9,2,11,0.18181818181818182
totaling,8,1,9,0.1111111111111111
portion,2,1,3,0.3333333333333333
willing,2,2,4,0.5
bag,66,2,68,0.029411764705882353
knife,2,1,3,0.3333333333333333
distinct,1,1,2,0.5
mad,11,5,16,0.3125
soon,19,3,22,0.13636363636363635
michael,10,2,12,0.16666666666666666
accident.,3,2,5,0.4
mike,2,2,4,0.5
news:,5,12,17,0.7058823529411765
congress,2,3,5,0.6
pressure,6,2,8,0.25
oil,7,44,51,0.8627450980392157
incredibly,1,1,2,0.5
worker,3,3,6,0.5
ran,4,2,6,0.3333333333333333
fifth,4,1,5,0.2
toddler,6,4,10,0.4
collection,4,2,6,0.3333333333333333
nine,1,5,6,0.8333333333333334
patient,3,3,6,0.5
scott,1,3,4,0.75
ft.,3,2,5,0.4
herself.,1,1,2,0.5
indeed,3,1,4,0.25
zayn,1,2,3,0.6666666666666666
first,56,48,104,0.46153846153846156
rainstorm,8,17,25,0.68
type.,1,1,2,0.5
asian,1,2,3,0.6666666666666666
others,8,9,17,0.5294117647058824
bus,10,36,46,0.782608695652174
monitor,1,1,2,0.5
:p,5,2,7,0.2857142857142857
robinson,2,1,3,0.3333333333333333
still,70,57,127,0.44881889763779526
gov,1,2,3,0.6666666666666666
@davidvonderhaar,2,1,3,0.3333333333333333
gun,14,12,26,0.46153846153846156
dark,6,1,7,0.14285714285714285
hi,6,3,9,0.3333333333333333
prepare,6,8,14,0.5714285714285714
station,1,3,4,0.75
launch,1,3,4,0.75
00:52:25,1,1,2,0.5
reopening,1,2,3,0.6666666666666666
#world,2,9,11,0.8181818181818182
duty,2,1,3,0.3333333333333333
video,82,40,122,0.32786885245901637
camper,1,1,2,0.5
avoided,1,1,2,0.5
calorie,6,1,7,0.14285714285714285
pitch,3,1,4,0.25
member,7,10,17,0.5882352941176471
flying,1,3,4,0.75
103,1,1,2,0.5
surgery,1,1,2,0.5
here,30,28,58,0.4827586206896552
quoted,1,1,2,0.5
begging,1,1,2,0.5
power,13,20,33,0.6060606060606061
equipment,6,4,10,0.4
charge,2,6,8,0.75
looked,3,3,6,0.5
cable,12,1,13,0.07692307692307693
love,90,10,100,0.1
lil,8,1,9,0.1111111111111111
pet,2,1,3,0.3333333333333333
material,2,4,6,0.6666666666666666
offroad,11,2,13,0.15384615384615385
browser,6,2,8,0.25
richard,2,2,4,0.5
inside,13,15,28,0.5357142857142857
em...,1,1,2,0.5
@yahoonews,1,2,3,0.6666666666666666
dolphin,1,1,2,0.5
won't,14,3,17,0.17647058823529413
arrive,1,4,5,0.8
yellow,2,1,3,0.3333333333333333
buried,2,1,3,0.3333333333333333
pipe,3,3,6,0.5
body's,1,1,2,0.5
integrity,2,1,3,0.3333333333333333
lane,2,8,10,0.8
for...,1,3,4,0.75
bounty,1,3,4,0.75
panic,26,4,30,0.13333333333333333
#aoms,1,2,3,0.6666666666666666
logo,3,1,4,0.25
allow,2,4,6,0.6666666666666666
brewing,1,1,2,0.5
trailer,2,2,4,0.5
two,26,71,97,0.7319587628865979
lone,1,2,3,0.6666666666666666
road,14,26,40,0.65
telegraph,1,2,3,0.6666666666666666
hijack,12,16,28,0.5714285714285714
operation,6,5,11,0.45454545454545453
devastation,8,24,32,0.75
crowd,2,3,5,0.6
keep,34,15,49,0.30612244897959184
canada,2,4,6,0.6666666666666666
turbine,3,1,4,0.25
sparked,3,3,6,0.5
bunch,2,1,3,0.3333333333333333
emotional,10,1,11,0.09090909090909091
fire,72,213,285,0.7473684210526316
ima,2,1,3,0.3333333333333333
@towel,5,1,6,0.16666666666666666
now.,9,7,16,0.4375
explode...,2,1,3,0.3333333333333333
*,11,3,14,0.21428571428571427
housing,2,2,4,0.5
mr.,1,1,2,0.5
save,21,14,35,0.4
70,2,38,40,0.95
sa,2,1,3,0.3333333333333333
man,53,45,98,0.45918367346938777
main,1,9,10,0.9
m.,1,1,2,0.5
open,12,10,22,0.45454545454545453
amongst,2,3,5,0.6
mill,4,2,6,0.3333333333333333
worried,1,4,5,0.8
description,4,1,5,0.2
management:,1,1,2,0.5
enhanced,1,1,2,0.5
reshape,1,1,2,0.5
birth,2,1,3,0.3333333333333333
areaû_,1,1,2,0.5
guide,7,2,9,0.2222222222222222
picked!,2,1,3,0.3333333333333333
kind,3,1,4,0.25
annual,3,4,7,0.5714285714285714
blk,3,4,7,0.5714285714285714
jeff,2,1,3,0.3333333333333333
listed,3,1,4,0.25
photo,12,7,19,0.3684210526315789
admin,1,1,2,0.5
#blacklivesmatter,1,2,3,0.6666666666666666
idk,4,1,5,0.2
eaten,2,1,3,0.3333333333333333
hostages.,3,1,4,0.25
tea,1,1,2,0.5
probably,19,3,22,0.13636363636363635
management,2,1,3,0.3333333333333333
tie,1,2,3,0.6666666666666666
little,30,15,45,0.3333333333333333
bone,2,1,3,0.3333333333333333
human,8,11,19,0.5789473684210527
christ,2,1,3,0.3333333333333333
robert,3,3,6,0.5
paris,1,1,2,0.5
economic,4,4,8,0.5
collapse,21,51,72,0.7083333333333334
asap,2,1,3,0.3333333333333333
finger,7,1,8,0.125
friday,5,3,8,0.375
response,4,8,12,0.6666666666666666
student,7,7,14,0.5
client,3,1,4,0.25
denier,1,1,2,0.5
talking,6,4,10,0.4
giant,5,15,20,0.75
store,4,2,6,0.3333333333333333
ovo,1,1,2,0.5
claim,6,14,20,0.7
testing,1,1,2,0.5
accuses,3,1,4,0.25
??????????????????,1,1,2,0.5
jenner,1,1,2,0.5
episode.,1,1,2,0.5
season,8,5,13,0.38461538461538464
im,42,11,53,0.20754716981132076
nightmare,2,1,3,0.3333333333333333
shutdown,1,1,2,0.5
humidity,1,1,2,0.5
sweet,5,1,6,0.16666666666666666
commercial,5,1,6,0.16666666666666666
request,2,1,3,0.3333333333333333
can't,67,19,86,0.22093023255813954
few,16,11,27,0.4074074074074074
hand,14,5,19,0.2631578947368421
ab,1,1,2,0.5
aba,9,4,13,0.3076923076923077
murder?,1,3,4,0.75
5pm,2,2,4,0.5
(.90,1,1,2,0.5
vegetable,1,1,2,0.5
misery,1,1,2,0.5
could,43,37,80,0.4625
buildings?,1,5,6,0.8333333333333334
upset,3,6,9,0.6666666666666666
ray,5,1,6,0.16666666666666666
belief,2,2,4,0.5
dead..,1,1,2,0.5
rd,2,15,17,0.8823529411764706
homeowner,1,1,2,0.5
whirlwind,18,10,28,0.35714285714285715
#hampshire,1,1,2,0.5
intact,1,1,2,0.5
buy,11,1,12,0.08333333333333333
cant,12,2,14,0.14285714285714285
law,4,5,9,0.5555555555555556
pundit,1,1,2,0.5
strike,4,9,13,0.6923076923076923
programme,1,1,2,0.5
'it's,5,6,11,0.5454545454545454
fuel,3,6,9,0.6666666666666666
exacerbated,1,1,2,0.5
multi,1,1,2,0.5
co.,2,1,3,0.3333333333333333
1.3,1,2,3,0.6666666666666666
bringing,5,3,8,0.375
freeway,1,1,2,0.5
mouth,1,1,2,0.5
casualty,13,35,48,0.7291666666666666
comparison,1,2,3,0.6666666666666666
cooler,1,1,2,0.5
label,1,1,2,0.5
bake,3,1,4,0.25
formed,2,1,3,0.3333333333333333
dat,1,3,4,0.75
america,8,8,16,0.5
major,6,16,22,0.7272727272727273
airplane,5,26,31,0.8387096774193549
lava,27,5,32,0.15625
out!,4,4,8,0.5
according,6,4,10,0.4
gt,3,1,4,0.25
electrocuted,16,13,29,0.4482758620689655
procedure,1,1,2,0.5
affecting,1,2,3,0.6666666666666666
attack.,5,3,8,0.375
lost,8,13,21,0.6190476190476191
everything,16,2,18,0.1111111111111111
????????????,6,1,7,0.14285714285714285
sewer,1,1,2,0.5
grill,9,1,10,0.1
change,30,10,40,0.25
coffee,6,3,9,0.3333333333333333
zone.,5,1,6,0.16666666666666666
photoset:,1,1,2,0.5
seismic,11,14,25,0.56
rank,1,1,2,0.5
bother,2,1,3,0.3333333333333333
someone,31,9,40,0.225
every,41,15,56,0.26785714285714285
banquet,1,1,2,0.5
accident?,2,1,3,0.3333333333333333
we'd,3,1,4,0.25
penny,1,1,2,0.5
reminder,1,2,3,0.6666666666666666
suffering,3,1,4,0.25
course,9,3,12,0.25
#us,3,3,6,0.5
disruptive,1,1,2,0.5
bee,4,1,5,0.2
due,7,24,31,0.7741935483870968
rest,3,2,5,0.4
ash,4,8,12,0.6666666666666666
97/georgia,1,4,5,0.8
u,116,62,178,0.34831460674157305
spring,5,12,17,0.7058823529411765
providence,4,1,5,0.2
senate,2,1,3,0.3333333333333333
$300000,1,1,2,0.5
forced,2,6,8,0.75
prepared,3,1,4,0.25
#bbc,3,6,9,0.6666666666666666
range,2,2,4,0.5
noise,3,1,4,0.25
fighting,5,7,12,0.5833333333333334
italy,1,3,4,0.75
lung,2,2,4,0.5
david,5,2,7,0.2857142857142857
france,2,10,12,0.8333333333333334
hail!,2,1,3,0.3333333333333333
too.,4,2,6,0.3333333333333333
starting,4,2,6,0.3333333333333333
#landslide,1,2,3,0.6666666666666666
lifted,1,7,8,0.875
billion,1,1,2,0.5
unveiled,5,1,6,0.16666666666666666
seriously,7,2,9,0.2222222222222222
#turkish,1,1,2,0.5
important,1,1,2,0.5
#globalwarming!!,1,1,2,0.5
#anchorage,1,1,2,0.5
spent,5,2,7,0.2857142857142857
where,34,21,55,0.38181818181818183
lighting,1,2,3,0.6666666666666666
10th,2,3,5,0.6
blanket,2,1,3,0.3333333333333333
wowo--===,1,1,2,0.5
nice,11,1,12,0.08333333333333333
beat,12,2,14,0.14285714285714285
waterway,2,1,3,0.3333333333333333
apocalypse,21,6,27,0.2222222222222222
tidal,1,1,2,0.5
memphis,2,1,3,0.3333333333333333
row,5,1,6,0.16666666666666666
maintenance,3,2,5,0.4
world.,4,2,6,0.3333333333333333
landslide,11,16,27,0.5925925925925926
survival,3,3,6,0.5
milkshake,2,1,3,0.3333333333333333
definitely,3,2,5,0.4
sex,8,3,11,0.2727272727272727
soldier,3,9,12,0.75
security,7,20,27,0.7407407407407407
drop,5,2,7,0.2857142857142857
injury.,2,1,3,0.3333333333333333
object,1,2,3,0.6666666666666666
40%,2,1,3,0.3333333333333333
'if,6,1,7,0.14285714285714285
online,16,5,21,0.23809523809523808
acting,2,1,3,0.3333333333333333
who,77,100,177,0.5649717514124294
predicted,1,4,5,0.8
mum,1,2,3,0.6666666666666666
#tbt,4,1,5,0.2
never,43,17,60,0.2833333333333333
post:,4,2,6,0.3333333333333333
ca,3,6,9,0.6666666666666666
running,12,7,19,0.3684210526315789
generation,4,1,5,0.2
con,1,1,2,0.5
harper,2,1,3,0.3333333333333333
ep,2,1,3,0.3333333333333333
steel,4,1,5,0.2
û_,24,26,50,0.52
when,144,93,237,0.3924050632911392
weapons!,1,1,2,0.5
hypocrisy,1,1,2,0.5
@itsjustinstuart,1,1,2,0.5
26,1,4,5,0.8
holding,5,11,16,0.6875
spinning,1,1,2,0.5
joining,2,1,3,0.3333333333333333
mayan,7,1,8,0.125
assistance,3,1,4,0.25
unit,2,12,14,0.8571428571428571
too!,3,1,4,0.25
piece,5,9,14,0.6428571428571429
bathroom,4,2,6,0.3333333333333333
passing,5,1,6,0.16666666666666666
confirm,2,4,6,0.6666666666666666
attitude,1,1,2,0.5
san,6,4,10,0.4
meeting,4,4,8,0.5
@noah_anyname,1,1,2,0.5
100,6,4,10,0.4
he's,33,6,39,0.15384615384615385
morning,7,9,16,0.5625
instant,2,1,3,0.3333333333333333
africa,2,2,4,0.5
burnt,2,1,3,0.3333333333333333
annihilated.,1,1,2,0.5
commerce,1,1,2,0.5
sand,2,1,3,0.3333333333333333
http://t.co/xpfmr368uf,1,1,2,0.5
voice,7,2,9,0.2222222222222222
clueless,1,1,2,0.5
mystery,2,1,3,0.3333333333333333
sinkhole,9,25,34,0.7352941176470589
center,8,14,22,0.6363636363636364
link,5,4,9,0.4444444444444444
tax,4,3,7,0.42857142857142855
aug,2,14,16,0.875
adventure,1,1,2,0.5
trinity,1,1,2,0.5
violation,1,2,3,0.6666666666666666
cab,1,1,2,0.5
which,27,22,49,0.4489795918367347
yet,13,6,19,0.3157894736842105
pro,3,2,5,0.4
director,2,2,4,0.5
drove,3,2,5,0.4
declares,1,26,27,0.9629629629629629
song,23,2,25,0.08
pace,3,1,4,0.25
terrorism.,1,2,3,0.6666666666666666
pdp:,1,1,2,0.5
iran,9,22,31,0.7096774193548387
moral,1,2,3,0.6666666666666666
#cnn,3,6,9,0.6666666666666666
tryout,1,1,2,0.5
gave,12,5,17,0.29411764705882354
america',1,1,2,0.5
warned,2,1,3,0.3333333333333333
quite,7,3,10,0.3
whipped,2,1,3,0.3333333333333333
mt,1,4,5,0.8
women's,1,2,3,0.6666666666666666
damaged,2,8,10,0.8
sexual,3,2,5,0.4
friend,29,7,36,0.19444444444444445
wild,14,31,45,0.6888888888888889
focus,1,6,7,0.8571428571428571
i'm,195,42,237,0.17721518987341772
saudi,1,35,36,0.9722222222222222
hey,18,3,21,0.14285714285714285
icymi,1,1,2,0.5
my,541,130,671,0.19374068554396423
fine,4,2,6,0.3333333333333333
struck,2,5,7,0.7142857142857143
info,7,4,11,0.36363636363636365
global,4,13,17,0.7647058823529411
demolished,18,9,27,0.3333333333333333
stop,35,20,55,0.36363636363636365
guess,11,4,15,0.26666666666666666
italian,2,4,6,0.6666666666666666
#nestleindia,1,2,3,0.6666666666666666
dy,2,11,13,0.8461538461538461
only.,1,1,2,0.5
announces,1,1,2,0.5
worth,7,3,10,0.3
west,3,19,22,0.8636363636363636
pick,20,4,24,0.16666666666666666
supposed,6,3,9,0.3333333333333333
windstorm,19,10,29,0.3448275862068966
stewart,2,1,3,0.3333333333333333
new,163,52,215,0.24186046511627907
#refugees,2,2,4,0.5
showed,2,1,3,0.3333333333333333
racing,2,1,3,0.3333333333333333
@pattonoswalt,1,1,2,0.5
victory,2,2,4,0.5
beyond,10,1,11,0.09090909090909091
'first',1,1,2,0.5
suit,1,1,2,0.5
demonstration,1,1,2,0.5
negative,3,1,4,0.25
get,183,70,253,0.2766798418972332
post,11,20,31,0.6451612903225806
oak,2,1,3,0.3333333333333333
to,1181,753,1934,0.3893485005170631
åê,3,1,4,0.25
community,10,3,13,0.23076923076923078
#sm,1,2,3,0.6666666666666666
hijacking,16,14,30,0.4666666666666667
ty,2,1,3,0.3333333333333333
@cnnbrk,1,1,2,0.5
drone,1,8,9,0.8888888888888888
@potus,3,6,9,0.6666666666666666
4x4,7,1,8,0.125
devastated.,1,1,2,0.5
slightly,5,2,7,0.2857142857142857
drain,1,1,2,0.5
encouragement,1,1,2,0.5
tried.,2,1,3,0.3333333333333333
agree,6,3,9,0.3333333333333333
#prophetmuhammad,4,2,6,0.3333333333333333
#lgbt,4,1,5,0.2
crushed.,1,1,2,0.5
ferguson's,2,1,3,0.3333333333333333
salem,3,4,7,0.5714285714285714
enemy,5,1,6,0.16666666666666666
can,123,37,160,0.23125
god's,2,1,3,0.3333333333333333
hill,3,8,11,0.7272727272727273
writer,3,1,4,0.25
jewish,1,4,5,0.8
#israel,1,2,3,0.6666666666666666
class,14,4,18,0.2222222222222222
terrorism,4,14,18,0.7777777777777778
japan,4,37,41,0.9024390243902439
dangerous,6,3,9,0.3333333333333333
devastation:,1,1,2,0.5
trauma.,5,1,6,0.16666666666666666
no.,3,6,9,0.6666666666666666
troll,1,1,2,0.5
petition!take,1,1,2,0.5
nothing,21,8,29,0.27586206896551724
coat,2,1,3,0.3333333333333333
mullah,1,1,2,0.5
trillion,1,1,2,0.5
terrorist,8,33,41,0.8048780487804879
effect,20,13,33,0.3939393939393939
#bookboost,1,2,3,0.6666666666666666
prayer,1,1,2,0.5
striking,1,1,2,0.5
source,3,4,7,0.5714285714285714
sad.,3,1,4,0.25
h...,1,1,2,0.5
obliteration.,4,2,6,0.3333333333333333
trial,3,4,7,0.5714285714285714
#bioterrorism,1,3,4,0.75
september,2,4,6,0.6666666666666666
thriller,1,2,3,0.6666666666666666
insurer,7,6,13,0.46153846153846156
famous,3,1,4,0.25
p,5,1,6,0.16666666666666666
watch.,2,1,3,0.3333333333333333
add,5,2,7,0.2857142857142857
shoe,2,2,4,0.5
humaza.,2,1,3,0.3333333333333333
was.,1,1,2,0.5
35,2,3,5,0.6
yours,16,2,18,0.1111111111111111
profile,4,1,5,0.2
you!,9,3,12,0.25
energy,4,2,6,0.3333333333333333
seemed,2,1,3,0.3333333333333333
#faroeislands,1,2,3,0.6666666666666666
beneath,1,1,2,0.5
instantly,1,1,2,0.5
natural,18,26,44,0.5909090909090909
particularly,1,2,3,0.6666666666666666
#mudslide,1,2,3,0.6666666666666666
[video],4,1,5,0.2
:,30,31,61,0.5081967213114754
network,2,2,4,0.5
and,911,494,1405,0.3516014234875445
mph,1,12,13,0.9230769230769231
earth,8,1,9,0.1111111111111111
brown,19,7,26,0.2692307692307692
custom,3,1,4,0.25
crystal,2,1,3,0.3333333333333333
#nowplaying:,1,1,2,0.5
over',1,1,2,0.5
above,3,2,5,0.4
dignity,1,1,2,0.5
going?,1,1,2,0.5
burning,51,60,111,0.5405405405405406
@witter,2,1,3,0.3333333333333333
were,34,72,106,0.6792452830188679
@hurricane_dolce,1,1,2,0.5
4000,5,2,7,0.2857142857142857
error,3,1,4,0.25
enugu,7,5,12,0.4166666666666667
weapons.,1,5,6,0.8333333333333334
capture,4,11,15,0.7333333333333333
derail,18,17,35,0.4857142857142857
le,5,4,9,0.4444444444444444
result,4,8,12,0.6666666666666666
broken,6,4,10,0.4
hole,4,2,6,0.3333333333333333
van,2,4,6,0.6666666666666666
hasn't,10,3,13,0.23076923076923078
dropped,2,6,8,0.75
nc,1,5,6,0.8333333333333334
threat,8,5,13,0.38461538461538464
cobra,2,1,3,0.3333333333333333
#isis,3,9,12,0.75
coastal,4,1,5,0.2
correction:,3,2,5,0.4
blew,31,2,33,0.06060606060606061
protest,2,2,4,0.5
al,5,2,7,0.2857142857142857
hillary,2,1,3,0.3333333333333333
????,74,22,96,0.22916666666666666
absolutely,11,2,13,0.15384615384615385
bullet,4,2,6,0.3333333333333333
posted,2,2,4,0.5
#gunsense,2,1,3,0.3333333333333333
they're,14,6,20,0.3
0,2,5,7,0.7142857142857143
architecture,1,1,2,0.5
hatred,1,1,2,0.5
false,5,6,11,0.5454545454545454
lmfao,3,1,4,0.25
st,9,15,24,0.625
#photography,2,4,6,0.6666666666666666
.,12,7,19,0.3684210526315789
dock,1,2,3,0.6666666666666666
went,20,13,33,0.3939393939393939
haha,13,4,17,0.23529411764705882
speaking,2,2,4,0.5
constant,1,2,3,0.6666666666666666
#modi,1,1,2,0.5
told,8,8,16,0.5
blaze.,1,1,2,0.5
wreck.,7,1,8,0.125
@michael5sos,1,3,4,0.75
extra,2,3,5,0.6
trafford,1,4,5,0.8
bore,1,2,3,0.6666666666666666
indian,3,11,14,0.7857142857142857
smaug,9,1,10,0.1
up.,9,7,16,0.4375
men,15,13,28,0.4642857142857143
israel:,1,1,2,0.5
gi,1,1,2,0.5
pull,2,6,8,0.75
fatalities.,4,2,6,0.3333333333333333
reactor.,1,1,2,0.5
outside.,1,1,2,0.5
recently,1,2,3,0.6666666666666666
science,1,3,4,0.75
app,1,6,7,0.8571428571428571
lock,1,2,3,0.6666666666666666
incredible,2,4,6,0.6666666666666666
......,1,1,2,0.5
crashed,13,21,34,0.6176470588235294
oh,23,9,32,0.28125
psychiatric,2,2,4,0.5
#amageddon,1,1,2,0.5
your,225,62,287,0.21602787456445993
percent.,1,1,2,0.5
between,6,7,13,0.5384615384615384
specially,2,10,12,0.8333333333333334
5000,2,2,4,0.5
greg,1,2,3,0.6666666666666666
china,6,8,14,0.5714285714285714
collide,21,3,24,0.125
athlete,1,1,2,0.5
possibility,1,1,2,0.5
political,2,4,6,0.6666666666666666
tube,2,3,5,0.6
pussy,6,1,7,0.14285714285714285
zone,15,8,23,0.34782608695652173
tomorrow.,2,1,3,0.3333333333333333
patch,2,1,3,0.3333333333333333
moment,12,8,20,0.4
@tomcatarts,1,1,2,0.5
#vanuatu,1,1,2,0.5
leo,3,1,4,0.25
ugly,3,1,4,0.25
fact,7,6,13,0.46153846153846156
seems,4,5,9,0.5555555555555556
utterly,1,2,3,0.6666666666666666
#tubestrike,5,1,6,0.16666666666666666
#hiring!,3,1,4,0.25
you've,6,1,7,0.14285714285714285
surrounded,4,2,6,0.3333333333333333
mo,2,3,5,0.6
(giant,1,1,2,0.5
what's,19,6,25,0.24
item,2,1,3,0.3333333333333333
because,51,21,72,0.2916666666666667
biological,2,2,4,0.5
the,1877,1330,3207,0.41471780480199566
crap,6,1,7,0.14285714285714285
#environment,2,1,3,0.3333333333333333
/r/worldnews,1,2,3,0.6666666666666666
land,13,23,36,0.6388888888888888
santa,2,4,6,0.6666666666666666
fight,15,16,31,0.5161290322580645
december,1,1,2,0.5
nigerian,2,15,17,0.8823529411764706
survive,25,11,36,0.3055555555555556
chicago-area,5,1,6,0.16666666666666666
emotionally,3,2,5,0.4
trapped,26,14,40,0.35
la,4,18,22,0.8181818181818182
sarah,4,1,5,0.2
away,19,8,27,0.2962962962962963
be?,1,1,2,0.5
well.,2,2,4,0.5
enormous,1,1,2,0.5
occurred,8,5,13,0.38461538461538464
1.4,1,1,2,0.5
#breakingnews,1,3,4,0.75
faced,2,3,5,0.6
team,13,9,22,0.4090909090909091
enjoy,4,1,5,0.2
technology,6,1,7,0.14285714285714285
monster,2,1,3,0.3333333333333333
electrical,2,3,5,0.6
bomber,1,61,62,0.9838709677419355
hopefully,3,1,4,0.25
england,5,3,8,0.375
boat,9,27,36,0.75
debate,5,1,6,0.16666666666666666
lot,32,8,40,0.2
yourself,20,5,25,0.2
brought,9,2,11,0.18181818181818182
background,2,1,3,0.3333333333333333
detained,2,1,3,0.3333333333333333
summit,1,1,2,0.5
w...,1,1,2,0.5
diamond,4,1,5,0.2
#yahistorical,1,1,2,0.5
@pmarca,1,1,2,0.5
family,23,104,127,0.8188976377952756
kingdom,3,1,4,0.25
structural,12,23,35,0.6571428571428571
involving,8,5,13,0.38461538461538464
bc,17,7,24,0.2916666666666667
jack,5,2,7,0.2857142857142857
sure.,1,1,2,0.5
covered,3,1,4,0.25
mount,1,18,19,0.9473684210526315
reaû_,7,1,8,0.125
intensity,1,5,6,0.8333333333333334
headline,1,1,2,0.5
record,3,10,13,0.7692307692307693
??????,45,10,55,0.18181818181818182
bombing,2,70,72,0.9722222222222222
drinking,6,2,8,0.25
byû_,5,1,6,0.16666666666666666
#talkradio,1,1,2,0.5
id,1,5,6,0.8333333333333334
planning,3,1,4,0.25
king,11,1,12,0.08333333333333333
lightening,1,3,4,0.75
shape,9,2,11,0.18181818181818182
people;,1,5,6,0.8333333333333334
wednesday,3,10,13,0.7692307692307693
minor,2,2,4,0.5
bombed.,1,1,2,0.5
collision,7,20,27,0.7407407407407407
ben,3,3,6,0.5
#ptsdchat,1,1,2,0.5
strategy,1,6,7,0.8571428571428571
richmond,1,11,12,0.9166666666666666
half,15,16,31,0.5161290322580645
wealth,1,1,2,0.5
doe,24,15,39,0.38461538461538464
note,2,1,3,0.3333333333333333
#nuclear,2,7,9,0.7777777777777778
university,1,3,4,0.75
caught,6,16,22,0.7272727272727273
@zak_bagans,2,1,3,0.3333333333333333
assistant,1,1,2,0.5
drought.,1,3,4,0.75
here.,1,1,2,0.5
bs.,1,1,2,0.5
fighter,3,3,6,0.5
ability,2,2,4,0.5
reject,3,1,4,0.25
re:,1,1,2,0.5
walker,1,2,3,0.6666666666666666
a...,5,22,27,0.8148148148148148
cue,1,1,2,0.5
@jamesmelville,1,1,2,0.5
agree.,1,2,3,0.6666666666666666
somalia,1,1,2,0.5
expand,1,1,2,0.5
warn,2,1,3,0.3333333333333333
responding,1,1,2,0.5
include,2,3,5,0.6
snack,2,1,3,0.3333333333333333
tonightûªs,1,1,2,0.5
sanctioned,1,1,2,0.5
awesome,14,1,15,0.06666666666666667
humanity.,1,1,2,0.5
omg,10,6,16,0.375
sunset,3,3,6,0.5
grow,5,2,7,0.2857142857142857
wayne,2,1,3,0.3333333333333333
meme,5,1,6,0.16666666666666666
body-bagging,1,1,2,0.5
floods.,2,2,4,0.5
transfer,1,2,3,0.6666666666666666
abe,1,2,3,0.6666666666666666
curfew.,4,1,5,0.2
question,7,5,12,0.4166666666666667
route,5,4,9,0.4444444444444444
pres:,1,2,3,0.6666666666666666
chile:,4,3,7,0.42857142857142855
sue,1,27,28,0.9642857142857143
#whirlwind,1,1,2,0.5
yay,2,1,3,0.3333333333333333
broke,11,1,12,0.08333333333333333
heading,1,3,4,0.75
meek,16,1,17,0.058823529411764705
#genocide;,1,4,5,0.8
truth...,3,4,7,0.5714285714285714
on:,3,1,4,0.25
jordan,2,2,4,0.5
remains,2,5,7,0.7142857142857143
fireman,2,1,3,0.3333333333333333
eventually,1,3,4,0.75
ah,5,1,6,0.16666666666666666
traumatised,25,3,28,0.10714285714285714
22,3,3,6,0.5
429cj,1,1,2,0.5
scary,2,2,4,0.5
#business,4,3,7,0.42857142857142855
turn,15,5,20,0.25
opened,3,2,5,0.4
palin,2,1,3,0.3333333333333333
murderer,6,13,19,0.6842105263157895
iranian,2,5,7,0.7142857142857143
daily,10,7,17,0.4117647058823529
horizon,1,1,2,0.5
fires?,1,1,2,0.5
temptation,1,1,2,0.5
doing,24,7,31,0.22580645161290322
is:,1,1,2,0.5
instead,9,7,16,0.4375
latest,11,17,28,0.6071428571428571
finnish,5,1,6,0.16666666666666666
begin,5,11,16,0.6875
service,33,37,70,0.5285714285714286
room,10,6,16,0.375
government,13,18,31,0.5806451612903226
july,2,3,5,0.6
mode,12,1,13,0.07692307692307693
museum,2,3,5,0.6
battery,2,1,3,0.3333333333333333
killed,3,92,95,0.968421052631579
area,4,29,33,0.8787878787878788
strange,4,1,5,0.2
#ems,2,2,4,0.5
era,1,1,2,0.5
hurry,1,2,3,0.6666666666666666
spaniel,1,1,2,0.5
#islam!,4,1,5,0.2
them!,6,1,7,0.14285714285714285
crossed,3,2,5,0.4
twister,28,6,34,0.17647058823529413
tsunami,11,12,23,0.5217391304347826
cover,11,4,15,0.26666666666666666
http://t.co/jlzk2hdetg,1,1,2,0.5
tyre,1,1,2,0.5
scare,2,2,4,0.5
black,34,15,49,0.30612244897959184
sleep,4,2,6,0.3333333333333333
class.,3,1,4,0.25
'the,19,13,32,0.40625
aust,1,1,2,0.5
woke,7,2,9,0.2222222222222222
brigade,1,1,2,0.5
themed,1,1,2,0.5
droid,2,1,3,0.3333333333333333
began,3,5,8,0.625
true.,2,1,3,0.3333333333333333
1,22,17,39,0.4358974358974359
deluge,22,5,27,0.18518518518518517
feat.,3,1,4,0.25
y'all,5,1,6,0.16666666666666666
#slanglucci,3,1,4,0.25
mentioned,2,1,3,0.3333333333333333
gop,9,1,10,0.1
suddenly,1,2,3,0.6666666666666666
unknown,1,2,3,0.6666666666666666
scar,2,1,3,0.3333333333333333
mountaineering,2,1,3,0.3333333333333333
|,91,51,142,0.3591549295774648
batting,1,1,2,0.5
project,4,4,8,0.5
accept,1,1,2,0.5
helicopter,1,24,25,0.96
added,14,3,17,0.17647058823529413
murder,7,28,35,0.8
think,65,20,85,0.23529411764705882
http://t.co/encmhz6y34,5,1,6,0.16666666666666666
them?,1,3,4,0.75
help!,1,1,2,0.5
rate,8,4,12,0.3333333333333333
crash,19,69,88,0.7840909090909091
wrong,14,2,16,0.125
man!,1,1,2,0.5
~,7,14,21,0.6666666666666666
dc,5,1,6,0.16666666666666666
change.,2,1,3,0.3333333333333333
struggling,1,1,2,0.5
at,229,303,532,0.5695488721804511
shock,2,1,3,0.3333333333333333
#directioners,8,1,9,0.1111111111111111
...the,1,4,5,0.8
rubber,4,2,6,0.3333333333333333
how,127,60,187,0.32085561497326204
hunger,2,1,3,0.3333333333333333
dust,13,23,36,0.6388888888888888
rioting.,1,2,3,0.6666666666666666
plug,1,5,6,0.8333333333333334
auto,1,1,2,0.5
let,62,10,72,0.1388888888888889
troop,1,5,6,0.8333333333333334
look,68,46,114,0.40350877192982454
weighs,1,1,2,0.5
yeah,17,7,24,0.2916666666666667
county,7,26,33,0.7878787878787878
prevent,8,3,11,0.2727272727272727
eight,3,1,4,0.25
summer,24,12,36,0.3333333333333333
fresh,3,2,5,0.4
throughout,1,1,2,0.5
make,75,23,98,0.23469387755102042
kraft,1,1,2,0.5
haram,1,3,4,0.75
day),1,1,2,0.5
devastated,9,6,15,0.4
predict,2,2,4,0.5
'a,4,1,5,0.2
learn,13,5,18,0.2777777777777778
digit,1,2,3,0.6666666666666666
gay,10,2,12,0.16666666666666666
#usa,2,4,6,0.6666666666666666
nature,2,2,4,0.5
police..,1,1,2,0.5
1',2,2,4,0.5
fate,2,1,3,0.3333333333333333
drifting,1,1,2,0.5
part,18,19,37,0.5135135135135135
boy,16,31,47,0.6595744680851063
#lol,1,1,2,0.5
continued,1,3,4,0.75
legislation,1,1,2,0.5
us.,9,2,11,0.18181818181818182
taking,9,7,16,0.4375
known,4,2,6,0.3333333333333333
escaped,1,1,2,0.5
research,6,7,13,0.5384615384615384
2...,1,2,3,0.6666666666666666
jacket,2,1,3,0.3333333333333333
market.,1,1,2,0.5
horse,6,3,9,0.3333333333333333
dead,23,58,81,0.7160493827160493
senior,3,3,6,0.5
following,5,12,17,0.7058823529411765
happy,18,2,20,0.1
min,5,2,7,0.2857142857142857
administration,1,1,2,0.5
pedestrian,1,4,5,0.8
factor,2,2,4,0.5
78,1,2,3,0.6666666666666666
#usgs,1,4,5,0.8
republican,10,1,11,0.09090909090909091
bless,3,1,4,0.25
once,17,5,22,0.22727272727272727
striker,1,3,4,0.75
brain,9,1,10,0.1
nation,3,3,6,0.5
preparedness,2,2,4,0.5
happens?,1,1,2,0.5
eye,29,7,36,0.19444444444444445
offensiveåêcontent,2,1,3,0.3333333333333333
&lt;,1,3,4,0.75
everyone,34,13,47,0.2765957446808511
here's,4,4,8,0.5
it!,6,1,7,0.14285714285714285
general,8,5,13,0.38461538461538464
obliterated,26,2,28,0.07142857142857142
pay,7,2,9,0.2222222222222222
raised,1,1,2,0.5
none,6,1,7,0.14285714285714285
artificial,1,1,2,0.5
obliterate,24,4,28,0.14285714285714285
feed,7,2,9,0.2222222222222222
thx,4,3,7,0.42857142857142855
okay.,2,2,4,0.5
modified,1,10,11,0.9090909090909091
ferguson,1,2,3,0.6666666666666666
off's,1,1,2,0.5
quest,4,1,5,0.2
korea.,1,1,2,0.5
breathing,1,1,2,0.5
tomorrow,19,7,26,0.2692307692307692
winston,2,2,4,0.5
sneak,1,2,3,0.6666666666666666
xp',3,1,4,0.25
see,80,28,108,0.25925925925925924
man-made,1,1,2,0.5
split,2,1,3,0.3333333333333333
against,23,15,38,0.39473684210526316
vote:,3,1,4,0.25
forest:,5,3,8,0.375
spirit,6,1,7,0.14285714285714285
averted,1,2,3,0.6666666666666666
illustration,1,1,2,0.5
ha,148,104,252,0.4126984126984127
november,1,1,2,0.5
cry,16,2,18,0.1111111111111111
father,4,2,6,0.3333333333333333
recommend,4,1,5,0.2
role,3,1,4,0.25
walter,1,1,2,0.5
'death,2,1,3,0.3333333333333333
linkury,5,2,7,0.2857142857142857
fart,2,1,3,0.3333333333333333
usually,6,4,10,0.4
bed,13,3,16,0.1875
opinion,3,1,4,0.25
create,4,4,8,0.5
risk,7,5,12,0.4166666666666667
weather,11,31,42,0.7380952380952381
(temporary:300),3,1,4,0.25
pic,11,18,29,0.6206896551724138
cyclist,3,5,8,0.625
demon,3,1,4,0.25
purple,3,2,5,0.4
rightways:,1,1,2,0.5
worse,8,6,14,0.42857142857142855
stir,1,4,5,0.8
reward,1,3,4,0.75
each,7,4,11,0.36363636363636365
park,11,6,17,0.35294117647058826
tom,4,1,5,0.2
hike:,1,1,2,0.5
reddit,34,4,38,0.10526315789473684
freaking,1,1,2,0.5
closed,2,15,17,0.8823529411764706
world's,1,1,2,0.5
rss:,1,1,2,0.5
selfie,2,1,3,0.3333333333333333
39,3,1,4,0.25
again.,4,2,6,0.3333333333333333
sideline,4,3,7,0.42857142857142855
legit,3,1,4,0.25
clash,1,1,2,0.5
related,1,7,8,0.875
#newsintweets,1,2,3,0.6666666666666666
pathogen,5,6,11,0.5454545454545454
toilet,5,3,8,0.375
tragedy,10,20,30,0.6666666666666666
just,229,84,313,0.268370607028754
afghanistan,2,5,7,0.7142857142857143
amazing,5,1,6,0.16666666666666666
conquest,2,1,3,0.3333333333333333
respond,2,5,7,0.7142857142857143
hours.,1,1,2,0.5
@accionempresa,2,1,3,0.3333333333333333
venezuela,1,1,2,0.5
travel,8,5,13,0.38461538461538464
ornament,1,2,3,0.6666666666666666
rocket,3,1,4,0.25
brief,1,1,2,0.5
big,26,12,38,0.3157894736842105
apc,4,8,12,0.6666666666666666
field,1,3,4,0.75
person,18,12,30,0.4
approval,1,1,2,0.5
#best,17,13,30,0.43333333333333335
union,5,3,8,0.375
leave,14,13,27,0.48148148148148145
campus,2,2,4,0.5
hunt,2,4,6,0.6666666666666666
act,8,9,17,0.5294117647058824
hello,4,2,6,0.3333333333333333
terrifying,1,2,3,0.6666666666666666
became,2,3,5,0.6
murder.,1,3,4,0.75
iûªm,4,2,6,0.3333333333333333
website,1,1,2,0.5
nick,1,1,2,0.5
cell,3,1,4,0.25
mark,2,19,21,0.9047619047619048
decide,3,1,4,0.25
watching,15,10,25,0.4
sun,7,1,8,0.125
shooter,1,1,2,0.5
vaccine,1,1,2,0.5
butt,2,1,3,0.3333333333333333
level,15,7,22,0.3181818181818182
dental,1,2,3,0.6666666666666666
denali,1,1,2,0.5
there.,4,1,5,0.2
w,9,4,13,0.3076923076923077
news,17,63,80,0.7875
drowned.,1,1,2,0.5
hundred,4,33,37,0.8918918918918919
tied,2,1,3,0.3333333333333333
bear,7,1,8,0.125
sir,2,2,4,0.5
@gerenciatodos,2,1,3,0.3333333333333333
teen,11,4,15,0.26666666666666666
glorious,2,1,3,0.3333333333333333
??????????,8,1,9,0.1111111111111111
2014,3,4,7,0.5714285714285714
mean,19,8,27,0.2962962962962963
angel,4,2,6,0.3333333333333333
articles:,1,3,4,0.75
apocalypse.,2,1,3,0.3333333333333333
arrested,3,12,15,0.8
hunt...,1,1,2,0.5
plaguing,3,1,4,0.25
ii,4,3,7,0.42857142857142855
talkin,1,1,2,0.5
hû_,1,1,2,0.5
'we're,1,18,19,0.9473684210526315
external,5,1,6,0.16666666666666666
suicide-bombing,1,1,2,0.5
there..,1,1,2,0.5
hungry,4,1,5,0.2
#mets,3,1,4,0.25
scientist,2,3,5,0.6
leaving,5,5,10,0.5
red,20,11,31,0.3548387096774194
anybody,3,1,4,0.25
leaf,3,2,5,0.4
as,26,4,30,0.13333333333333333
silent,2,1,3,0.3333333333333333
video),4,1,5,0.2
hijacker,14,16,30,0.5333333333333333
reveals,2,2,4,0.5
this!,1,1,2,0.5
discovered,4,3,7,0.42857142857142855
',6,5,11,0.45454545454545453
quickly,3,6,9,0.6666666666666666
injuries.,4,5,9,0.5555555555555556
(ft.,1,1,2,0.5
south,5,20,25,0.8
7,11,8,19,0.42105263157894735
stranded,1,4,5,0.8
yr,2,9,11,0.8181818181818182
smoke,33,11,44,0.25
minute,10,29,39,0.7435897435897436
trunk,2,1,3,0.3333333333333333
jesus,2,1,3,0.3333333333333333
canûªt,5,1,6,0.16666666666666666
bring,12,5,17,0.29411764705882354
prompt,2,3,5,0.6
list.,1,1,2,0.5
floated,1,3,4,0.75
react,1,1,2,0.5
head,35,9,44,0.20454545454545456
shocked,1,2,3,0.6666666666666666
least,9,25,34,0.7352941176470589
#fettilootch,3,1,4,0.25
like,251,91,342,0.26608187134502925
#kick,1,1,2,0.5
rome,1,3,4,0.75
package,1,1,2,0.5
pump,1,3,4,0.75
leader,3,8,11,0.7272727272727273
#colorado,1,1,2,0.5
tough,2,2,4,0.5
super,12,2,14,0.14285714285714285
1/2,1,4,5,0.8
catch,2,5,7,0.7142857142857143
neil,1,1,2,0.5
out,179,60,239,0.2510460251046025
wa,217,168,385,0.43636363636363634
#fire,2,1,3,0.3333333333333333
footage,1,3,4,0.75
oops:,1,2,3,0.6666666666666666
enough,11,5,16,0.3125
managed,1,1,2,0.5
statement,2,4,6,0.6666666666666666
scandal,1,1,2,0.5
remove,7,3,10,0.3
suffered,1,2,3,0.6666666666666666
valley,2,4,6,0.6666666666666666
people,81,94,175,0.5371428571428571
subreddits,15,2,17,0.11764705882352941
u.s,6,4,10,0.4
river,15,15,30,0.5
news!,14,3,17,0.17647058823529413
wound,21,12,33,0.36363636363636365
blocked,5,5,10,0.5
i.e.,4,2,6,0.3333333333333333
triggered,2,4,6,0.6666666666666666
elephant,4,2,6,0.3333333333333333
corey,1,1,2,0.5
somewhere,1,1,2,0.5
sky,11,5,16,0.3125
sized,2,1,3,0.3333333333333333
lot.,1,1,2,0.5
bowling,2,1,3,0.3333333333333333
country,8,17,25,0.68
morgan,3,1,4,0.25
21:1023,1,1,2,0.5
tool,5,1,6,0.16666666666666666
targeted,1,1,2,0.5
debt,2,4,6,0.6666666666666666
chewing,2,1,3,0.3333333333333333
v,17,5,22,0.22727272727272727
125,1,1,2,0.5
45,1,1,2,0.5
careful,5,3,8,0.375
limit,2,2,4,0.5
installation,2,1,3,0.3333333333333333
demi,1,1,2,0.5
need,68,22,90,0.24444444444444444
http://t.co/q2eblokeve,5,1,6,0.16666666666666666
basement,2,1,3,0.3333333333333333
except,4,3,7,0.42857142857142855
also,30,11,41,0.2682926829268293
august,11,23,34,0.6764705882352942
help,47,21,68,0.3088235294117647
novel,1,1,2,0.5
targeting,2,2,4,0.5
emergency.,2,3,5,0.6
inj**,2,4,6,0.6666666666666666
:d,6,1,7,0.14285714285714285
forgot,3,1,4,0.25
larger,3,3,6,0.5
data,17,6,23,0.2608695652173913
beck/arnley,1,1,2,0.5
matter,7,1,8,0.125
pam,1,3,4,0.75
wreck,35,13,48,0.2708333333333333
register,3,1,4,0.25
ripped,2,1,3,0.3333333333333333
jet,1,4,5,0.8
skin,4,2,6,0.3333333333333333
yahoo,2,1,3,0.3333333333333333
vods,1,1,2,0.5
private,2,2,4,0.5
michigan,1,4,5,0.8
everyday,3,3,6,0.5
unavoidable,2,1,3,0.3333333333333333
totally,12,7,19,0.3684210526315789
rly,1,15,16,0.9375
tahoe.,1,1,2,0.5
cigarette,2,1,3,0.3333333333333333
bridge,5,32,37,0.8648648648648649
evil,4,1,5,0.2
cop,6,10,16,0.625
machine,3,3,6,0.5
itûªs,5,3,8,0.375
murderer.,2,4,6,0.6666666666666666
co,2,6,8,0.75
5,38,20,58,0.3448275862068966
hollywood,16,6,22,0.2727272727272727
mudslide,18,2,20,0.1
poor.,1,1,2,0.5
out.,6,7,13,0.5384615384615384
bro,5,2,7,0.2857142857142857
drink,13,1,14,0.07142857142857142
ablaze,14,11,25,0.44
personnel,1,1,2,0.5
tuned,1,3,4,0.75
rise,13,14,27,0.5185185185185185
panicking,28,1,29,0.034482758620689655
http://t.co/0wratka2jl,2,1,3,0.3333333333333333
building....,1,1,2,0.5
beer,3,1,4,0.25
building.,1,1,2,0.5
scale,2,1,3,0.3333333333333333
moving,1,10,11,0.9090909090909091
realized,3,1,4,0.25
firefighter,6,14,20,0.7
windy,1,1,2,0.5
tremor,1,1,2,0.5
sleeping,9,1,10,0.1
outside,12,11,23,0.4782608695652174
turkish,3,8,11,0.7272727272727273
islamic,1,10,11,0.9090909090909091
temperature,1,1,2,0.5
him.,4,1,5,0.2
60,2,14,16,0.875
#magginoodle,1,2,3,0.6666666666666666
hoe,2,2,4,0.5
by,240,274,514,0.5330739299610895
#comingsoon,1,1,2,0.5
series,10,3,13,0.23076923076923078
rails.,1,1,2,0.5
chest/torso,1,1,2,0.5
evacuated.,1,2,3,0.6666666666666666
maintain,1,1,2,0.5
powerful,3,2,5,0.4
#politics,1,1,2,0.5
club,5,1,6,0.16666666666666666
mock,1,1,2,0.5
6+,1,1,2,0.5
crush:,3,1,4,0.25
gov.,3,3,6,0.5
flooding,11,31,42,0.7380952380952381
fkn,1,2,3,0.6666666666666666
close,1,11,12,0.9166666666666666
satellite,1,7,8,0.875
olympic,1,3,4,0.75
whats,2,1,3,0.3333333333333333
confirmed,2,19,21,0.9047619047619048
facing,1,1,2,0.5
deep,8,4,12,0.3333333333333333
oral,2,1,3,0.3333333333333333
unconfirmed!,13,3,16,0.1875
drill,2,4,6,0.6666666666666666
free,26,9,35,0.2571428571428571
roanoke,1,2,3,0.6666666666666666
20,4,9,13,0.6923076923076923
calamity,1,3,4,0.75
peak,1,1,2,0.5
evacuate,14,24,38,0.631578947368421
looking,14,2,16,0.125
table,3,1,4,0.25
came,21,15,36,0.4166666666666667
walking,9,4,13,0.3076923076923077
thick,1,2,3,0.6666666666666666
remembering,2,3,5,0.6
uk,5,6,11,0.5454545454545454
kick,7,1,8,0.125
nah,5,2,7,0.2857142857142857
rip,6,2,8,0.25
fool,1,2,3,0.6666666666666666
miner,16,6,22,0.2727272727272727
iron,1,1,2,0.5
'people,2,1,3,0.3333333333333333
#apocalypse,2,1,3,0.3333333333333333
fan,33,9,42,0.21428571428571427
rn,5,2,7,0.2857142857142857
climate,7,9,16,0.5625
scared,11,5,16,0.3125
manager,4,1,5,0.2
felt,6,7,13,0.5384615384615384
moulding,1,1,2,0.5
wanna,30,5,35,0.14285714285714285
#greatbritishbakeoff,1,1,2,0.5
drawn,1,4,5,0.8
sr,1,1,2,0.5
township,1,7,8,0.875
silence.,1,1,2,0.5
emerges,1,1,2,0.5
accused,2,2,4,0.5
sep,1,1,2,0.5
cancel,3,3,6,0.5
niggas.,1,1,2,0.5
russian,5,12,17,0.7058823529411765
only,54,31,85,0.36470588235294116
even,51,20,71,0.28169014084507044
ferry,1,3,4,0.75
girl,35,11,46,0.2391304347826087
computer,19,5,24,0.20833333333333334
event,4,9,13,0.6923076923076923
mission,2,4,6,0.6666666666666666
patriot,1,1,2,0.5
democracy.,1,1,2,0.5
electrocute,26,1,27,0.037037037037037035
reshapes,1,2,3,0.6666666666666666
driven,3,1,4,0.25
counter,1,2,3,0.6666666666666666
strong,1,8,9,0.8888888888888888
@camilacabello97,1,1,2,0.5
applies,1,1,2,0.5
#,5,2,7,0.2857142857142857
dr,4,2,6,0.3333333333333333
http://t.co/vz1irh0nmm,1,1,2,0.5
harm/kid,2,1,3,0.3333333333333333
critical,2,1,3,0.3333333333333333
together,7,2,9,0.2222222222222222
bioterror,11,18,29,0.6206896551724138
support,12,13,25,0.52
literally,16,6,22,0.2727272727272727
bang,22,6,28,0.21428571428571427
:3,1,1,2,0.5
#flooding,1,3,4,0.75
what,120,65,185,0.35135135135135137
massacre,6,26,32,0.8125
highest,1,2,3,0.6666666666666666
them.,11,2,13,0.15384615384615385
hearing,4,5,9,0.5555555555555556
along,4,7,11,0.6363636363636364
http://t.co/pyehwodwun,1,1,2,0.5
using,4,8,12,0.6666666666666666
would,94,34,128,0.265625
russia,2,11,13,0.8461538461538461
3,55,26,81,0.32098765432098764
or,155,46,201,0.22885572139303484
radio:,1,1,2,0.5
album,13,1,14,0.07142857142857142
geyser,1,1,2,0.5
way.,4,2,6,0.3333333333333333
over,56,123,179,0.6871508379888268
3),2,1,3,0.3333333333333333
10,10,6,16,0.375
islam,1,1,2,0.5
sat,3,1,4,0.25
allegiance,1,1,2,0.5
wife,6,5,11,0.45454545454545453
electronic,4,1,5,0.2
t-shirt,1,1,2,0.5
us:,1,1,2,0.5
ave,4,10,14,0.7142857142857143
pledge,1,1,2,0.5
hit.,1,1,2,0.5
cut,5,9,14,0.6428571428571429
w/heavenly,5,1,6,0.16666666666666666
combo,9,1,10,0.1
rocky,1,10,11,0.9090909090909091
come,48,19,67,0.2835820895522388
him,36,15,51,0.29411764705882354
sense,8,4,12,0.3333333333333333
happily,1,1,2,0.5
campaign,2,1,3,0.3333333333333333
itself,4,1,5,0.2
failed,1,5,6,0.8333333333333334
corner,1,3,4,0.75
chevrolet,1,1,2,0.5
phone,26,6,32,0.1875
market,24,11,35,0.3142857142857143
8,8,18,26,0.6923076923076923
leather,20,1,21,0.047619047619047616
leg,3,2,5,0.4
cindy,1,1,2,0.5
pilot,1,11,12,0.9166666666666666
knee,3,3,6,0.5
president,3,7,10,0.7
gold,7,5,12,0.4166666666666667
rescuers.,1,1,2,0.5
weak,2,2,4,0.5
wow,6,4,10,0.4
abandon,2,1,3,0.3333333333333333
@po_st,2,1,3,0.3333333333333333
york,1,13,14,0.9285714285714286
india:,1,2,3,0.6666666666666666
#myfitnesspal,1,1,2,0.5
certificate,2,1,3,0.3333333333333333
calgary,4,23,27,0.8518518518518519
probe,1,3,4,0.75
unto,1,1,2,0.5
plane,4,31,35,0.8857142857142857
becomes,3,2,5,0.4
bicycle,1,1,2,0.5
safer,2,1,3,0.3333333333333333
transformation,2,1,3,0.3333333333333333
care,19,8,27,0.2962962962962963
rising,2,4,6,0.6666666666666666
wire,2,2,4,0.5
content,38,7,45,0.15555555555555556
#prebreak,17,13,30,0.43333333333333335
push,1,1,2,0.5
association,1,1,2,0.5
#emmerdale,8,1,9,0.1111111111111111
blog,3,2,5,0.4
#books,1,1,2,0.5
behalf,2,1,3,0.3333333333333333
read,40,15,55,0.2727272727272727
precious,1,1,2,0.5
sell,1,1,2,0.5
alabama,1,13,14,0.9285714285714286
host,3,1,4,0.25
wb,1,1,2,0.5
value,1,1,2,0.5
@kurtschlichter,1,2,3,0.6666666666666666
famine,9,22,31,0.7096774193548387
racist,2,2,4,0.5
choking,3,1,4,0.25
that?,2,1,3,0.3333333333333333
..,5,3,8,0.375
parking,3,1,4,0.25
#denver,2,2,4,0.5
double,8,3,11,0.2727272727272727
explosion,11,25,36,0.6944444444444444
warns,1,5,6,0.8333333333333334
widespread,1,2,3,0.6666666666666666
2008,2,1,3,0.3333333333333333
light,26,7,33,0.21212121212121213
griefûª,1,4,5,0.8
charged,5,34,39,0.8717948717948718
wake,12,15,27,0.5555555555555556
dress,2,2,4,0.5
tomorrow's,1,2,3,0.6666666666666666
typhoon,1,29,30,0.9666666666666667
high,23,16,39,0.41025641025641024
come.,1,1,2,0.5
parenthood,5,2,7,0.2857142857142857
dvd,1,1,2,0.5
ally,1,3,4,0.75
shouldn't,7,1,8,0.125
lrt,2,1,3,0.3333333333333333
#kerricktrial,3,2,5,0.4
hatchet,1,2,3,0.6666666666666666
landing,1,15,16,0.9375
follower,8,1,9,0.1111111111111111
gm,2,1,3,0.3333333333333333
spoke,1,1,2,0.5
foot,8,1,9,0.1111111111111111
fire.,5,17,22,0.7727272727272727
battle,26,6,32,0.1875
m.o.p.),3,2,5,0.4
golf,3,1,4,0.25
scotland,2,1,3,0.3333333333333333
2015,12,19,31,0.6129032258064516
apple,2,1,3,0.3333333333333333
@barackobama,2,1,3,0.3333333333333333
extender,1,1,2,0.5
8-pin,1,1,2,0.5
summer?,1,1,2,0.5
them,60,25,85,0.29411764705882354
cafe,1,1,2,0.5
activity,4,2,6,0.3333333333333333
fall,35,16,51,0.3137254901960784
cross,44,6,50,0.12
study,1,2,3,0.6666666666666666
trouble.,1,1,2,0.5
shit,33,16,49,0.32653061224489793
petition,9,2,11,0.18181818181818182
her,92,32,124,0.25806451612903225
vehicle.,1,1,2,0.5
progress,3,2,5,0.4
fucked.,1,1,2,0.5
humanity,2,4,6,0.6666666666666666
photographer,2,1,3,0.3333333333333333
#fun,1,1,2,0.5
wanted,12,5,17,0.29411764705882354
japanese,4,10,14,0.7142857142857143
kosciusko,1,1,2,0.5
malaysia,1,46,47,0.9787234042553191
factory,2,2,4,0.5
lesbian,1,2,3,0.6666666666666666
answer,9,4,13,0.3076923076923077
lived,1,2,3,0.6666666666666666
i'll,26,8,34,0.23529411764705882
really,51,16,67,0.23880597014925373
especially,3,3,6,0.5
tattoo,1,1,2,0.5
crashing,2,1,3,0.3333333333333333
download,13,3,16,0.1875
promise,6,2,8,0.25
there,89,54,143,0.3776223776223776
chicago,3,7,10,0.7
book,24,1,25,0.04
site:,1,1,2,0.5
seat,6,1,7,0.14285714285714285
female,3,3,6,0.5
ocean,3,8,11,0.7272727272727273
hunter,2,3,5,0.6
to...,3,1,4,0.25
newest,4,2,6,0.3333333333333333
cr,1,1,2,0.5
curfew,28,3,31,0.0967741935483871
highway,1,5,6,0.8333333333333334
happening,4,6,10,0.6
mile,5,10,15,0.6666666666666666
hysteria,1,1,2,0.5
damage,17,29,46,0.6304347826086957
blvd,1,6,7,0.8571428571428571
liberty,1,1,2,0.5
2011,5,3,8,0.375
fleet,8,2,10,0.2
seeing,13,2,15,0.13333333333333333
flew,2,3,5,0.6
feminist,8,1,9,0.1111111111111111
didn't,16,8,24,0.3333333333333333
destroying,2,1,3,0.3333333333333333
in.,8,2,10,0.2
shipping,2,3,5,0.6
jail,1,1,2,0.5
forgive,1,1,2,0.5
dem,1,2,3,0.6666666666666666
d...,1,2,3,0.6666666666666666
godslove,2,1,3,0.3333333333333333
again!,1,3,4,0.75
dryer,1,1,2,0.5
1st,6,4,10,0.4
everyone's,3,1,4,0.25
watched,6,1,7,0.14285714285714285
officially,5,1,6,0.16666666666666666
cameroon,1,11,12,0.9166666666666666
safely,1,1,2,0.5
society,3,1,4,0.25
reactor,12,12,24,0.5
attack,27,55,82,0.6707317073170732
transport,9,14,23,0.6086956521739131
taken,9,10,19,0.5263157894736842
2016,1,1,2,0.5
recommended,1,1,2,0.5
vehicle,6,15,21,0.7142857142857143
long-term,1,1,2,0.5
#allah,3,2,5,0.4
huge,8,12,20,0.6
drowned,16,12,28,0.42857142857142855
http://t.co/9nwajli9cr,1,2,3,0.6666666666666666
#michelebachman,1,1,2,0.5
#undergroundrailraod,1,1,2,0.5
sad,3,6,9,0.6666666666666666
rescuer,1,34,35,0.9714285714285714
hoping,2,1,3,0.3333333333333333
tank,4,4,8,0.5
set,25,24,49,0.4897959183673469
emergency,75,66,141,0.46808510638297873
bowl,4,1,5,0.2
many,51,32,83,0.3855421686746988
o,6,1,7,0.14285714285714285
hostage,14,39,53,0.7358490566037735
helping,5,7,12,0.5833333333333334
@abcnews,1,1,2,0.5
finally,21,2,23,0.08695652173913043
cash,1,1,2,0.5
women!,2,1,3,0.3333333333333333
they've,2,3,5,0.6
olap,1,2,3,0.6666666666666666
cutting,1,2,3,0.6666666666666666
#tigers,1,1,2,0.5
thrown,1,1,2,0.5
flush,1,1,2,0.5
angeles,1,2,3,0.6666666666666666
brother,12,4,16,0.25
er,1,2,3,0.6666666666666666
federal,1,2,3,0.6666666666666666
#royals,1,1,2,0.5
living,4,8,12,0.6666666666666666
wood,3,2,5,0.4
melt,1,3,4,0.75
failure,12,24,36,0.6666666666666666
fixed,1,1,2,0.5
shake,3,1,4,0.25
hour,24,11,35,0.3142857142857143
landscape,2,1,3,0.3333333333333333
tired,6,1,7,0.14285714285714285
hurricane,13,23,36,0.6388888888888888
owner,10,6,16,0.375
@,18,9,27,0.3333333333333333
tornado!,1,1,2,0.5
#ebola,1,2,3,0.6666666666666666
likely,13,2,15,0.13333333333333333
ice,8,1,9,0.1111111111111111
#mlb,1,2,3,0.6666666666666666
did,58,21,79,0.26582278481012656
detonation,6,4,10,0.4
email,1,1,2,0.5
played,8,4,12,0.3333333333333333
nh,2,1,3,0.3333333333333333
@abu_baraa1,1,1,2,0.5
welfare,1,2,3,0.6666666666666666
win,17,4,21,0.19047619047619047
will,177,77,254,0.3031496062992126
charity.',4,2,6,0.3333333333333333
situation,1,7,8,0.875
@teamstream,1,1,2,0.5
amid,2,21,23,0.9130434782608695
action,7,17,24,0.7083333333333334
odds,1,1,2,0.5
cannot,6,5,11,0.45454545454545453
#iphone,2,3,5,0.6
hiroshima,1,60,61,0.9836065573770492
mariah,1,1,2,0.5
stream,5,3,8,0.375
houston,1,1,2,0.5
anymore.,2,1,3,0.3333333333333333
drought,3,20,23,0.8695652173913043
multidimensi,1,1,2,0.5
everytime,1,1,2,0.5
#southdowns,1,1,2,0.5
london,7,6,13,0.46153846153846156
@un,2,1,3,0.3333333333333333
pretend,1,1,2,0.5
anniversary,2,33,35,0.9428571428571428
#bioterror,1,2,3,0.6666666666666666
twia,1,1,2,0.5
remain,2,3,5,0.6
sandstorm,7,27,34,0.7941176470588235
leak,2,2,4,0.5
voter,3,1,4,0.25
us,4,1,5,0.2
ohio,1,1,2,0.5
daughter,4,4,8,0.5
copycat,1,4,5,0.8
entered,3,1,4,0.25
estimate,1,8,9,0.8888888888888888
week,21,9,30,0.3
--&gt;,1,2,3,0.6666666666666666
mourns,1,1,2,0.5
#irandeal,4,4,8,0.5
happened,8,10,18,0.5555555555555556
1970,1,1,2,0.5
gem,14,6,20,0.3
#chernobyl,1,1,2,0.5
http://t.co/cybksxhf7d,2,3,5,0.6
forever,5,3,8,0.375
pile,1,1,2,0.5
hazardous,14,20,34,0.5882352941176471
#9,1,2,3,0.6666666666666666
western,3,10,13,0.7692307692307693
conflict,2,4,6,0.6666666666666666
walmart,1,3,4,0.75
dare,4,1,5,0.2
eat,6,1,7,0.14285714285714285
announcement,3,1,4,0.25
loss,5,8,13,0.6153846153846154
child?!,1,1,2,0.5
dollar,5,3,8,0.375
entire,14,6,20,0.3
gabon,1,1,2,0.5
information,6,7,13,0.5384615384615384
battleship,2,1,3,0.3333333333333333
vs.,3,1,4,0.25
raider,1,1,2,0.5
earnings,1,1,2,0.5
required,2,1,3,0.3333333333333333
wo,1,1,2,0.5
break,10,6,16,0.375
8%,1,1,2,0.5
sea,6,8,14,0.5714285714285714
number,8,9,17,0.5294117647058824
bruise,1,1,2,0.5
won,6,1,7,0.14285714285714285
#avalanche,1,2,3,0.6666666666666666
trace,1,1,2,0.5
canada:,1,2,3,0.6666666666666666
heart,27,11,38,0.2894736842105263
#funny,1,1,2,0.5
police,32,94,126,0.746031746031746
pain,12,2,14,0.14285714285714285
destroyed,25,11,36,0.3055555555555556
rescue,15,20,35,0.5714285714285714
lightning,18,22,40,0.55
earth?,1,1,2,0.5
aircraft,1,22,23,0.9565217391304348
hooligan,1,1,2,0.5
you'll,10,2,12,0.16666666666666666
ûïa,2,2,4,0.5
afraid,2,3,5,0.6
she,44,14,58,0.2413793103448276
refugee,5,23,28,0.8214285714285714
home.,2,2,4,0.5
chase,3,1,4,0.25
1980,2,8,10,0.8
setting,4,7,11,0.6363636363636364
@refugees,2,1,3,0.3333333333333333
replacing,3,1,4,0.25
dm,1,1,2,0.5
atlantic,1,1,2,0.5
policy,23,4,27,0.14814814814814814
wounded,10,34,44,0.7727272727272727
wind,17,28,45,0.6222222222222222
behind,10,7,17,0.4117647058823529
jax,1,1,2,0.5
naved,1,3,4,0.75
runner,1,2,3,0.6666666666666666
tonight.,5,7,12,0.5833333333333334
sorrow,2,1,3,0.3333333333333333
spot,18,4,22,0.18181818181818182
we've,1,6,7,0.8571428571428571
radio,11,2,13,0.15384615384615385
hunters.,1,1,2,0.5
both,16,8,24,0.3333333333333333
window,7,4,11,0.36363636363636365
politics,1,2,3,0.6666666666666666
imported,1,2,3,0.6666666666666666
upper,3,2,5,0.4
suck,3,1,4,0.25
drug,5,4,9,0.4444444444444444
excellent,3,1,4,0.25
speak,1,1,2,0.5
toxic,1,1,2,0.5
expect,3,10,13,0.7692307692307693
blog:,1,1,2,0.5
caused,4,27,31,0.8709677419354839
shop,1,4,5,0.8
transit,2,2,4,0.5
hell,17,6,23,0.2608695652173913
annihilated,19,6,25,0.24
rider,1,3,4,0.75
short,7,5,12,0.4166666666666667
yourselves,1,1,2,0.5
impending,1,1,2,0.5
die,12,7,19,0.3684210526315789
radar,1,4,5,0.8
disaster',2,1,3,0.3333333333333333
game,33,8,41,0.1951219512195122
film,12,6,18,0.3333333333333333
crater,2,2,4,0.5
moment:,1,1,2,0.5
safe,3,2,5,0.4
(and,2,2,4,0.5
describes,2,1,3,0.3333333333333333
ghost,1,1,2,0.5
boeing,1,2,3,0.6666666666666666
murderer's,1,1,2,0.5
jean,1,3,4,0.75
various,1,1,2,0.5
featured,1,1,2,0.5
@bluejays,1,1,2,0.5
û÷extremely,3,1,4,0.25
ed,2,1,3,0.3333333333333333
bird,2,2,4,0.5
call,23,19,42,0.4523809523809524
tonight?,2,1,3,0.3333333333333333
2009,1,1,2,0.5
calling,3,5,8,0.625
water,14,28,42,0.6666666666666666
avenue,1,1,2,0.5
revealed,1,2,3,0.6666666666666666
ep...,1,1,2,0.5
sensor,8,1,9,0.1111111111111111
listen,13,3,16,0.1875
recall,2,6,8,0.75
deluge.,2,1,3,0.3333333333333333
ian,2,2,4,0.5
prince,1,2,3,0.6666666666666666
further,1,3,4,0.75
disaster.,7,3,10,0.3
defend,2,1,3,0.3333333333333333
6th,1,1,2,0.5
american,8,19,27,0.7037037037037037
19,4,1,5,0.2
space,17,3,20,0.15
deliver,1,2,3,0.6666666666666666
+,24,7,31,0.22580645161290322
wounds;,1,1,2,0.5
û÷politics,1,4,5,0.8
2.0,8,1,9,0.1111111111111111
forgiven,2,1,3,0.3333333333333333
@youtube,65,18,83,0.21686746987951808
ahead,8,5,13,0.38461538461538464
#frontpage:,1,2,3,0.6666666666666666
go,86,32,118,0.2711864406779661
stretcher,14,2,16,0.125
movie,30,18,48,0.375
blow,4,6,10,0.6
empty,1,2,3,0.6666666666666666
sport,9,4,13,0.3076923076923077
couple,12,9,21,0.42857142857142855
terror,1,13,14,0.9285714285714286
threw,2,1,3,0.3333333333333333
crisis,1,20,21,0.9523809523809523
possible,6,22,28,0.7857142857142857
wave.,1,1,2,0.5
down,40,39,79,0.4936708860759494
approves,1,1,2,0.5
it.,29,8,37,0.21621621621621623
#pdx911,1,1,2,0.5
@nytimes,1,2,3,0.6666666666666666
3g,4,3,7,0.42857142857142855
destruction.,1,1,2,0.5
buffer,1,1,2,0.5
'save,5,2,7,0.2857142857142857
wit,3,1,4,0.25
i,1052,284,1336,0.2125748502994012
day.,5,1,6,0.16666666666666666
sunni,1,1,2,0.5
chance,14,6,20,0.3
thought,26,9,35,0.2571428571428571
demand,1,4,5,0.8
c-130,1,10,11,0.9090909090909091
match,9,4,13,0.3076923076923077
know,83,26,109,0.23853211009174313
example,4,1,5,0.2
curved,6,1,7,0.14285714285714285
band,5,2,7,0.2857142857142857
r,14,1,15,0.06666666666666667
mod,9,4,13,0.3076923076923077
stay,20,8,28,0.2857142857142857
declined,1,2,3,0.6666666666666666
poverty,3,2,5,0.4
ship,21,10,31,0.3225806451612903
gotten,5,1,6,0.16666666666666666
maj,1,2,3,0.6666666666666666
slowly,2,1,3,0.3333333333333333
horse...,5,3,8,0.375
pû_,1,1,2,0.5
sitting,8,3,11,0.2727272727272727
early,3,11,14,0.7857142857142857
moved,4,2,6,0.3333333333333333
#thanku,2,1,3,0.3333333333333333
truly,1,4,5,0.8
ready,8,8,16,0.5
holland,3,1,4,0.25
restore,4,1,5,0.2
audio,3,2,5,0.4
-a,1,1,2,0.5
australia's,1,4,5,0.8
colour,9,1,10,0.1
loose,5,3,8,0.375
2015],12,5,17,0.29411764705882354
they'll,4,1,5,0.2
three,6,19,25,0.76
use,16,13,29,0.4482758620689655
pepper,2,2,4,0.5
bit,6,5,11,0.45454545454545453
stepped,2,1,3,0.3333333333333333
spill,1,41,42,0.9761904761904762
bombed,16,14,30,0.4666666666666667
this.,4,1,5,0.2
blue,14,4,18,0.2222222222222222
sketch,1,1,2,0.5
!,12,6,18,0.3333333333333333
besides,2,1,3,0.3333333333333333
destruction,25,10,35,0.2857142857142857
back,76,33,109,0.30275229357798167
context,1,2,3,0.6666666666666666
buddha,1,1,2,0.5
wall,5,9,14,0.6428571428571429
hailstorm,2,11,13,0.8461538461538461
ppl,9,7,16,0.4375
mr,2,3,5,0.6
demolish,26,4,30,0.13333333333333333
volcano,7,22,29,0.7586206896551724
http://t.co/zujwuiomb3,3,1,4,0.25
rt,41,41,82,0.5
goal,4,1,5,0.2
4th,1,1,2,0.5
weird.,2,1,3,0.3333333333333333
henry,1,1,2,0.5
cyclone,7,18,25,0.72
concern,4,4,8,0.5
won...,1,1,2,0.5
blaze,12,6,18,0.3333333333333333
idea,14,4,18,0.2222222222222222
star,18,5,23,0.21739130434782608
obliterated.,1,2,3,0.6666666666666666
fragile,1,1,2,0.5
horror,3,7,10,0.7
tribune,1,2,3,0.6666666666666666
massive,3,4,7,0.5714285714285714
said,30,26,56,0.4642857142857143
wheel,1,1,2,0.5
1m,1,1,2,0.5
john,3,3,6,0.5
fun,19,2,21,0.09523809523809523
anxious,1,2,3,0.6666666666666666
caution,1,1,2,0.5
studio,1,1,2,0.5
exposed,1,1,2,0.5
made,29,10,39,0.2564102564102564
ill,3,1,4,0.25
cnn,1,3,4,0.75
busy,1,1,2,0.5
@sweet2young,1,1,2,0.5
environmental,2,1,3,0.3333333333333333
text,10,1,11,0.09090909090909091
charlie,3,1,4,0.25
sorry,14,2,16,0.125
slide,2,2,4,0.5
weekend,10,2,12,0.16666666666666666
mudslide',2,2,4,0.5
vital,1,1,2,0.5
contain,1,1,2,0.5
abandoned,2,7,9,0.7777777777777778
nude,2,1,3,0.3333333333333333
mind,9,1,10,0.1
@rexyy,3,1,4,0.25
swallowed,1,24,25,0.96
breaking:,2,5,7,0.7142857142857143
former,5,12,17,0.7058823529411765
reunion,1,31,32,0.96875
unprecedented,1,1,2,0.5
gunshot,2,1,3,0.3333333333333333
pregnant,3,1,4,0.25
later,3,6,9,0.6666666666666666
angry,11,7,18,0.3888888888888889
camping,1,1,2,0.5
#afterlife,4,1,5,0.2
#california,1,4,5,0.8
warship,3,5,8,0.625
chair,2,1,3,0.3333333333333333
follow,10,2,12,0.16666666666666666
trap,4,1,5,0.2
update,10,13,23,0.5652173913043478
terrorism!,1,1,2,0.5
shouting,1,1,2,0.5
disappearance,2,1,3,0.3333333333333333
license,1,1,2,0.5
food.,1,1,2,0.5
church,3,4,7,0.5714285714285714
shook,2,1,3,0.3333333333333333
pizza,1,2,3,0.6666666666666666
iraq,1,4,5,0.8
sadly,4,3,7,0.42857142857142855
||,1,1,2,0.5
unlocking,1,3,4,0.75
exchange,1,5,6,0.8333333333333334
training,4,3,7,0.42857142857142855
chief,5,3,8,0.375
end,27,17,44,0.38636363636363635
throwing,3,2,5,0.4
bomb.,3,3,6,0.5
twice,6,2,8,0.25
attempt,2,1,3,0.3333333333333333
test,7,4,11,0.36363636363636365
12,9,4,13,0.3076923076923077
#quote,4,1,5,0.2
missing,5,35,40,0.875
mail,3,2,5,0.4
invited,1,1,2,0.5
64,1,1,2,0.5
swarm,1,2,3,0.6666666666666666
year,53,73,126,0.5793650793650794
sentinel,1,4,5,0.8
puncture,1,1,2,0.5
fast,13,7,20,0.35
evacuated,3,26,29,0.896551724137931
started,10,5,15,0.3333333333333333
trump,7,3,10,0.3
cladding,2,1,3,0.3333333333333333
96,1,1,2,0.5
blown,27,6,33,0.18181818181818182
do?,2,1,3,0.3333333333333333
realise,4,3,7,0.42857142857142855
los,2,2,4,0.5
fatality,27,30,57,0.5263157894736842
attendance,2,1,3,0.3333333333333333
omar's,1,1,2,0.5
but,216,95,311,0.3054662379421222
strip,1,1,2,0.5
dad,9,4,13,0.3076923076923077
most,34,18,52,0.34615384615384615
vulnerable,1,2,3,0.6666666666666666
cabin,1,3,4,0.75
jamaica,1,3,4,0.75
wom...,2,1,3,0.3333333333333333
sorry.,2,1,3,0.3333333333333333
apocalyptic,2,2,4,0.5
fedex,12,19,31,0.6129032258064516
ûïyou,1,1,2,0.5
simulate,1,4,5,0.8
snd,1,1,2,0.5
different,9,4,13,0.3076923076923077
casualties.,2,5,7,0.7142857142857143
#winter,2,1,3,0.3333333333333333
reddit's,16,2,18,0.1111111111111111
deadly,2,7,9,0.7777777777777778
af,4,1,5,0.2
chinese,1,5,6,0.8333333333333334
impact,5,1,6,0.16666666666666666
crash.,2,2,4,0.5
#scwx,1,1,2,0.5
outdoor,2,2,4,0.5
work,49,17,66,0.25757575757575757
desolate:,1,1,2,0.5
dakota,1,1,2,0.5
?,26,11,37,0.2972972972972973
#rt,7,2,9,0.2222222222222222
boundary,2,2,4,0.5
honestly,6,3,9,0.3333333333333333
maker,1,1,2,0.5
native,1,1,2,0.5
try,16,4,20,0.2
'without,1,1,2,0.5
special,7,3,10,0.3
tote,16,1,17,0.058823529411764705
https://t.co/rqwuoy1fm4,1,3,4,0.75
authority,1,5,6,0.8333333333333334
one.,4,1,5,0.2
map,6,5,11,0.45454545454545453
till,10,8,18,0.4444444444444444
lab,9,20,29,0.6896551724137931
knew,5,2,7,0.2857142857142857
fortunately,1,1,2,0.5
'protest',1,2,3,0.6666666666666666
exist,1,2,3,0.6666666666666666
box.,1,1,2,0.5
escaping,1,1,2,0.5
boot,3,2,5,0.4
memory,4,19,23,0.8260869565217391
lose,7,2,9,0.2222222222222222
gain,2,1,3,0.3333333333333333
had,62,46,108,0.42592592592592593
moved.,1,1,2,0.5
logic,2,1,3,0.3333333333333333
without,37,12,49,0.24489795918367346
afghan,1,5,6,0.8333333333333334
economy,5,2,7,0.2857142857142857
making,21,7,28,0.25
inundation,6,1,7,0.14285714285714285
military,27,17,44,0.38636363636363635
batter,2,2,4,0.5
forest,9,45,54,0.8333333333333334
esp.,1,2,3,0.6666666666666666
come...,1,1,2,0.5
alarm,4,9,13,0.6923076923076923
done.,2,2,4,0.5
piling,4,1,5,0.2
.potus,1,4,5,0.8
failure:,1,2,3,0.6666666666666666
past,13,9,22,0.4090909090909091
insane,2,2,4,0.5
defeat,1,1,2,0.5
drive,8,11,19,0.5789473684210527
held,4,4,8,0.5
proud,1,1,2,0.5
forbid,1,1,2,0.5
apparently,5,2,7,0.2857142857142857
grenade,1,5,6,0.8333333333333334
tha,1,1,2,0.5
needed,2,4,6,0.6666666666666666
asia,1,2,3,0.6666666666666666
meant,3,1,4,0.25
@amazon,1,1,2,0.5
(peace,4,2,6,0.3333333333333333
fix,4,2,6,0.3333333333333333
north,4,22,26,0.8461538461538461
#sinkhole,1,1,2,0.5
being,49,39,88,0.4431818181818182
el,3,7,10,0.7
armageddon,20,1,21,0.047619047619047616
interlaken,1,1,2,0.5
expose,1,1,2,0.5
outlook,2,7,9,0.7777777777777778
secret,21,3,24,0.125
customer,2,1,3,0.3333333333333333
ignition,15,5,20,0.25
stopped,5,4,9,0.4444444444444444
connection,1,1,2,0.5
schedule.,1,1,2,0.5
daniel,1,1,2,0.5
youth,4,17,21,0.8095238095238095
vinyl,5,1,6,0.16666666666666666
certainly,2,1,3,0.3333333333333333
flip,2,1,3,0.3333333333333333
mega,2,1,3,0.3333333333333333
deal,19,10,29,0.3448275862068966
#protectdenaliwolves,1,1,2,0.5
final,5,3,8,0.375
mac,6,1,7,0.14285714285714285
very,17,14,31,0.45161290322580644
biker,1,3,4,0.75
tornado,10,25,35,0.7142857142857143
mmmmmm,1,1,2,0.5
working,10,6,16,0.375
june,1,1,2,0.5
all!,2,1,3,0.3333333333333333
mayhem!,1,1,2,0.5
gotta,8,3,11,0.2727272727272727
elite,2,1,3,0.3333333333333333
patience,6,10,16,0.625
nw,3,10,13,0.7692307692307693
oooooohhhh,1,1,2,0.5
fail,3,1,4,0.25
continue,2,7,9,0.7777777777777778
autobiography,1,1,2,0.5
cook,8,1,9,0.1111111111111111
mining,5,1,6,0.16666666666666666
reason,23,8,31,0.25806451612903225
certain,3,3,6,0.5
horn,1,1,2,0.5
peace,8,11,19,0.5789473684210527
aftershock,9,1,10,0.1
her.,4,2,6,0.3333333333333333
radiation,3,5,8,0.625
2nd,2,8,10,0.8
then,56,18,74,0.24324324324324326
national,16,20,36,0.5555555555555556
australian,3,3,6,0.5
#video,2,2,4,0.5
root,6,1,7,0.14285714285714285
base,1,2,3,0.6666666666666666
small,7,6,13,0.46153846153846156
stock,29,7,36,0.19444444444444445
if,177,57,234,0.24358974358974358
core,1,1,2,0.5
cargo,2,1,3,0.3333333333333333
crack,5,1,6,0.16666666666666666
town,7,12,19,0.631578947368421
caution:,1,1,2,0.5
minion,1,1,2,0.5
drum,2,1,3,0.3333333333333333
chief's,1,2,3,0.6666666666666666
headquarters,1,1,2,0.5
insight,1,1,2,0.5
desolation,25,3,28,0.10714285714285714
johnson,2,1,3,0.3333333333333333
deluged,18,6,24,0.25
yet.,5,1,6,0.16666666666666666
http://t.co/xssgedsbh4,1,1,2,0.5
hosting,2,2,4,0.5
thunderstorm,6,42,48,0.875
#nowplaying,20,1,21,0.047619047619047616
faux,12,1,13,0.07692307692307693
st.,1,2,3,0.6666666666666666
2pm,2,2,4,0.5
terrible,4,3,7,0.42857142857142855
danger.,4,1,5,0.2
took,8,5,13,0.38461538461538464
traditional,2,3,5,0.6
dreaming,1,1,2,0.5
treatment,1,2,3,0.6666666666666666
#god,3,4,7,0.5714285714285714
with...,1,1,2,0.5
bay.,1,1,2,0.5
2pcs,3,1,4,0.25
ink,3,1,4,0.25
injured,7,38,45,0.8444444444444444
older,1,2,3,0.6666666666666666
everywhere,4,4,8,0.5
himself,6,2,8,0.25
rather,10,2,12,0.16666666666666666
starring...,3,2,5,0.4
sponsor,1,1,2,0.5
meek.,1,2,3,0.6666666666666666
dating,1,1,2,0.5
loud,31,11,42,0.2619047619047619
socialism,2,1,3,0.3333333333333333
blast,16,18,34,0.5294117647058824
warrior,1,1,2,0.5
safety,5,8,13,0.6153846153846154
dorret's,2,1,3,0.3333333333333333
baby,25,13,38,0.34210526315789475
recorded,2,1,3,0.3333333333333333
wow.,3,2,5,0.4
val,3,1,4,0.25
@timkaine,1,1,2,0.5
blizzard,15,2,17,0.11764705882352941
emotion,4,1,5,0.2
emergency...,1,1,2,0.5
camp,8,11,19,0.5789473684210527
is.,3,1,4,0.25
system,5,5,10,0.5
french,1,9,10,0.9
delta,1,1,2,0.5
bmw,1,1,2,0.5
solid,2,1,3,0.3333333333333333
50,7,11,18,0.6111111111111112
banned,18,3,21,0.14285714285714285
lady,26,5,31,0.16129032258064516
trent,3,8,11,0.7272727272727273
hat,16,5,21,0.23809523809523808
lasting,1,1,2,0.5
always,34,10,44,0.22727272727272727
plan.,2,2,4,0.5
virgil,1,2,3,0.6666666666666666
#paramedic,1,1,2,0.5
#ibooklove,1,2,3,0.6666666666666666
memorial,2,3,5,0.6
'demolish,1,1,2,0.5
mishap,5,13,18,0.7222222222222222
!!!,5,1,6,0.16666666666666666
mohammed,1,1,2,0.5
ha...,1,1,2,0.5
reality,1,4,5,0.8
hate,15,5,20,0.25
blazing,26,2,28,0.07142857142857142
philly,1,3,4,0.75
dear,4,1,5,0.2
four,7,10,17,0.5882352941176471
insurance,8,6,14,0.42857142857142855
ambulance,15,24,39,0.6153846153846154
gordon,1,1,2,0.5
#offers2go,1,2,3,0.6666666666666666
spider,4,1,5,0.2
million,4,13,17,0.7647058823529411
donald,1,2,3,0.6666666666666666
sick,6,7,13,0.5384615384615384
avoid,4,6,10,0.6
inferno,1,1,2,0.5
shit.,2,3,5,0.6
health,12,6,18,0.3333333333333333
evidence,2,2,4,0.5
involved,1,3,4,0.75
blight,18,2,20,0.1
p.o.p.e.,1,1,2,0.5
haven't,11,2,13,0.15384615384615385
among,6,4,10,0.4
snap,4,2,6,0.3333333333333333
follows,1,3,4,0.75
plummeted,1,1,2,0.5
box,4,4,8,0.5
kinda,8,3,11,0.2727272727272727
house.,2,1,3,0.3333333333333333
india,2,12,14,0.8571428571428571
red-light,1,3,4,0.75
trip,6,2,8,0.25
tin,1,1,2,0.5
earthquake,3,27,30,0.9
mineral's,1,1,2,0.5
line,7,18,25,0.72
&gt;,7,3,10,0.3
next?,2,1,3,0.3333333333333333
#til_now,1,2,3,0.6666666666666666
1000,1,3,4,0.75
wale,1,1,2,0.5
clinton,4,1,5,0.2
trouble,23,4,27,0.14814814814814814
ûïthe,3,1,4,0.25
#gop,1,2,3,0.6666666666666666
possible.,1,1,2,0.5
tho,7,3,10,0.3
led,15,2,17,0.11764705882352941
seven,4,3,7,0.42857142857142855
bleeding,26,4,30,0.13333333333333333
dame,1,1,2,0.5
#radio,3,1,4,0.25
version,11,2,13,0.15384615384615385
document,2,6,8,0.75
extensive,1,1,2,0.5
tide,3,2,5,0.4
scheme,4,1,5,0.2
publicizing,1,1,2,0.5
up?,1,1,2,0.5
pickup,1,1,2,0.5
yes,16,4,20,0.2
s,7,25,32,0.78125
account,8,7,15,0.4666666666666667
http://t.co/ydetwgribk,1,1,2,0.5
corp.,1,1,2,0.5
anymore,3,3,6,0.5
international,8,3,11,0.2727272727272727
cia,3,1,4,0.25
interesting.,2,1,3,0.3333333333333333
vip,2,1,3,0.3333333333333333
snowstorm,11,7,18,0.3888888888888889
cause,27,29,56,0.5178571428571429
forecast,1,5,6,0.8333333333333334
jacksonville,2,3,5,0.6
towards,1,4,5,0.8
active,4,1,5,0.2
never-ending,1,1,2,0.5
17:52:25,1,1,2,0.5
put,31,7,38,0.18421052631578946
beginner,2,1,3,0.3333333333333333
2,78,67,145,0.46206896551724136
city.,1,1,2,0.5
delivers,9,5,14,0.35714285714285715
track,7,8,15,0.5333333333333333
rock,10,11,21,0.5238095238095238
300,2,3,5,0.6
:(,6,2,8,0.25
mentally,2,1,3,0.3333333333333333
extends,1,2,3,0.6666666666666666
opposite,2,2,4,0.5
del,1,1,2,0.5
alone,12,4,16,0.25
go.,2,1,3,0.3333333333333333
force,6,10,16,0.625
explode,25,2,27,0.07407407407407407
tear,8,3,11,0.2727272727272727
ask,7,2,9,0.2222222222222222
formation,1,1,2,0.5
greenway,1,1,2,0.5
utter,2,2,4,0.5
aussie,5,2,7,0.2857142857142857
couldn't,3,1,4,0.25
ear,5,1,6,0.16666666666666666
backyard,2,2,4,0.5
#drought,1,5,6,0.8333333333333334
'you,5,1,6,0.16666666666666666
recover,2,2,4,0.5
until,24,19,43,0.4418604651162791
panic!,6,1,7,0.14285714285714285
seen,15,5,20,0.25
#freespeech,1,1,2,0.5
rob,3,1,4,0.25
ooh...,1,1,2,0.5
med,2,6,8,0.75
lunch,2,1,3,0.3333333333333333
build,9,3,12,0.25
across,7,13,20,0.65
chemical,14,16,30,0.5333333333333333
they'd,3,1,4,0.25
ar,2,3,5,0.6
collapsed.,2,2,4,0.5
combined,4,1,5,0.2
arsonist,12,6,18,0.3333333333333333
shift,7,9,16,0.5625
shadow,2,5,7,0.7142857142857143
reû_,25,2,27,0.07407407407407407
release,12,5,17,0.29411764705882354
#û_,2,4,6,0.6666666666666666
improve,1,1,2,0.5
#farrakhan,2,1,3,0.3333333333333333
fourth,1,1,2,0.5
